0.00000000 0.00000000 0.00000000
0.00019077 0.00024831 0.00026157
0.00063461 0.00087064 0.00092705
0.00126358 0.00182192 0.00196005
0.00204134 0.00308485 0.00335177
0.00294185 0.00464987 0.00510116
0.00394442 0.00651110 0.00721106
0.00503169 0.00866477 0.00968670
0.00618851 0.01110844 0.01253504
0.00740142 0.01384057 0.01576430
0.00865822 0.01686026 0.01938384
0.00994766 0.02016707 0.02340395
0.01125933 0.02376092 0.02783582
0.01258350 0.02764199 0.03269141
0.01391097 0.03181065 0.03798357
0.01523314 0.03626741 0.04359775
0.01654187 0.04100118 0.04920422
0.01782945 0.04574650 0.05480556
0.01908855 0.05044639 0.06040690
0.02031224 0.05510441 0.06601283
0.02149386 0.05972361 0.07162752
0.02262701 0.06430671 0.07725488
0.02370605 0.06885596 0.08289817
0.02472548 0.07337337 0.08856054
0.02567977 0.07786080 0.09424518
0.02656427 0.08231975 0.09995469
0.02737474 0.08675154 0.10569150
0.02810641 0.09115746 0.11145843
0.02875623 0.09553843 0.11725734
0.02932044 0.09989540 0.12309063
0.02979633 0.10422912 0.12896020
0.03018127 0.10854024 0.13486808
0.03047338 0.11282931 0.14081598
0.03067077 0.11709679 0.14680582
0.03077294 0.12134300 0.15283893
0.03077840 0.12556831 0.15891737
0.03068789 0.12977284 0.16504219
0.03050193 0.13395672 0.17121482
0.03022082 0.13812009 0.17743699
0.02984702 0.14226289 0.18370957
0.02938280 0.14638507 0.19003378
0.02883114 0.15048652 0.19641073
0.02819537 0.15456709 0.20284163
0.02748016 0.15862656 0.20932729
0.02669076 0.16266465 0.21586855
0.02583308 0.16668105 0.22246619
0.02491384 0.17067541 0.22912091
0.02394058 0.17464735 0.23583332
0.02292170 0.17859643 0.24260396
0.02186647 0.18252219 0.24943325
0.02078507 0.18642413 0.25632151
0.01968859 0.19030172 0.26326898
0.01858904 0.19415442 0.27027579
0.01749939 0.19798164 0.27734197
0.01643335 0.20178277 0.28446755
0.01540584 0.20555721 0.29165234
0.01443291 0.20930429 0.29889595
0.01353142 0.21302338 0.30619796
0.01271909 0.21671380 0.31355792
0.01201441 0.22037488 0.32097539
0.01143762 0.22400593 0.32844934
0.01100939 0.22760628 0.33597897
0.01075097 0.23117523 0.34356357
0.01068555 0.23471211 0.35120169
0.01083628 0.23821624 0.35889238
0.01122776 0.24168696 0.36663419
0.01188527 0.24512361 0.37442569
0.01283482 0.24852555 0.38226540
0.01410346 0.25189217 0.39015153
0.01571873 0.25522287 0.39808243
0.01770909 0.25851707 0.40605612
0.02010359 0.26177422 0.41407061
0.02293179 0.26499381 0.42212391
0.02622411 0.26817536 0.43021361
0.03001110 0.27131839 0.43833771
0.03432415 0.27442253 0.44649361
0.03919489 0.27748739 0.45467885
0.04446566 0.28051261 0.46289108
0.04990117 0.28349794 0.47112747
0.05549452 0.28644313 0.47938534
0.06123158 0.28934796 0.48766207
0.06710034 0.29221229 0.49595474
0.07309044 0.29503604 0.50426042
0.07919292 0.29781915 0.51257621
0.08540000 0.30056160 0.52089921
0.09170483 0.30326347 0.52922631
0.09810133 0.30592486 0.53755442
0.10458410 0.30854594 0.54588046
0.11114828 0.31112692 0.55420130
0.11778949 0.31366805 0.56251383
0.12450367 0.31616968 0.57081479
0.13128713 0.31863218 0.57910098
0.13813645 0.32105600 0.58736917
0.14504843 0.32344161 0.59561612
0.15202010 0.32578957 0.60383856
0.15904867 0.32810047 0.61203325
0.16613148 0.33037497 0.62019688
0.17326601 0.33261378 0.62832615
0.18044987 0.33481769 0.63641773
0.18768077 0.33698750 0.64446831
0.19495650 0.33912411 0.65247456
0.20227497 0.34122844 0.66043314
0.20963413 0.34330151 0.66834068
0.21703201 0.34534435 0.67619382
0.22446672 0.34735808 0.68398918
0.23193639 0.34934388 0.69172334
0.23943922 0.35130296 0.69939290
0.24697344 0.35323662 0.70699440
0.25453733 0.35514621 0.71452439
0.26212918 0.35703314 0.72197938
0.26974734 0.35889889 0.72935583
0.27739016 0.36074500 0.73665021
0.28505600 0.36257307 0.74385892
0.29274325 0.36438479 0.75097834
0.30045030 0.36618189 0.75800479
0.30817554 0.36796619 0.76493457
0.31591738 0.36973959 0.77176390
0.32367418 0.37150405 0.77848897
0.33144433 0.37326162 0.78510591
0.33922618 0.37501441 0.79161079
0.34701804 0.37676464 0.79799960
0.35481832 0.37851456 0.80426833
0.36262520 0.38026657 0.81041281
0.37043689 0.38202316 0.81642883
0.37825155 0.38378688 0.82231212
0.38606730 0.38556040 0.82805834
0.39388234 0.38734638 0.83366313
0.40169448 0.38914777 0.83912194
0.40950162 0.39096751 0.84443020
0.41730165 0.39280861 0.84958334
0.42509225 0.39467424 0.85457666
0.43287092 0.39656771 0.85940541
0.44063530 0.39849230 0.86406486
0.44838261 0.40045154 0.86855018
0.45611006 0.40244900 0.87285658
0.46381477 0.40448831 0.87697928
0.47149353 0.40657327 0.88091353
0.47914318 0.40870767 0.88465466
0.48676015 0.41089548 0.88819812
0.49434084 0.41314065 0.89153950
0.50188145 0.41544719 0.89467459
0.50937782 0.41781922 0.89759952
0.51682592 0.42026071 0.90031063
0.52422118 0.42277577 0.90280481
0.53155901 0.42536837 0.90507938
0.53883474 0.42804237 0.90713221
0.54604340 0.43080156 0.90896194
0.55317995 0.43364954 0.91056796
0.56023931 0.43658965 0.91195055
0.56721638 0.43962496 0.91311094
0.57410600 0.44275824 0.91405153
0.58090317 0.44599181 0.91477583
0.58760302 0.44932759 0.91528857
0.59420090 0.45276698 0.91559581
0.60069248 0.45631085 0.91570488
0.60707387 0.45995948 0.91562431
0.61334161 0.46371257 0.91536387
0.61949268 0.46756921 0.91493476
0.62552486 0.47152789 0.91434869
0.63143647 0.47558651 0.91361848
0.63722642 0.47974245 0.91275794
0.64289456 0.48399260 0.91178058
0.64844110 0.48833339 0.91070124
0.65386718 0.49276094 0.90953385
0.65917451 0.49727110 0.90829252
0.66436518 0.50185944 0.90699175
0.66944201 0.50652148 0.90564465
0.67440820 0.51125268 0.90426398
0.67926729 0.51604852 0.90286189
0.68402314 0.52090454 0.90144968
0.68867980 0.52581642 0.90003774
0.69324144 0.53077983 0.89863669
0.69771246 0.53579096 0.89725413
0.70209722 0.54084604 0.89589797
0.70640004 0.54594136 0.89457637
0.71062529 0.55107379 0.89329444
0.71477718 0.55624026 0.89205788
0.71885990 0.56143770 0.89087269
0.72287745 0.56666373 0.88974192
0.72683374 0.57191593 0.88866935
0.73073251 0.57719212 0.88765816
0.73457738 0.58249033 0.88671093
0.73837177 0.58780880 0.88582970
0.74211896 0.59314596 0.88501601
0.74582227 0.59850001 0.88427291
0.74948450 0.60387005 0.88359978
0.75310846 0.60925495 0.88299728
0.75669717 0.61465320 0.88246809
0.76025279 0.62006449 0.88201004
0.76377816 0.62548742 0.88162576
0.76727536 0.63092164 0.88131383
0.77074654 0.63636656 0.88107399
0.77419411 0.64182123 0.88090765
0.77761992 0.64728537 0.88081371
0.78102580 0.65275861 0.88079157
0.78441360 0.65824055 0.88084100
0.78778507 0.66373085 0.88096161
0.79114188 0.66922920 0.88115296
0.79448559 0.67473539 0.88141450
0.79781771 0.68024923 0.88174561
0.80113966 0.68577058 0.88214560
0.80445279 0.69129935 0.88261374
0.80775868 0.69683517 0.88315027
0.81105856 0.70237805 0.88375430
0.81435339 0.70792816 0.88442431
0.81764435 0.71348545 0.88515972
0.82093327 0.71904933 0.88596184
0.82422041 0.72462052 0.88682754
0.82750741 0.73019854 0.88775777
0.83079513 0.73578358 0.88875137
0.83408458 0.74137566 0.88980771
0.83737688 0.74697473 0.89092644
0.84067301 0.75258082 0.89210699
0.84397363 0.75819420 0.89334805
0.84728043 0.76381436 0.89465087
0.85059350 0.76944199 0.89601283
0.85391425 0.77507677 0.89743458
0.85724378 0.78071861 0.89891602
0.86058250 0.78636794 0.90045553
0.86393140 0.79202473 0.90205278
0.86729199 0.79768862 0.90370867
0.87066480 0.80335990 0.90542190
0.87405066 0.80903870 0.90719184
0.87745055 0.81472498 0.90901819
0.88086548 0.82041875 0.91090071
0.88429644 0.82611996 0.91283913
0.88774454 0.83182857 0.91483331
0.89121096 0.83754444 0.91688326
0.89469656 0.84326767 0.91898831
0.89820248 0.84899818 0.92114829
0.90172990 0.85473586 0.92336308
0.90528008 0.86048059 0.92563256
0.90885432 0.86623221 0.92795670
0.91245402 0.87199051 0.93033548
0.91608070 0.87775526 0.93276905
0.91973619 0.88352599 0.93525798
0.92342201 0.88930251 0.93780216
0.92714003 0.89508439 0.94040201
0.93089226 0.90087113 0.94305810
0.93468092 0.90666216 0.94577124
0.93850836 0.91245677 0.94854257
0.94237717 0.91825419 0.95137361
0.94629052 0.92405321 0.95426732
0.95025085 0.92985303 0.95722594
0.95426066 0.93565270 0.96025301
0.95832214 0.94145122 0.96335360
0.96243675 0.94724769 0.96653492
0.96660389 0.95304181 0.96980599
0.97081882 0.95883488 0.97317666
0.97507187 0.96462991 0.97665905
0.97934643 0.97043254 0.98026590
0.98361583 0.97625308 0.98400356
0.98784645 0.98210542 0.98786931
0.99200407 0.98800498 0.99184699
0.99606013 0.99396652 0.99590409
1.00000000 1.00000000 1.00000000
0.99657667 0.99382951 0.99526842
0.99304738 0.98772939 0.99054309
0.98940976 0.98169700 0.98586019
0.98567914 0.97572192 0.98126232
0.98189319 0.96978534 0.97678593
0.97810525 0.96386404 0.97244775
0.97436864 0.95793706 0.96824098
0.97072295 0.95199032 0.96414318
0.96718989 0.94601726 0.96012769
0.96377677 0.94001665 0.95617114
0.96048208 0.93399021 0.95225598
0.95730010 0.92794078 0.94837001
0.95422360 0.92187140 0.94450510
0.95124534 0.91578486 0.94065589
0.94835929 0.90968324 0.93681914
0.94555900 0.90356876 0.93299209
0.94283929 0.89744305 0.92917296
0.94019569 0.89130739 0.92536039
0.93762480 0.88516260 0.92155348
0.93512354 0.87900938 0.91775136
0.93268836 0.87284864 0.91395287
0.93031669 0.86668089 0.91015715
0.92800759 0.86050583 0.90636390
0.92575772 0.85432437 0.90257174
0.92356541 0.84813660 0.89877986
0.92143013 0.84194211 0.89498780
0.91934890 0.83574163 0.89119410
0.91732155 0.82953457 0.88739827
0.91534599 0.82332129 0.88359905
0.91342137 0.81710151 0.87979557
0.91154643 0.81087519 0.87598675
0.90972008 0.80464219 0.87217153
0.90794108 0.79840244 0.86834874
0.90620889 0.79215554 0.86451737
0.90452141 0.78590185 0.86067595
0.90287944 0.77964031 0.85682374
0.90128034 0.77337154 0.85295902
0.89972354 0.76709516 0.84908062
0.89820898 0.76081049 0.84518742
0.89673462 0.75451788 0.84127778
0.89529959 0.74821709 0.83735031
0.89390345 0.74190763 0.83340367
0.89254527 0.73558928 0.82943635
0.89122359 0.72926208 0.82544671
0.88993746 0.72292582 0.82143318
0.88868592 0.71658029 0.81739414
0.88746795 0.71022529 0.81332791
0.88628251 0.70386067 0.80923275
0.88512852 0.69748627 0.80510690
0.88400485 0.69110196 0.80094852
0.88291034 0.68470765 0.79675573
0.88184378 0.67830327 0.79252661
0.88080388 0.67188878 0.78825916
0.87978934 0.66546419 0.78395138
0.87879876 0.65902953 0.77960117
0.87783127 0.65258456 0.77520643
0.87688537 0.64612941 0.77076496
0.87595907 0.63966449 0.76627453
0.87505107 0.63318984 0.76173289
0.87416051 0.62670523 0.75713767
0.87328453 0.62021165 0.75248658
0.87242283 0.61370859 0.74777711
0.87157229 0.60719721 0.74300692
0.87073246 0.60067714 0.73817340
0.86990015 0.59414965 0.73327419
0.86907444 0.58761468 0.72830659
0.86825286 0.58107316 0.72326811
0.86743304 0.57452598 0.71815621
0.86661291 0.56797388 0.71296831
0.86579072 0.56141747 0.70770167
0.86496363 0.55485807 0.70235383
0.86412914 0.54829684 0.69692226
0.86328472 0.54173505 0.69140442
0.86242771 0.53517409 0.68579787
0.86155534 0.52861549 0.68010020
0.86066476 0.52206092 0.67430909
0.85975341 0.51551192 0.66842215
0.85881777 0.50897078 0.66243747
0.85785463 0.50243967 0.65635315
0.85686107 0.49592063 0.65016721
0.85583379 0.48941610 0.64387803
0.85476900 0.48292895 0.63748443
0.85366389 0.47646148 0.63098483
0.85251432 0.47001704 0.62437870
0.85131704 0.46359847 0.61766520
0.85006850 0.45720896 0.61084395
0.84876480 0.45085207 0.60391515
0.84740240 0.44453123 0.59687911
0.84597780 0.43824997 0.58973644
0.84448737 0.43201204 0.58248827
0.84292746 0.42582133 0.57513627
0.84129461 0.41968174 0.56768238
0.83958543 0.41359721 0.56012900
0.83779663 0.40757172 0.55247897
0.83592514 0.40160921 0.54473549
0.83396798 0.39571362 0.53690223
0.83192227 0.38988891 0.52898339
0.82978542 0.38413891 0.52098350
0.82755503 0.37846735 0.51290744
0.82522911 0.37287769 0.50476016
0.82280559 0.36737348 0.49654745
0.82028286 0.36195797 0.48827510
0.81765964 0.35663411 0.47994892
0.81493469 0.35140481 0.47157538
0.81210728 0.34627260 0.46316066
0.80917677 0.34123983 0.45471136
0.80614289 0.33630857 0.44623395
0.80300558 0.33148061 0.43773500
0.79976504 0.32675748 0.42922104
0.79642169 0.32214044 0.42069856
0.79297618 0.31763047 0.41217391
0.78942936 0.31322828 0.40365338
0.78578226 0.30893434 0.39514303
0.78203608 0.30474884 0.38664880
0.77819219 0.30067174 0.37817641
0.77425207 0.29670278 0.36973135
0.77021732 0.29284147 0.36131891
0.76608967 0.28908712 0.35294411
0.76187088 0.28543883 0.34461175
0.75756284 0.28189555 0.33632633
0.75316746 0.27845603 0.32809218
0.74868668 0.27511890 0.31991327
0.74412251 0.27188262 0.31179344
0.73947695 0.26874555 0.30373616
0.73475202 0.26570590 0.29574478
0.72994974 0.26276181 0.28782230
0.72507213 0.25991128 0.27997164
0.72012117 0.25715227 0.27219532
0.71509887 0.25448263 0.26449585
0.71000717 0.25190016 0.25687535
0.70484802 0.24940259 0.24933594
0.69962331 0.24698759 0.24187939
0.69433492 0.24465281 0.23450742
0.68898468 0.24239582 0.22722154
0.68357441 0.24021419 0.22002308
0.67810587 0.23810542 0.21291335
0.67258078 0.23606703 0.20589337
0.66700087 0.23409649 0.19896415
0.66136777 0.23219125 0.19212655
0.65568313 0.23034876 0.18538129
0.64994855 0.22856644 0.17872909
0.64416559 0.22684171 0.17217048
0.63833578 0.22517201 0.16570594
0.63246066 0.22355471 0.15933593
0.62654170 0.22198724 0.15306078
0.62058037 0.22046701 0.14688079
0.61457811 0.21899142 0.14079622
0.60853637 0.21755788 0.13480731
0.60245655 0.21616381 0.12891420
0.59634005 0.21480664 0.12311709
0.59018830 0.21348376 0.11741616
0.58400265 0.21219264 0.11181154
0.57778450 0.21093073 0.10630342
0.57153524 0.20969547 0.10089200
0.56525628 0.20848431 0.09557756
0.55894898 0.20729475 0.09036038
0.55261474 0.20612430 0.08524084
0.54625498 0.20497046 0.08021942
0.53987113 0.20383074 0.07529673
0.53346462 0.20270270 0.07047353
0.52703689 0.20158393 0.06575071
0.52058940 0.20047201 0.06112943
0.51412363 0.19936458 0.05661104
0.50764107 0.19825928 0.05219725
0.50114324 0.19715381 0.04789006
0.49463167 0.19604588 0.04369191
0.48810791 0.19493324 0.03959662
0.48157352 0.19381371 0.03572442
0.47503005 0.19268515 0.03218882
0.46847909 0.19154546 0.02897008
0.46192222 0.19039260 0.02604936
0.45536102 0.18922459 0.02340864
0.44879712 0.18803949 0.02103070
0.44223210 0.18683543 0.01889913
0.43566752 0.18561065 0.01699827
0.42910495 0.18436344 0.01531319
0.42254592 0.18309217 0.01382966
0.41599196 0.18179530 0.01253414
0.40944458 0.18047132 0.01141369
0.40290535 0.17911876 0.01045595
0.39637554 0.17773645 0.00964932
0.38985655 0.17632316 0.00898266
0.38334994 0.17487756 0.00844520
0.37685670 0.17339887 0.00802707
0.37037834 0.17188587 0.00771847
0.36391582 0.17033789 0.00751045
0.35747047 0.16875394 0.00739413
0.35104307 0.16713353 0.00736151
0.34463502 0.16547568 0.00740434
0.33824689 0.16378011 0.00751550
0.33187957 0.16204629 0.00768785
0.32553411 0.16027358 0.00791435
0.31921103 0.15846177 0.00818878
0.31291096 0.15661055 0.00850504
0.30663450 0.15471965 0.00885731
0.30038217 0.15278885 0.00924005
0.29415443 0.15081797 0.00964799
0.28795164 0.14880691 0.01007614
0.28177410 0.14675556 0.01051978
0.27562204 0.14466388 0.01097442
0.26949562 0.14253188 0.01143583
0.26339490 0.14035955 0.01190002
0.25732000 0.13814688 0.01236308
0.25127110 0.13589376 0.01282112
0.24524782 0.13360045 0.01327115
0.23925000 0.13126700 0.01370998
0.23327796 0.12889316 0.01413388
0.22733084 0.12647934 0.01454084
0.22140887 0.12402528 0.01492745
0.21551127 0.12153126 0.01529180
0.20963813 0.11899703 0.01563087
0.20378848 0.11642289 0.01594321
0.19796241 0.11380848 0.01622596
0.19215900 0.11115398 0.01647778
0.18637762 0.10845933 0.01669701
0.18061794 0.10572425 0.01688163
0.17487919 0.10294866 0.01703033
0.16916050 0.10013242 0.01714202
0.16346110 0.09727531 0.01721551
0.15778019 0.09437701 0.01724979
0.15211687 0.09143718 0.01724397
0.14647019 0.08845542 0.01719735
0.14083913 0.08543126 0.01710936
0.13522259 0.08236417 0.01697961
0.12961940 0.07925353 0.01680787
0.12402827 0.07609863 0.01659405
0.11844785 0.07289868 0.01633825
0.11287667 0.06965276 0.01604072
0.10731316 0.06635986 0.01570189
0.10175561 0.06301879 0.01532236
0.09620241 0.05962813 0.01490259
0.09065150 0.05618642 0.01444364
0.08510056 0.05269202 0.01394688
0.07954720 0.04914300 0.01341365
0.07398931 0.04553697 0.01284492
0.06842349 0.04187165 0.01224313
0.06284668 0.03814430 0.01161018
0.05725558 0.03452194 0.01094803
0.05164566 0.03104829 0.01025987
0.04601296 0.02772732 0.00954794
0.04035002 0.02456352 0.00881618
0.03480545 0.02156113 0.00806772
0.02969721 0.01872485 0.00730721
0.02501705 0.01605932 0.00653877
0.02075618 0.01356969 0.00576817
0.01690717 0.01126123 0.00500097
0.01346257 0.00913980 0.00424424
0.01041583 0.00721177 0.00350585
0.00776139 0.00548429 0.00279480
0.00549439 0.00396561 0.00212227
0.00361164 0.00266556 0.00150154
0.00211222 0.00159635 0.00094927
0.00099870 0.00077436 0.00048798
0.00028159 0.00022444 0.00015045
