28 7 48
30 7 50
31 8 52
32 8 53
33 9 55
35 9 56
36 9 58
37 10 59
38 10 61
40 11 63
41 11 64
42 11 66
43 12 67
45 12 69
46 13 71
47 13 72
48 13 74
50 13 76
51 14 78
52 14 79
53 14 81
55 14 83
56 15 85
57 15 87
58 15 88
59 15 90
61 15 92
62 15 94
63 16 96
64 16 98
65 16 100
67 16 102
68 16 104
69 16 106
70 16 108
71 17 110
72 17 112
73 17 114
74 18 116
75 18 118
75 19 120
76 20 122
77 21 124
77 22 126
78 23 127
78 24 129
79 25 130
79 27 132
80 28 133
80 30 135
80 31 136
81 32 137
81 34 138
81 35 139
81 37 140
82 38 141
82 40 142
82 41 143
82 43 144
82 44 145
83 46 146
83 47 147
83 49 148
83 50 149
83 51 149
83 53 150
83 54 151
83 56 152
83 57 153
83 58 153
84 60 154
84 61 155
84 62 155
84 64 156
84 65 157
84 66 157
84 68 158
84 69 159
84 70 159
84 72 160
84 73 161
84 74 161
84 75 162
84 77 163
84 78 163
84 79 164
84 80 165
84 82 165
84 83 166
84 84 166
84 85 167
84 87 168
84 88 168
84 89 169
84 90 170
84 91 170
84 93 171
84 94 171
84 95 172
84 96 173
84 97 173
84 98 174
84 100 174
84 101 175
84 102 175
84 103 176
84 104 177
84 106 177
84 107 178
84 108 178
84 109 179
84 110 180
84 111 180
84 113 181
84 114 181
84 115 182
84 116 183
84 117 183
84 118 184
84 120 184
84 121 185
84 122 185
84 123 186
84 124 187
84 125 187
84 126 188
84 128 188
84 129 189
84 130 189
84 131 190
84 132 190
84 133 191
84 135 191
84 136 192
84 137 193
84 138 193
84 139 194
84 140 194
84 141 195
84 143 195
85 144 196
85 145 196
85 146 197
85 147 197
85 148 198
85 149 198
85 151 199
85 152 199
85 153 200
86 154 200
86 155 200
86 156 201
86 157 201
87 159 202
87 160 202
87 161 202
88 162 203
88 163 203
88 164 204
89 165 204
89 167 204
90 168 205
90 169 205
91 170 205
92 171 205
93 172 206
93 173 206
94 174 206
95 175 206
96 176 207
97 177 207
98 178 207
100 179 207
101 181 207
102 182 208
104 183 208
105 184 208
107 184 208
108 185 208
110 186 208
112 187 208
113 188 209
115 189 209
117 190 209
119 191 209
121 192 209
123 193 209
125 194 210
127 195 210
129 195 210
131 196 210
133 197 211
135 198 211
137 199 211
139 200 211
141 201 212
143 201 212
145 202 213
147 203 213
149 204 213
151 205 214
153 206 214
155 206 215
157 207 215
159 208 216
162 209 216
164 210 217
166 211 217
168 211 218
170 212 218
172 213 219
173 214 219
175 215 220
177 216 220
179 217 221
181 217 222
183 218 222
185 219 223
187 220 224
189 221 224
191 222 225
193 223 226
195 223 226
197 224 227
199 225 228
201 226 229
202 227 229
204 228 230
206 229 231
208 230 232
210 231 232
212 232 233
214 232 234
215 233 235
217 234 236
219 235 236
221 236 237
223 237 238
225 238 239
226 239 240
228 240 241
230 241 242
232 242 243
234 243 243
235 244 244
237 245 245
239 246 246
241 247 247
243 248 248
244 249 249
246 250 250
248 251 251
250 252 252
251 253 253
253 254 254
255 255 255
254 254 254
253 252 253
252 251 252
251 250 251
250 248 250
249 247 249
248 246 248
248 244 247
247 243 246
246 242 246
245 240 245
244 239 244
243 238 243
242 236 242
241 235 242
240 234 241
240 232 240
239 231 239
238 230 238
237 228 238
236 227 237
236 226 236
235 224 235
234 223 235
233 221 234
233 220 233
232 219 233
231 217 232
230 216 231
230 215 230
229 213 230
228 212 229
228 211 228
227 209 228
226 208 227
226 207 226
225 205 226
225 204 225
224 203 224
223 201 224
223 200 223
222 199 223
222 197 222
221 196 221
220 195 221
220 193 220
219 192 220
219 191 219
218 189 218
218 188 218
217 187 217
217 185 217
216 184 216
216 183 215
215 181 215
215 180 214
214 178 214
214 177 213
213 176 213
213 174 212
212 173 211
212 172 211
211 170 210
211 169 210
210 168 209
210 166 209
209 165 208
209 163 208
209 162 207
208 161 207
208 159 206
207 158 205
207 156 205
207 155 204
206 154 204
206 152 203
206 151 203
205 149 202
205 148 202
204 147 201
204 145 201
204 144 200
203 142 200
203 141 199
203 139 199
203 138 198
202 136 198
202 135 197
202 134 197
201 132 196
201 131 195
201 129 195
200 128 194
200 126 194
200 125 193
200 123 193
199 122 192
199 120 192
199 118 191
199 117 190
198 115 190
198 114 189
198 112 189
198 111 188
197 109 187
197 107 187
197 106 186
197 104 185
196 102 185
196 101 184
196 99 183
196 98 182
196 96 182
195 94 181
195 92 180
195 91 179
195 89 178
194 87 177
194 86 176
194 84 175
194 82 174
193 80 173
193 79 172
193 77 171
192 75 170
192 74 169
192 72 168
191 70 166
191 68 165
191 67 164
190 65 162
190 63 161
189 62 159
189 60 158
188 59 156
188 57 155
187 55 153
187 54 152
186 52 150
185 51 148
185 50 147
184 48 145
183 47 143
183 45 141
182 44 139
181 43 138
180 42 136
180 40 134
179 39 132
178 38 130
177 37 129
176 36 127
175 35 125
174 33 123
173 32 121
173 31 119
172 30 117
171 29 116
170 28 114
169 28 112
168 27 110
167 26 108
166 25 106
165 24 105
163 23 103
162 22 101
161 22 99
160 21 97
159 20 96
158 19 94
157 19 92
156 18 90
155 17 89
153 17 87
152 16 85
151 16 83
150 15 82
149 15 80
148 14 78
146 14 77
145 13 75
144 13 74
143 12 72
142 12 70
140 12 69
139 11 67
138 11 66
136 11 64
135 11 63
134 10 61
133 10 60
131 10 58
130 10 57
129 10 55
127 10 54
126 10 53
125 10 51
123 10 50
122 10 49
120 10 47
119 11 46
118 11 45
116 11 44
115 11 43
113 11 42
112 11 41
110 11 40
109 12 39
107 12 38
106 12 37
104 12 36
103 12 35
101 12 34
100 12 33
98 13 33
97 13 32
95 13 31
94 13 31
92 13 30
91 13 29
89 13 29
88 13 28
86 13 27
85 13 27
83 12 26
82 12 26
80 12 25
79 12 25
77 12 24
76 12 24
75 12 23
73 11 23
72 11 22
70 11 22
69 11 21
67 10 21
66 10 20
64 10 20
63 9 19
61 9 19
60 9 19
58 9 18
57 8 18
56 8 17
54 8 17
53 7 16
51 7 16
50 7 15
48 6 15
47 6 14
45 5 14
44 5 13
43 5 13
41 4 12
40 4 12
