0 0 0
0 0 0
0 0 0
0 0 1
1 1 1
1 1 2
1 2 3
1 2 4
1 3 5
2 3 6
2 4 8
2 5 10
3 6 12
3 7 14
3 8 16
3 9 18
4 10 20
4 11 22
4 12 24
4 13 26
4 14 28
4 15 30
4 16 32
4 18 35
4 19 37
4 20 39
4 21 41
4 22 44
4 23 46
4 24 49
4 25 51
4 25 54
3 26 56
3 27 59
3 28 62
3 29 64
2 30 67
2 31 70
2 31 73
2 32 76
1 33 79
1 34 82
1 34 85
2 35 88
2 35 91
3 36 95
4 36 98
5 37 101
7 37 104
9 37 108
12 37 111
16 37 113
19 37 116
22 37 118
25 38 120
29 38 121
32 38 122
34 39 123
37 39 123
40 40 124
42 41 124
45 41 124
47 42 124
49 43 124
51 43 124
53 44 124
55 45 124
57 46 123
59 46 123
61 47 123
63 48 123
65 48 123
67 49 123
69 50 122
71 51 122
72 51 122
74 52 122
76 53 122
78 54 122
79 54 122
81 55 122
83 56 121
85 56 121
86 57 121
88 58 121
90 58 121
92 59 121
93 60 121
95 60 121
97 61 121
98 61 121
100 62 121
102 63 121
104 63 121
105 64 121
107 64 121
109 65 121
111 65 121
112 66 121
114 67 121
116 67 121
118 68 121
119 68 121
121 69 121
123 69 120
125 70 120
127 70 120
129 70 120
130 71 120
132 71 120
134 72 120
136 72 120
138 73 119
140 73 119
142 73 119
144 74 119
145 74 118
147 75 118
149 75 118
151 75 117
153 76 117
155 76 117
157 76 116
159 77 116
161 77 115
163 77 115
165 78 114
167 78 114
169 78 113
171 78 112
173 79 112
175 79 111
177 79 110
179 80 109
181 80 109
183 80 108
185 80 107
187 81 106
189 81 105
191 81 104
193 82 103
195 82 102
197 82 101
199 83 100
201 83 99
203 83 98
205 83 97
207 84 95
209 84 94
211 84 93
213 85 91
215 85 90
217 86 89
219 86 87
221 86 86
223 87 84
225 87 83
227 88 81
229 88 80
230 89 78
232 90 76
234 90 74
236 91 73
237 92 71
239 93 69
241 94 67
242 95 66
243 96 64
245 97 62
246 98 60
247 99 59
249 101 57
250 102 55
251 104 54
251 105 53
252 107 51
253 109 50
253 111 50
254 113 49
254 115 49
254 117 49
255 120 49
255 122 50
255 124 50
255 126 51
255 129 53
255 131 54
255 133 56
255 135 57
254 138 59
254 140 61
254 142 63
254 144 66
253 147 68
253 149 70
253 151 73
253 153 75
252 155 78
252 158 81
252 160 83
251 162 86
251 164 89
251 166 92
250 168 95
250 170 98
250 172 101
249 174 104
249 176 107
248 178 110
248 180 113
248 182 116
247 184 119
247 186 122
247 188 125
246 189 128
246 191 132
246 193 135
246 195 138
245 197 141
245 199 144
245 200 148
245 202 151
244 204 154
244 206 157
244 207 161
244 209 164
244 211 167
244 213 170
244 214 174
243 216 177
243 218 180
243 219 183
243 221 187
243 222 190
244 224 193
244 226 196
244 227 200
244 229 203
244 230 206
244 232 209
245 234 212
245 235 216
245 237 219
246 238 222
246 240 225
246 241 228
247 242 231
248 244 234
248 245 237
249 247 240
250 248 243
251 249 246
252 251 248
253 252 250
254 254 253
255 255 255
