0 0 0
0 0 0
0 0 0
0 0 1
1 1 1
1 1 1
2 1 2
2 2 3
3 2 4
4 3 5
4 3 6
5 4 7
6 5 8
7 5 10
8 6 11
9 7 13
10 8 14
11 9 16
12 10 17
13 11 19
14 12 20
15 13 22
15 14 24
16 15 25
17 16 26
18 17 28
18 19 29
19 20 31
20 21 32
20 22 33
21 23 35
21 24 36
22 25 37
22 26 38
23 27 39
23 29 41
24 30 42
24 31 43
24 32 44
25 33 45
25 34 46
25 35 47
26 36 48
26 37 49
26 39 50
27 40 51
27 41 52
27 42 53
27 43 54
28 44 55
28 45 56
28 46 57
28 47 58
28 49 59
29 50 59
29 51 60
29 52 61
29 53 62
29 54 63
29 55 64
29 56 65
29 57 65
29 59 66
29 60 67
29 61 68
29 62 68
29 63 69
29 64 70
29 65 71
29 66 71
29 68 72
29 69 73
29 70 73
28 71 74
28 72 75
28 73 75
28 74 76
28 75 77
27 77 77
27 78 78
27 79 78
26 80 79
26 81 80
26 82 80
25 83 81
25 84 81
25 86 82
24 87 82
24 88 83
23 89 83
23 90 84
23 91 84
22 92 85
22 94 85
21 95 85
20 96 86
20 97 86
19 98 86
19 99 87
18 100 87
18 102 87
17 103 88
16 104 88
16 105 88
15 106 89
14 107 89
14 109 89
13 110 89
13 111 90
12 112 90
11 113 90
11 114 90
10 115 90
10 117 90
9 118 91
9 119 91
9 120 91
9 121 91
8 122 91
8 123 91
9 125 91
9 126 91
9 127 91
10 128 91
10 129 91
11 130 91
12 131 91
13 132 91
14 134 91
15 135 91
16 136 91
17 137 91
19 138 91
20 139 90
21 140 90
23 141 90
25 142 90
26 143 90
28 145 90
30 146 89
31 147 89
33 148 89
35 149 89
37 150 88
39 151 88
41 152 88
43 153 88
45 154 87
47 155 87
50 156 87
52 157 86
54 158 86
57 159 86
59 160 85
62 161 85
64 162 85
67 163 85
69 164 85
72 165 84
75 165 84
78 166 84
81 167 84
84 168 85
87 169 85
89 169 85
92 170 86
95 171 86
98 172 87
101 172 88
104 173 89
106 174 90
109 175 92
111 175 93
114 176 94
116 177 96
119 177 97
121 178 99
123 179 100
125 180 102
127 181 104
129 181 106
132 182 107
134 183 109
136 184 111
138 184 113
139 185 115
141 186 117
143 187 118
145 188 120
147 189 122
149 189 124
151 190 126
152 191 128
154 192 130
156 193 132
158 194 134
159 195 136
161 195 138
163 196 140
165 197 142
166 198 144
168 199 146
170 200 148
171 201 150
173 202 152
175 203 154
176 204 156
178 204 158
180 205 160
181 206 162
183 207 164
184 208 166
186 209 168
188 210 171
189 211 173
191 212 175
192 213 177
194 214 179
196 215 181
197 216 183
199 217 185
200 218 187
202 219 189
204 220 191
205 221 193
207 222 195
208 223 197
210 224 200
212 225 202
213 226 204
215 227 206
216 228 208
218 229 210
220 230 212
221 231 214
223 232 216
224 233 218
226 234 220
228 235 222
229 237 224
231 238 226
232 239 228
234 240 230
236 241 232
237 242 234
239 243 236
240 244 238
242 245 240
244 247 242
245 248 244
247 249 246
249 250 248
250 251 250
252 253 251
253 254 253
255 255 255
