0 0 0
0 0 0
0 0 0
0 0 0
1 1 1
1 1 1
1 1 2
2 2 2
2 2 3
3 3 4
3 3 4
4 4 5
5 5 6
5 6 7
6 6 9
7 7 10
7 8 11
8 9 12
9 10 14
10 11 15
11 12 16
12 13 17
13 14 19
14 15 20
15 16 21
15 17 23
16 18 24
17 19 25
18 20 26
19 21 28
19 22 29
20 23 30
21 24 31
22 25 32
23 26 34
23 27 35
24 28 36
25 29 37
25 30 39
26 30 40
27 31 41
28 32 42
28 33 44
29 34 45
30 35 46
30 36 47
31 37 49
32 38 50
32 39 51
33 40 52
33 41 54
34 42 55
35 42 56
35 43 57
36 44 59
36 45 60
37 46 61
37 47 62
38 48 64
38 49 65
39 50 66
40 51 67
40 52 69
41 53 70
41 54 71
41 54 72
42 55 74
42 56 75
43 57 76
43 58 77
44 59 79
44 60 80
44 61 81
45 62 82
45 63 84
46 64 85
46 65 86
46 66 87
47 67 89
47 68 90
47 69 91
48 70 92
48 71 94
48 72 95
48 73 96
49 74 97
49 74 98
49 75 100
49 76 101
49 77 102
50 78 103
50 79 104
50 80 105
50 81 106
50 82 108
50 83 109
51 85 110
51 86 111
51 87 112
51 88 113
51 89 114
51 90 115
51 91 115
52 92 116
52 93 117
52 94 118
52 95 119
53 96 119
53 97 120
53 98 121
54 99 122
54 100 122
55 101 123
55 102 123
56 103 124
57 104 125
57 105 125
58 106 126
59 107 126
60 108 127
60 109 127
61 110 128
62 111 128
63 112 129
64 112 129
65 113 130
66 114 130
67 115 131
68 116 131
69 117 132
70 118 132
71 119 133
72 120 133
73 121 133
74 122 134
75 123 134
76 124 135
77 125 135
78 126 136
79 127 136
80 127 137
81 128 137
82 129 138
84 130 138
85 131 139
86 132 139
87 133 140
88 134 140
89 135 141
90 136 141
92 137 142
93 138 142
94 139 143
95 140 143
96 140 144
97 141 144
99 142 145
100 143 145
101 144 146
102 145 146
103 146 147
105 147 147
106 148 148
107 149 148
108 150 149
109 151 149
111 152 150
112 153 150
113 154 151
114 154 151
115 155 152
117 156 152
118 157 153
119 158 154
120 159 154
122 160 155
123 161 155
124 162 156
125 163 156
127 164 157
128 165 157
129 166 158
130 167 159
132 168 159
133 169 160
134 170 160
135 171 161
137 172 161
138 173 162
139 174 163
140 175 163
142 176 164
143 177 164
144 178 165
146 179 165
147 180 166
148 181 167
149 181 167
151 182 168
152 183 168
153 184 169
155 185 170
156 186 170
157 187 171
159 188 171
160 189 172
161 190 173
163 191 173
164 193 174
166 194 174
167 195 175
168 196 176
170 197 176
171 198 177
172 199 177
174 200 178
175 201 179
177 202 179
178 203 180
180 204 180
181 205 181
183 206 182
184 207 182
185 208 183
187 209 183
188 210 184
190 211 185
191 212 185
193 213 186
195 214 187
196 215 187
198 216 188
199 217 189
201 218 189
202 219 190
204 220 191
206 221 191
207 222 192
209 223 193
210 224 193
212 225 194
214 226 195
215 227 195
217 229 196
219 230 197
221 231 198
222 232 198
224 233 199
226 234 200
228 235 201
229 236 202
231 237 203
233 238 203
235 239 204
236 240 205
238 241 206
238 240 205
237 238 203
236 237 201
235 235 200
235 234 198
234 233 196
233 231 195
233 230 193
232 228 191
231 227 190
231 226 188
230 224 187
230 223 185
229 222 183
228 220 182
228 219 180
227 217 179
227 216 177
226 215 176
225 213 174
225 212 173
224 211 171
224 209 170
223 208 168
222 207 167
222 205 166
221 204 164
221 202 163
220 201 161
220 200 160
219 198 159
219 197 157
218 196 156
217 194 155
217 193 154
216 192 152
216 190 151
215 189 150
215 188 149
214 186 147
213 185 146
213 184 145
212 182 144
212 181 143
211 180 142
211 179 140
210 177 139
209 176 138
209 175 137
208 173 136
208 172 135
207 171 134
207 169 133
206 168 132
205 167 131
205 166 130
204 164 129
203 163 128
203 162 128
202 161 127
202 159 126
201 158 125
200 157 124
200 156 123
199 154 123
198 153 122
198 152 121
197 151 120
196 149 120
196 148 119
195 147 118
194 146 117
193 145 117
193 143 116
192 142 116
191 141 115
190 140 114
190 139 114
189 138 113
188 136 113
187 135 112
187 134 112
186 133 111
185 132 111
184 131 110
183 130 110
183 129 109
182 127 109
181 126 108
180 125 108
179 124 107
178 123 107
177 122 107
176 121 106
176 120 106
175 119 105
174 118 105
173 117 105
172 116 104
171 115 104
170 114 104
169 113 103
168 112 103
167 111 103
166 110 102
165 109 102
164 108 102
163 107 101
162 106 101
161 105 101
160 104 100
159 103 100
158 102 100
157 101 100
156 100 99
155 99 99
154 98 99
153 97 98
152 96 98
151 96 98
150 95 97
149 94 97
148 93 97
147 92 97
146 91 96
145 90 96
144 89 96
143 88 95
142 88 95
140 87 95
139 86 95
138 85 94
137 84 94
136 83 94
135 83 93
134 82 93
133 81 93
132 80 92
130 79 92
129 78 92
128 78 91
127 77 91
126 76 91
125 75 90
124 74 90
122 74 90
121 73 89
120 72 89
119 71 89
118 71 88
117 70 88
115 69 87
114 68 87
113 68 87
112 67 86
111 66 86
110 65 85
108 65 85
107 64 85
106 63 84
105 63 84
103 62 83
102 61 83
101 60 82
100 60 82
99 59 81
97 58 81
96 58 80
95 57 80
94 56 79
92 56 78
91 55 78
90 54 77
88 54 77
87 53 76
86 53 75
85 52 75
83 51 74
82 51 73
81 50 73
80 49 72
78 49 71
77 48 70
76 48 69
74 47 69
73 46 68
72 46 67
71 45 66
69 44 65
68 44 64
67 43 63
66 43 62
64 42 61
63 41 60
62 41 59
61 40 59
59 39 58
58 39 57
57 38 55
56 37 54
54 37 53
53 36 52
52 35 51
51 35 50
50 34 49
48 33 48
47 33 47
46 32 46
45 31 45
44 31 44
43 30 43
41 29 42
40 28 41
39 28 39
38 27 38
37 26 37
36 25 36
34 25 35
33 24 34
32 23 33
31 22 32
30 22 30
29 21 29
28 20 28
26 19 27
25 18 26
24 18 25
23 17 24
22 16 22
21 15 21
19 14 20
18 13 19
17 12 18
16 12 16
15 11 15
14 10 14
12 9 13
11 8 12
10 7 10
9 6 9
8 6 8
7 5 7
6 4 6
5 4 5
4 3 4
3 3 3
3 2 3
2 2 2
2 1 2
1 1 1
1 1 1
0 0 0
0 0 0
0 0 0
