0 0 0
0 0 0
0 0 0
0 0 1
0 1 1
1 1 2
1 2 4
1 2 5
1 3 7
1 3 9
1 4 11
1 5 14
1 6 16
1 7 19
1 7 22
1 8 24
1 9 27
1 10 30
1 11 33
1 12 36
1 13 39
1 14 43
1 15 46
1 15 49
1 16 53
1 16 57
2 17 61
2 17 64
3 17 68
4 17 72
6 17 77
8 17 81
10 16 85
13 15 89
16 14 93
19 13 97
22 11 100
25 10 104
28 8 107
31 6 109
34 5 111
37 4 113
40 3 115
42 2 116
45 1 117
47 1 118
50 0 119
52 0 119
54 0 120
56 0 120
59 0 120
61 1 121
63 1 121
65 1 121
67 1 121
69 2 121
71 2 121
73 3 120
75 3 120
77 3 120
79 4 120
81 4 119
83 4 119
85 5 119
87 5 118
89 6 118
91 6 118
93 6 117
95 6 117
97 7 116
99 7 116
101 7 115
103 7 115
105 7 114
107 8 113
109 8 112
111 8 112
113 8 111
115 8 110
117 8 109
119 8 108
121 8 107
123 9 106
125 9 105
127 9 104
129 9 103
131 9 102
133 10 101
135 10 99
137 10 98
139 11 97
141 11 95
143 12 94
144 12 92
146 13 91
148 14 89
150 15 88
152 16 86
153 17 84
155 18 83
157 19 81
158 20 79
160 21 77
161 23 75
163 24 74
164 26 72
166 27 70
167 29 68
168 31 66
170 32 64
171 34 63
172 36 61
173 38 59
174 40 57
175 42 55
176 44 54
177 46 52
178 48 50
179 50 48
179 52 47
180 54 45
181 56 44
182 58 42
182 60 40
183 62 39
183 64 37
184 66 36
184 68 34
184 71 33
185 73 32
185 75 30
185 77 29
186 79 27
186 81 26
186 83 25
186 85 23
186 87 22
186 89 21
186 91 19
186 93 18
186 96 16
186 98 15
186 100 14
186 102 12
186 104 11
186 106 10
186 108 8
185 110 7
185 112 6
185 114 5
184 116 5
184 118 4
183 120 3
183 122 3
182 124 3
182 126 2
181 128 2
181 130 2
180 132 3
179 135 3
179 137 3
178 139 4
177 141 5
176 143 6
175 145 7
174 147 8
173 149 9
172 151 11
171 153 12
170 155 14
169 157 16
167 159 17
166 161 19
165 163 21
163 165 22
162 167 24
160 169 26
158 171 27
157 173 29
155 175 31
153 177 33
151 179 34
149 182 36
147 184 38
144 186 40
142 188 42
139 190 44
136 192 46
133 194 48
130 196 50
127 198 53
123 200 55
120 203 57
116 205 60
111 207 62
107 209 65
102 211 68
96 213 71
90 215 74
84 217 77
77 219 81
70 221 84
61 223 88
52 225 92
42 227 97
31 229 102
19 230 107
7 231 112
3 233 117
10 234 122
22 235 127
34 235 132
45 236 137
55 237 142
65 237 146
74 237 150
82 238 154
90 238 158
97 239 162
104 239 166
111 239 169
118 239 173
124 240 176
130 240 179
136 240 183
141 241 186
146 241 189
152 241 192
157 242 194
161 242 197
166 242 200
171 242 203
175 243 205
179 243 208
184 243 211
188 244 213
192 244 215
196 245 218
200 245 220
204 245 223
207 246 225
211 246 227
214 247 229
218 247 232
221 248 234
225 248 236
228 249 238
231 250 240
235 250 242
238 251 244
241 251 246
244 252 248
247 253 250
250 253 252
252 254 253
255 255 255
