88 7 113
88 7 115
89 8 116
89 9 118
89 10 119
89 10 121
90 11 122
90 12 124
90 13 125
90 14 126
90 15 128
90 16 129
90 16 131
91 17 132
91 18 133
91 19 135
91 20 136
91 21 138
91 22 139
91 23 140
91 24 142
91 24 143
91 25 144
91 26 145
91 27 147
91 28 148
91 29 149
91 30 150
91 31 151
91 32 153
90 33 154
90 34 155
90 35 156
90 36 157
90 37 158
89 38 159
89 39 160
89 40 161
89 41 162
88 42 163
88 43 164
88 44 165
87 45 166
87 47 167
87 48 167
86 49 168
86 50 169
85 51 170
85 52 170
84 53 171
84 54 172
83 55 172
83 56 173
82 57 174
82 58 174
81 60 175
81 61 175
80 62 176
79 63 176
79 64 176
78 65 177
77 66 177
77 67 178
76 68 178
75 69 178
75 70 178
74 71 179
73 72 179
72 74 179
71 75 179
71 76 179
70 77 180
69 78 180
68 79 180
67 80 180
66 81 180
66 82 180
65 83 180
64 84 180
63 85 180
62 86 180
61 87 180
60 88 180
59 89 180
58 90 179
57 91 179
56 92 179
55 93 179
54 94 179
53 94 179
52 95 179
51 96 178
50 97 178
49 98 178
48 99 178
47 100 177
46 101 177
45 102 177
44 102 177
43 103 176
42 104 176
41 105 176
40 106 176
39 107 175
38 108 175
36 108 175
35 109 174
34 110 174
33 111 174
32 112 173
31 112 173
30 113 173
29 114 172
28 115 172
27 115 172
26 116 171
25 117 171
24 118 171
23 118 170
22 119 170
21 120 170
19 121 169
18 121 169
17 122 169
16 123 168
16 124 168
15 124 167
14 125 167
13 126 167
12 126 166
11 127 166
10 128 166
10 128 165
9 129 165
8 130 165
8 130 164
7 131 164
7 132 164
7 132 163
7 133 163
7 134 162
7 134 162
7 135 162
7 136 161
7 136 161
8 137 161
8 138 160
9 138 160
9 139 160
10 140 159
11 140 159
11 141 158
12 142 158
13 142 158
14 143 157
15 143 157
16 144 157
17 145 156
18 145 156
19 146 156
20 146 155
21 147 155
22 148 154
23 148 154
24 149 154
25 149 153
26 150 153
27 151 152
28 151 152
29 152 152
30 152 151
31 153 151
32 154 151
34 154 150
35 155 150
36 155 149
37 156 149
38 157 148
39 157 148
40 158 148
41 158 147
43 159 147
44 159 146
45 160 146
46 161 146
47 161 145
48 162 145
50 162 144
51 163 144
52 163 143
53 164 143
55 164 142
56 165 142
57 166 141
58 166 141
60 167 140
61 167 140
62 168 139
63 168 139
65 169 138
66 169 138
67 170 137
69 170 137
70 171 136
71 171 136
73 172 135
74 172 135
75 173 134
77 173 134
78 174 133
79 174 133
81 175 132
82 175 131
84 176 131
85 176 130
87 177 130
88 177 129
90 178 129
91 178 128
93 179 127
94 179 127
96 179 126
97 180 126
99 180 125
100 181 124
102 181 124
103 182 123
105 182 123
106 182 122
108 183 121
110 183 121
111 184 120
113 184 119
114 184 119
116 185 118
118 185 118
119 186 117
121 186 116
123 186 116
124 187 115
126 187 115
128 187 114
129 188 113
131 188 113
133 188 112
134 189 112
136 189 111
138 189 110
140 190 110
141 190 109
143 190 109
145 190 108
147 191 108
148 191 107
150 191 106
152 192 106
152 191 104
153 190 102
153 189 101
154 188 99
155 187 97
155 187 96
156 186 94
156 185 92
157 184 90
158 183 89
158 182 87
159 181 85
160 181 84
160 180 82
161 179 81
161 178 79
162 177 77
163 176 76
163 175 74
164 174 73
165 173 71
165 172 69
166 171 68
166 171 66
167 170 65
168 169 63
168 168 62
169 167 60
170 166 59
170 165 57
171 164 56
171 163 55
172 162 53
172 161 52
173 160 50
174 159 49
174 158 47
175 157 46
175 156 45
176 155 43
176 154 42
177 153 41
177 152 39
178 151 38
178 150 37
179 149 35
179 148 34
179 147 33
180 146 31
180 145 30
181 144 29
181 143 28
182 142 26
182 141 25
182 140 24
183 139 23
183 138 21
184 137 20
184 136 19
184 135 18
185 134 17
185 133 15
185 132 14
185 131 13
186 130 12
186 129 11
186 128 10
187 127 9
187 126 8
187 125 7
187 124 6
188 123 5
188 122 4
188 121 4
188 120 3
188 119 3
189 118 2
189 117 2
189 116 2
189 115 2
189 114 2
189 113 2
189 112 2
189 111 2
190 110 2
190 109 2
190 108 2
190 107 2
190 106 3
190 105 3
190 104 3
190 103 4
190 102 4
190 101 5
190 100 6
190 99 6
190 98 7
190 97 8
190 96 9
190 95 9
190 94 10
190 93 11
190 92 12
189 91 13
189 90 14
189 89 15
189 89 16
189 88 17
189 87 18
189 86 18
188 85 19
188 84 20
188 83 21
188 82 22
188 81 23
187 80 24
187 79 25
187 78 25
187 77 26
186 77 27
186 76 28
186 75 29
185 74 30
185 73 31
185 72 31
184 71 32
184 70 33
184 70 34
183 69 35
183 68 36
182 67 37
182 66 38
182 66 38
181 65 39
181 64 40
180 63 41
180 62 42
179 62 43
179 61 44
178 60 44
178 60 45
177 59 46
177 58 47
176 57 48
176 57 49
175 56 50
175 55 50
174 55 51
173 54 52
173 54 53
172 53 54
172 52 55
171 52 55
170 51 56
170 51 57
169 50 58
168 49 59
168 49 60
167 48 60
166 48 61
166 47 62
165 47 63
164 46 64
163 46 64
163 45 65
162 45 66
161 44 67
160 44 68
160 44 68
159 43 69
158 43 70
157 42 71
157 42 71
156 41 72
155 41 73
154 41 74
154 40 74
153 40 75
152 40 76
151 39 76
150 39 77
149 39 78
149 38 78
148 38 79
147 38 80
146 37 81
145 37 81
145 37 82
144 36 82
143 36 83
142 36 84
141 35 84
140 35 85
139 35 86
139 34 86
138 34 87
137 34 87
136 34 88
135 33 88
134 33 89
133 33 90
133 32 90
132 32 91
131 32 91
130 31 92
129 31 92
128 31 93
127 31 93
127 30 94
126 30 94
125 30 95
124 29 95
123 29 96
122 29 96
121 28 97
121 28 97
120 28 98
119 27 98
118 27 99
117 27 99
116 26 99
115 26 100
115 26 100
114 25 101
113 25 101
112 25 102
111 24 102
110 24 102
109 23 103
109 23 103
108 23 104
107 22 104
106 22 104
105 21 105
104 21 105
104 20 106
103 20 106
102 19 106
101 19 107
100 18 107
99 18 108
99 17 108
98 17 108
97 16 109
96 15 109
95 15 110
94 14 110
94 13 110
93 12 111
92 11 111
91 11 112
90 10 112
90 9 113
89 8 113
