0 0 0
0 0 0
0 0 0
0 0 1
1 1 1
1 1 1
2 1 2
2 2 3
3 2 4
4 3 5
5 3 6
6 4 7
7 4 8
8 5 10
9 6 11
10 7 13
12 7 15
13 8 16
14 9 18
15 10 19
17 11 21
18 12 22
19 12 24
20 13 26
22 14 27
23 15 29
24 16 30
25 16 32
27 17 34
28 18 35
29 19 37
30 20 39
32 20 40
33 21 42
34 22 44
35 22 45
36 23 47
38 24 49
39 24 50
40 25 52
41 26 54
43 26 56
44 27 57
45 28 59
46 28 61
47 29 63
49 29 65
50 30 66
51 31 68
52 31 70
54 32 72
55 32 74
56 33 76
57 33 78
58 34 80
60 34 82
61 35 84
62 35 86
63 36 88
65 36 90
66 37 92
67 37 94
68 37 96
70 38 99
71 38 101
72 38 103
73 39 105
75 39 107
76 40 110
77 40 112
78 40 114
80 40 117
81 41 119
82 41 121
84 41 124
85 41 126
86 42 129
87 42 131
89 42 134
90 42 136
91 42 139
92 42 141
94 42 144
95 43 147
96 43 149
97 43 152
99 43 155
100 43 158
101 43 161
102 43 163
103 43 166
105 43 169
106 43 172
107 42 175
108 42 178
109 42 181
110 42 184
111 42 187
113 42 190
113 42 193
114 43 196
115 43 199
116 43 202
117 43 205
118 44 208
118 45 211
119 46 213
119 47 215
119 49 217
119 50 219
119 52 221
119 54 222
119 56 223
119 59 224
119 61 225
119 63 225
118 66 226
118 68 226
118 70 226
118 73 226
117 75 226
117 77 226
117 79 226
117 82 226
116 84 226
116 86 225
116 88 225
116 90 225
116 92 225
116 94 224
116 96 224
116 98 223
116 99 223
116 101 223
116 103 222
116 105 222
116 107 221
116 108 221
116 110 221
116 112 220
116 113 220
116 115 219
117 116 219
117 118 219
117 120 218
117 121 218
118 123 218
118 124 217
118 126 217
119 127 217
119 129 216
120 130 216
120 131 216
121 133 216
121 134 215
122 136 215
122 137 215
123 138 215
123 140 214
124 141 214
125 142 214
125 144 214
126 145 214
127 146 213
127 148 213
128 149 213
129 150 213
129 152 213
130 153 213
131 154 213
132 156 212
133 157 212
134 158 212
134 159 212
135 161 212
136 162 212
137 163 212
138 164 212
139 166 212
140 167 212
141 168 212
142 169 212
143 171 212
144 172 212
145 173 212
146 174 212
147 175 212
148 177 213
149 178 213
151 179 213
152 180 213
153 181 213
154 183 213
155 184 213
156 185 213
157 186 214
159 187 214
160 189 214
161 190 214
162 191 214
164 192 215
165 193 215
166 195 215
167 196 215
169 197 216
170 198 216
171 199 216
173 201 217
174 202 217
175 203 217
177 204 217
178 205 218
179 207 218
181 208 219
182 209 219
183 210 219
185 211 220
186 213 220
188 214 220
189 215 221
191 216 221
192 217 222
194 219 222
195 220 223
197 221 223
198 222 223
200 223 224
202 224 224
203 226 225
205 227 225
207 228 226
208 229 226
210 230 227
212 231 228
214 233 228
215 234 229
217 235 229
219 236 230
221 237 231
223 238 232
225 239 232
227 240 233
230 241 235
232 242 236
234 243 237
236 244 238
238 245 240
240 246 241
242 247 243
244 248 245
246 249 246
248 250 248
250 252 250
252 253 251
253 254 253
255 255 255
