0 0 0
0 0 0
0 0 0
0 0 0
1 1 1
1 1 1
1 2 2
1 2 2
2 3 3
2 4 4
2 4 5
3 5 6
3 6 7
3 7 8
4 8 10
4 9 11
4 10 13
5 12 14
5 13 15
5 14 17
5 15 18
6 16 20
6 18 21
6 19 23
7 20 24
7 21 25
7 22 27
7 23 28
7 24 30
7 25 31
8 27 33
8 28 34
8 29 36
8 30 37
8 31 39
8 32 41
8 33 42
8 34 44
8 35 45
8 36 47
7 37 48
7 38 50
7 39 52
7 40 53
7 41 55
7 43 57
6 44 58
6 45 60
6 46 62
6 47 64
5 48 65
5 49 67
5 50 69
4 50 71
4 51 73
4 52 74
4 53 76
3 54 78
3 55 80
3 56 82
3 57 84
3 58 86
3 59 88
3 60 90
3 61 92
3 62 93
3 63 95
3 63 97
4 64 99
4 65 102
5 66 104
5 67 106
6 68 108
7 68 110
8 69 112
9 70 114
10 71 116
11 72 118
13 72 120
14 73 122
16 74 124
17 75 126
19 75 129
20 76 131
22 77 133
23 77 135
25 78 137
27 79 139
28 79 141
30 80 143
32 81 146
33 81 148
35 82 150
37 82 152
39 83 154
41 84 156
42 84 158
44 85 160
46 85 162
48 86 164
50 86 166
52 87 168
53 88 170
55 88 172
57 89 174
59 89 176
61 90 178
63 90 180
65 91 182
67 91 184
69 92 186
71 92 188
73 92 190
75 93 191
77 93 193
79 94 195
81 94 197
83 95 199
85 95 200
87 96 202
88 96 203
90 97 205
92 97 207
94 97 208
96 98 210
98 98 211
100 99 213
102 99 214
104 100 215
106 100 217
108 101 218
110 101 219
112 102 220
114 102 221
116 103 223
118 103 224
120 104 225
122 104 226
124 105 226
126 105 227
128 106 228
130 107 229
132 107 230
134 108 230
136 108 231
137 109 231
139 110 232
141 111 232
143 111 233
145 112 233
146 113 233
148 114 233
150 115 233
152 115 233
153 116 234
155 117 233
156 118 233
158 119 233
160 120 233
161 121 233
162 122 233
164 123 233
165 125 232
167 126 232
168 127 232
169 128 231
171 129 231
172 130 231
173 132 230
174 133 230
176 134 230
177 135 229
178 137 229
179 138 228
180 139 228
181 141 228
182 142 227
183 143 227
184 144 227
185 146 227
186 147 226
187 149 226
188 150 226
189 151 226
190 153 225
191 154 225
192 155 225
193 157 225
194 158 225
195 159 225
196 161 225
197 162 225
197 164 225
198 165 225
199 166 225
200 168 225
201 169 225
202 171 225
203 172 225
203 173 225
204 175 225
205 176 225
206 178 225
207 179 225
208 181 226
208 182 226
209 183 226
210 185 226
211 186 226
212 188 227
213 189 227
214 190 227
214 192 227
215 193 228
216 195 228
217 196 228
218 198 229
219 199 229
219 201 230
220 202 230
221 203 230
222 205 231
223 206 231
224 208 232
225 209 232
225 211 233
226 212 233
227 214 234
228 215 234
229 216 235
230 218 235
231 219 236
232 221 237
233 222 237
234 224 238
235 225 238
235 227 239
236 228 240
237 230 240
238 231 241
239 233 242
240 234 243
241 236 243
242 237 244
243 239 245
244 240 246
245 242 246
246 243 247
248 245 248
249 246 249
250 247 250
251 249 251
252 250 252
253 252 253
254 253 254
255 255 255
254 253 254
253 252 253
252 250 251
251 249 250
250 247 249
249 246 248
248 244 247
248 243 246
247 241 245
246 240 244
245 238 243
244 237 242
243 235 241
243 234 240
242 232 239
241 230 238
240 229 237
240 227 236
239 226 235
238 224 234
238 223 233
237 221 232
237 219 231
236 218 230
236 216 229
235 215 228
234 213 227
234 212 226
233 210 225
233 208 224
232 207 223
232 205 222
232 204 221
231 202 220
231 200 219
230 199 218
230 197 218
229 196 217
229 194 216
229 192 215
228 191 214
228 189 213
228 188 212
227 186 210
227 184 209
227 183 208
226 181 207
226 179 206
226 178 205
225 176 204
225 175 203
225 173 202
225 171 201
224 170 200
224 168 199
224 166 198
224 165 197
223 163 195
223 161 194
223 160 193
223 158 192
222 156 191
222 155 189
222 153 188
222 152 187
222 150 186
221 148 184
221 147 183
221 145 182
221 143 180
221 141 179
220 140 178
220 138 176
220 136 175
220 135 173
219 133 172
219 131 170
219 130 169
219 128 167
218 126 166
218 125 164
218 123 163
218 121 161
217 120 159
217 118 158
217 117 156
216 115 154
216 113 152
216 112 150
215 110 149
215 109 147
215 107 145
214 105 143
214 104 141
213 102 139
213 101 137
212 99 135
212 98 133
211 97 131
210 95 129
210 94 127
209 92 125
209 91 122
208 90 120
207 88 118
206 87 116
206 86 114
205 85 112
204 83 109
203 82 107
202 81 105
201 80 103
200 79 101
199 78 99
198 77 96
197 76 94
196 75 92
195 74 90
194 73 88
193 72 86
192 71 84
191 70 82
190 69 80
189 69 77
187 68 75
186 67 73
185 66 71
184 66 69
182 65 67
181 64 66
180 64 64
178 63 62
177 62 60
176 62 58
174 61 56
173 61 54
172 60 53
170 60 51
169 59 49
167 59 47
166 58 46
164 58 44
163 57 42
161 57 41
160 57 39
158 56 37
157 56 36
155 55 34
154 55 33
152 55 31
150 54 30
149 54 29
147 54 27
146 53 26
144 53 24
143 53 23
141 53 22
139 52 20
138 52 19
136 52 18
134 51 17
133 51 16
131 51 14
129 51 13
128 50 12
126 50 11
124 50 10
123 49 9
121 49 8
119 49 7
118 49 7
116 48 6
114 48 5
113 48 5
111 47 4
109 47 4
108 47 4
106 46 3
104 46 3
103 46 3
101 45 2
99 45 2
98 45 2
96 44 2
94 44 2
93 43 2
91 43 2
90 43 2
88 42 2
86 42 2
85 41 2
83 41 2
81 40 2
80 40 2
78 39 2
77 39 2
75 38 2
73 38 3
72 37 3
70 37 3
69 36 3
67 36 3
66 35 3
64 35 3
63 34 3
61 33 3
59 33 4
58 32 4
56 32 4
55 31 4
53 30 4
52 30 4
50 29 4
49 28 4
48 28 4
46 27 4
45 26 4
43 26 4
42 25 4
40 24 4
39 23 4
37 23 4
36 22 4
34 21 4
33 20 4
32 19 4
30 19 4
29 18 4
27 17 4
26 16 4
25 15 4
23 14 4
22 13 4
20 13 3
19 12 3
17 11 3
16 10 3
15 9 3
13 8 3
12 7 2
10 6 2
9 5 2
8 5 2
6 4 2
5 3 1
4 3 1
3 2 1
3 2 1
2 1 1
1 1 1
1 1 0
1 0 0
0 0 0
0 0 0
