0.00000000 0.00000000 0.00000000
0.00021127 0.00023624 0.00030051
0.00071521 0.00082262 0.00108605
0.00144756 0.00171107 0.00233599
0.00237423 0.00288202 0.00405559
0.00347011 0.00432429 0.00625646
0.00471439 0.00603096 0.00895301
0.00608853 0.00799769 0.01216114
0.00757533 0.01022195 0.01589760
0.00915818 0.01270258 0.02017971
0.01082054 0.01543959 0.02502552
0.01254643 0.01843387 0.03045152
0.01431862 0.02168740 0.03647625
0.01612043 0.02520280 0.04302171
0.01793380 0.02898372 0.04959648
0.01973977 0.03303468 0.05615287
0.02151899 0.03736103 0.06269190
0.02325050 0.04192759 0.06921411
0.02491215 0.04648911 0.07571838
0.02648137 0.05103331 0.08220096
0.02793261 0.05556664 0.08865845
0.02924088 0.06009502 0.09508342
0.03037902 0.06462446 0.10146755
0.03131958 0.06916070 0.10779956
0.03203545 0.07370928 0.11406515
0.03249903 0.07827565 0.12024779
0.03268731 0.08286440 0.12632612
0.03258077 0.08747954 0.13227603
0.03216688 0.09212389 0.13807027
0.03144304 0.09679869 0.14367931
0.03041983 0.10150308 0.14907282
0.02912194 0.10623389 0.15422238
0.02758833 0.11098570 0.15910410
0.02587000 0.11575112 0.16370124
0.02402557 0.12052155 0.16800595
0.02211603 0.12528804 0.17201958
0.02019935 0.13004222 0.17575168
0.01832694 0.13477690 0.17921794
0.01654180 0.13948637 0.18243787
0.01487813 0.14416649 0.18543263
0.01336293 0.14881441 0.18822358
0.01201502 0.15342871 0.19083072
0.01084954 0.15800864 0.19327269
0.00987627 0.16255434 0.19556586
0.00910289 0.16706634 0.19772478
0.00853481 0.17154554 0.19976204
0.00817590 0.17599309 0.20168839
0.00802903 0.18041026 0.20351295
0.00809747 0.18479827 0.20524382
0.00838274 0.18915858 0.20688719
0.00888799 0.19349238 0.20844896
0.00961513 0.19780105 0.20993340
0.01056723 0.20208576 0.21134443
0.01174772 0.20634764 0.21268527
0.01316033 0.21058773 0.21395847
0.01480927 0.21480706 0.21516599
0.01669959 0.21900650 0.21630953
0.01883690 0.22318688 0.21739032
0.02122739 0.22734893 0.21840920
0.02387809 0.23149333 0.21936679
0.02679688 0.23562065 0.22026353
0.02999261 0.23973134 0.22109988
0.03347435 0.24382590 0.22187550
0.03725272 0.24790463 0.22259067
0.04131815 0.25196786 0.22324488
0.04546934 0.25601577 0.22383811
0.04968110 0.26004859 0.22436966
0.05395167 0.26406634 0.22483957
0.05827960 0.26806915 0.22524694
0.06266435 0.27205699 0.22559140
0.06710576 0.27602979 0.22587264
0.07160396 0.27998749 0.22608987
0.07615937 0.28392995 0.22624261
0.08077263 0.28785698 0.22633043
0.08544447 0.29176839 0.22635291
0.09017571 0.29566392 0.22630943
0.09496721 0.29954333 0.22619956
0.09981987 0.30340630 0.22602290
0.10473454 0.30725251 0.22577907
0.10971208 0.31108163 0.22546774
0.11475327 0.31489330 0.22508860
0.11985886 0.31868712 0.22464142
0.12502951 0.32246272 0.22412597
0.13026584 0.32621969 0.22354204
0.13556839 0.32995762 0.22288951
0.14093760 0.33367608 0.22216827
0.14637384 0.33737466 0.22137828
0.15187742 0.34105292 0.22051952
0.15744854 0.34471042 0.21959202
0.16308735 0.34834673 0.21859585
0.16879389 0.35196142 0.21753112
0.17456816 0.35555406 0.21639796
0.18041009 0.35912420 0.21519651
0.18631953 0.36267144 0.21392696
0.19229627 0.36619534 0.21258955
0.19834006 0.36969548 0.21118451
0.20445056 0.37317146 0.20971211
0.21062740 0.37662288 0.20817264
0.21687017 0.38004933 0.20656639
0.22317839 0.38345043 0.20489369
0.22955155 0.38682581 0.20315486
0.23598910 0.39017509 0.20135027
0.24249047 0.39349791 0.19948024
0.24905505 0.39679392 0.19754511
0.25568221 0.40006279 0.19554522
0.26237127 0.40330417 0.19348093
0.26912156 0.40651776 0.19135258
0.27593236 0.40970325 0.18916052
0.28280294 0.41286033 0.18690507
0.28973256 0.41598873 0.18458655
0.29672048 0.41908816 0.18220526
0.30376592 0.42215835 0.17976151
0.31086810 0.42519907 0.17725556
0.31802622 0.42821006 0.17468769
0.32523950 0.43119110 0.17205813
0.33250712 0.43414196 0.16936710
0.33982828 0.43706245 0.16661482
0.34720217 0.43995234 0.16380141
0.35462797 0.44281148 0.16092708
0.36210483 0.44563967 0.15799196
0.36963193 0.44843677 0.15499618
0.37720843 0.45120262 0.15193985
0.38483348 0.45393709 0.14882307
0.39250625 0.45664004 0.14564590
0.40022589 0.45931137 0.14240845
0.40799152 0.46195098 0.13911080
0.41580230 0.46455879 0.13575305
0.42365735 0.46713471 0.13233534
0.43155579 0.46967870 0.12885784
0.43949674 0.47219070 0.12532076
0.44747929 0.47467069 0.12172447
0.45550252 0.47711867 0.11806944
0.46356547 0.47953465 0.11435629
0.47166721 0.48191865 0.11058588
0.47980676 0.48427072 0.10675931
0.48798313 0.48659092 0.10287804
0.49619527 0.48887937 0.09894406
0.50444210 0.49113618 0.09495995
0.51272252 0.49336150 0.09092904
0.52103535 0.49555554 0.08685563
0.52937937 0.49771852 0.08274531
0.53775329 0.49985071 0.07860522
0.54615576 0.50195242 0.07444453
0.55458555 0.50402395 0.07027455
0.56304105 0.50606574 0.06611039
0.57152052 0.50807833 0.06197130
0.58002218 0.51006230 0.05788155
0.58854454 0.51201813 0.05387095
0.59708528 0.51394668 0.04997862
0.60564203 0.51584887 0.04625303
0.61421304 0.51772537 0.04275204
0.62279496 0.51957762 0.03953971
0.63138544 0.52140664 0.03676688
0.63998086 0.52321408 0.03455383
0.64857818 0.52500137 0.03294406
0.65717288 0.52677070 0.03198783
0.66576123 0.52852395 0.03173842
0.67433798 0.53026382 0.03225684
0.68289757 0.53199323 0.03361012
0.69143396 0.53371544 0.03587258
0.69994048 0.53543414 0.03912678
0.70840920 0.53715377 0.04335234
0.71683136 0.53887936 0.04837996
0.72519716 0.54061662 0.05415299
0.73349564 0.54237205 0.06060590
0.74171471 0.54415296 0.06767858
0.74984067 0.54596772 0.07531845
0.75785844 0.54782574 0.08348074
0.76575166 0.54973737 0.09212776
0.77350301 0.55171376 0.10122782
0.78109366 0.55376723 0.11075252
0.78850445 0.55591059 0.12067586
0.79571606 0.55815698 0.13097232
0.80270968 0.56051955 0.14161530
0.80946781 0.56301089 0.15257625
0.81597527 0.56564237 0.16382468
0.82221959 0.56842384 0.17532697
0.82819208 0.57136288 0.18704833
0.83388796 0.57446464 0.19895314
0.83930644 0.57773167 0.21100550
0.84445059 0.58116396 0.22317068
0.84932690 0.58475913 0.23541639
0.85394468 0.58851276 0.24771383
0.85831524 0.59241887 0.26003856
0.86245136 0.59647035 0.27236790
0.86636658 0.60065936 0.28468421
0.87007489 0.60497762 0.29697136
0.87358983 0.60941682 0.30921950
0.87692479 0.61396871 0.32141887
0.88009251 0.61862536 0.33356258
0.88310482 0.62337924 0.34564636
0.88597340 0.62822309 0.35766469
0.88870865 0.63315027 0.36961556
0.89131974 0.63815479 0.38149950
0.89381598 0.64323082 0.39331424
0.89620613 0.64837293 0.40505793
0.89849692 0.65357662 0.41673367
0.90069559 0.65883742 0.42834111
0.90280874 0.66415124 0.43988061
0.90484231 0.66951441 0.45135307
0.90680168 0.67492362 0.46275990
0.90869164 0.68037592 0.47410291
0.91051770 0.68586821 0.48538131
0.91228480 0.69139774 0.49659512
0.91399479 0.69696302 0.50775074
0.91565443 0.70256083 0.51884273
0.91726467 0.70819019 0.52987805
0.91883159 0.71384831 0.54085209
0.92035518 0.71953477 0.55177259
0.92184253 0.72524654 0.56263236
0.92329389 0.73098322 0.57343774
0.92471179 0.73674362 0.58418996
0.92609946 0.74252636 0.59488875
0.92746172 0.74832952 0.60553081
0.92879879 0.75415292 0.61612103
0.93011328 0.75999556 0.62665970
0.93140767 0.76585651 0.63714716
0.93268434 0.77173494 0.64758382
0.93394557 0.77763008 0.65797012
0.93519353 0.78354123 0.66830656
0.93643033 0.78946776 0.67859365
0.93765802 0.79540907 0.68883193
0.93887857 0.80136465 0.69902193
0.94009555 0.80733344 0.70916176
0.94131079 0.81331502 0.71925214
0.94252508 0.81930934 0.72929525
0.94374027 0.82531602 0.73929162
0.94495845 0.83133459 0.74924136
0.94618604 0.83736322 0.75913865
0.94742056 0.84340300 0.76899008
0.94866392 0.84945360 0.77879603
0.94992365 0.85551289 0.78854940
0.95119750 0.86158194 0.79825632
0.95248826 0.86766017 0.80791609
0.95380283 0.87374574 0.81752297
0.95513783 0.87984007 0.82708439
0.95650313 0.88594043 0.83659117
0.95789582 0.89204808 0.84605033
0.95932448 0.89816073 0.85545487
0.96078883 0.90427883 0.86480892
0.96229754 0.91040005 0.87410627
0.96385087 0.91652463 0.88335138
0.96546071 0.92264922 0.89253589
0.96712741 0.92877384 0.90166658
0.96886707 0.93489360 0.91073462
0.97068667 0.94100583 0.91974718
0.97260803 0.94710245 0.92870598
0.97467260 0.95316709 0.93761771
0.97697694 0.95916172 0.94648703
0.97976901 0.96500288 0.95517802
0.98320766 0.97067583 0.96324868
0.98683577 0.97636954 0.97066284
0.99031830 0.98216912 0.97789331
0.99365089 0.98805248 0.98516675
0.99687019 0.99399949 0.99253395
1.00000000 1.00000000 1.00000000
