0 0 0
0 0 0
0 0 0
0 0 0
1 1 1
1 1 1
2 1 2
2 2 2
3 2 3
3 3 3
4 3 4
5 4 5
6 4 6
7 5 7
8 6 8
9 6 9
10 7 11
11 8 12
13 9 13
14 10 14
15 11 16
16 11 17
17 12 18
19 13 19
20 14 20
21 15 22
22 16 23
23 17 24
24 17 25
26 18 26
27 19 27
28 20 29
29 21 30
30 21 31
31 22 32
33 23 33
34 24 34
35 24 36
36 25 37
37 26 38
39 27 39
40 27 40
41 28 41
42 29 42
43 29 43
45 30 44
46 31 46
47 31 47
48 32 48
49 33 49
51 33 50
52 34 51
53 35 52
54 35 53
56 36 54
57 37 55
58 37 56
59 38 57
61 39 58
62 39 59
63 40 60
64 40 61
66 41 62
67 42 63
68 42 64
70 43 64
71 43 65
72 44 66
74 45 67
75 45 68
76 46 68
77 46 69
79 47 70
80 48 71
81 48 71
83 49 72
84 50 73
85 50 73
86 51 74
88 51 74
89 52 75
90 53 76
92 53 76
93 54 77
94 55 77
95 55 78
97 56 78
98 57 78
99 57 79
100 58 79
102 59 80
103 60 80
104 60 81
105 61 81
106 62 81
107 62 82
109 63 82
110 64 82
111 65 83
112 65 83
113 66 83
114 67 84
116 68 84
117 69 84
118 69 85
119 70 85
120 71 85
121 72 86
122 73 86
123 73 86
124 74 87
126 75 87
127 76 87
128 77 87
129 78 88
130 79 88
131 79 88
132 80 89
133 81 89
134 82 89
135 83 89
136 84 90
137 85 90
138 86 90
139 87 91
140 88 91
141 88 91
142 89 91
143 90 92
144 91 92
145 92 92
146 93 93
147 94 93
147 95 93
148 96 94
149 97 94
150 98 94
151 99 95
152 100 95
153 101 95
154 102 96
155 103 96
155 104 96
156 105 97
157 106 97
158 107 98
159 108 98
159 110 98
160 111 99
161 112 99
162 113 100
163 114 100
163 115 101
164 116 101
165 117 102
166 118 102
166 119 103
167 120 103
168 122 104
168 123 104
169 124 105
170 125 105
171 126 106
171 127 107
172 128 107
173 130 108
173 131 108
174 132 109
175 133 110
175 134 110
176 135 111
177 137 112
177 138 112
178 139 113
178 140 114
179 141 115
180 143 115
180 144 116
181 145 117
181 146 118
182 147 118
183 149 119
183 150 120
184 151 121
184 152 122
185 154 122
186 155 123
186 156 124
187 157 125
187 158 126
188 160 127
188 161 128
189 162 128
189 163 129
190 165 130
191 166 131
191 167 132
192 169 133
192 170 134
193 171 135
193 172 136
194 174 137
194 175 138
195 176 139
195 177 140
196 179 141
196 180 142
197 181 143
197 183 144
198 184 145
199 185 146
199 187 147
200 188 148
200 189 149
201 190 150
201 192 151
202 193 152
202 194 153
203 196 154
203 197 155
204 198 157
204 200 158
205 201 159
205 202 160
206 204 161
207 205 162
207 206 163
208 208 164
208 209 165
209 211 166
209 212 168
210 213 169
210 215 170
211 216 171
212 217 172
212 219 173
213 220 174
213 221 175
214 223 176
214 224 178
215 226 179
216 227 180
216 229 181
217 230 182
217 231 183
218 233 184
218 234 185
219 236 186
220 237 187
220 239 188
221 240 190
221 241 191
222 243 192
222 244 193
223 246 194
224 247 195
