0 0 0
0 0 0
0 0 0
0 0 1
1 1 1
1 1 1
1 1 2
2 1 3
2 2 4
3 2 5
4 3 6
4 3 7
5 4 8
6 4 10
7 5 12
8 5 13
9 6 15
10 7 17
11 7 18
12 8 20
13 9 22
14 10 23
15 10 25
16 11 27
17 12 29
18 13 30
19 13 32
20 14 34
21 15 36
22 16 38
23 16 40
24 17 42
25 18 43
25 19 45
26 19 47
27 20 49
28 21 51
29 21 53
29 22 55
30 23 57
31 23 59
31 24 62
32 25 64
33 26 66
33 26 68
34 27 70
34 28 72
35 29 74
35 30 76
35 30 78
35 31 80
36 32 82
36 33 84
36 34 86
36 35 88
35 36 89
35 37 91
35 38 92
35 40 93
34 41 95
34 42 96
33 43 96
33 45 97
32 46 98
32 47 98
31 48 99
31 50 99
30 51 100
30 52 100
29 54 100
29 55 100
28 56 101
28 57 101
28 58 101
27 60 101
27 61 101
27 62 101
27 63 102
26 64 102
26 65 102
26 66 102
26 68 102
26 69 102
26 70 102
26 71 102
26 72 102
26 73 102
26 74 102
26 75 103
26 76 103
26 77 103
26 78 103
26 79 103
26 80 103
26 81 103
27 82 103
27 83 103
27 85 103
27 86 104
27 87 104
27 88 104
27 89 104
27 90 104
28 91 104
28 92 104
28 93 104
28 94 104
28 95 105
28 96 105
28 97 105
28 98 105
28 99 105
28 100 105
28 101 105
28 102 105
28 103 105
28 104 105
28 105 105
28 106 105
27 107 106
27 108 106
27 109 106
27 111 106
27 112 106
26 113 106
26 114 106
26 115 106
25 116 106
25 117 105
25 118 105
24 119 105
24 120 105
23 121 105
23 122 105
22 123 105
22 125 105
21 126 105
21 127 104
20 128 104
19 129 104
19 130 104
18 131 103
17 132 103
17 133 103
16 134 103
15 136 102
14 137 102
14 138 101
13 139 101
12 140 101
11 141 100
10 142 100
10 143 99
9 144 99
8 146 98
7 147 98
7 148 97
6 149 97
6 150 96
6 151 95
5 152 95
5 153 94
5 154 93
5 156 92
6 157 92
6 158 91
7 159 90
7 160 89
8 161 88
9 162 87
11 163 86
12 164 86
13 165 85
15 167 83
17 168 82
18 169 81
20 170 80
22 171 79
24 172 78
25 173 77
27 174 75
29 175 74
31 176 72
33 177 71
36 178 70
38 179 68
40 180 66
42 181 65
44 182 63
47 183 61
49 184 60
52 185 58
54 186 56
57 187 54
60 188 52
62 189 49
65 190 47
68 191 45
71 192 42
74 193 40
77 194 37
81 194 34
84 195 31
88 196 28
91 197 25
95 197 22
99 198 20
103 198 18
107 199 17
111 200 16
115 200 17
118 201 19
122 201 22
125 202 24
129 202 28
132 203 31
135 203 34
138 204 38
141 204 41
143 205 44
146 205 47
149 206 51
151 207 54
154 207 57
156 208 60
158 208 63
161 209 66
163 210 69
165 210 72
167 211 75
169 212 78
171 212 81
174 213 84
176 214 86
178 214 89
180 215 92
182 216 95
184 217 98
186 217 100
187 218 103
189 219 106
191 219 108
193 220 111
195 221 114
197 222 116
199 222 119
201 223 122
202 224 124
204 225 127
206 225 130
208 226 132
210 227 135
211 228 138
213 229 140
215 229 143
217 230 145
