0 0 0
0 0 0
0 0 0
0 0 0
1 1 0
1 1 1
1 1 1
1 2 1
2 2 2
2 3 2
3 3 2
3 4 3
4 5 3
4 6 4
5 6 4
5 7 5
6 8 5
6 9 6
7 10 6
8 11 7
8 12 7
9 14 8
10 15 8
11 16 9
11 17 10
12 18 10
13 19 11
14 20 12
14 21 12
15 22 13
16 23 13
16 24 14
17 25 15
18 26 15
18 27 16
19 28 16
20 29 17
20 30 17
21 30 18
21 31 18
22 32 19
23 33 19
23 34 20
24 35 20
24 36 21
25 37 21
26 38 22
26 39 22
27 40 23
27 41 23
28 42 24
28 43 24
29 44 24
29 45 25
30 46 25
30 47 26
31 48 26
31 49 27
32 50 27
32 50 27
33 51 28
33 52 28
34 53 28
34 54 29
35 55 29
35 56 30
36 57 30
36 58 30
37 59 31
37 60 31
38 61 31
38 62 32
38 63 32
39 64 32
39 65 33
40 66 33
40 67 33
41 68 34
41 68 34
41 69 34
42 70 34
42 71 35
42 72 35
43 73 35
43 74 36
43 75 36
44 76 36
44 77 36
44 78 37
45 79 37
45 80 37
45 81 38
46 82 38
46 83 38
46 84 38
46 85 39
47 86 39
47 87 39
47 88 39
47 89 40
48 90 40
48 91 40
48 92 40
48 93 41
48 94 41
48 95 41
49 96 41
49 97 41
49 98 42
49 99 42
49 100 42
49 101 42
49 102 43
49 103 43
49 104 43
49 105 43
49 106 44
49 107 44
49 108 44
49 109 44
49 110 45
48 111 45
48 112 45
48 113 46
48 114 46
47 115 46
47 116 47
47 118 47
46 119 47
46 120 48
45 121 48
45 122 49
44 123 49
43 124 50
43 125 50
42 126 51
41 127 52
40 128 52
39 130 53
38 131 54
36 132 55
35 133 56
34 134 57
32 135 58
31 136 59
29 137 60
28 138 61
26 139 62
25 141 64
23 142 65
22 143 66
21 144 68
19 145 69
18 146 71
17 147 72
16 148 74
14 149 75
14 150 77
13 151 78
12 152 80
11 153 81
11 154 83
11 155 84
11 156 86
11 157 88
11 158 89
11 159 91
12 160 92
12 161 94
13 162 96
14 163 97
15 164 99
16 165 100
17 165 102
18 166 103
19 167 105
20 168 107
22 169 108
23 170 110
24 171 112
25 172 113
27 173 115
28 174 116
29 175 118
31 176 120
32 177 121
33 178 123
34 179 124
36 180 126
37 181 128
38 182 129
40 183 131
41 184 132
42 185 134
44 186 136
45 186 137
46 187 139
48 188 141
49 189 142
50 190 144
51 191 145
53 192 147
54 193 149
55 194 150
57 195 152
58 196 154
59 197 155
61 198 157
62 199 158
63 200 160
64 201 162
66 202 163
67 203 165
68 204 167
69 205 168
71 206 170
72 207 172
73 208 173
74 209 175
76 210 177
77 211 178
78 212 180
79 213 182
81 214 183
82 215 185
83 216 187
84 217 188
86 218 190
87 219 192
88 220 193
89 221 195
90 222 197
92 223 198
93 224 200
94 225 202
95 226 203
97 227 205
98 228 207
99 229 208
100 230 210
101 231 212
102 232 213
104 233 215
105 234 217
106 235 219
107 236 220
108 237 222
110 239 224
111 240 226
112 241 227
113 242 229
114 243 231
115 244 233
117 245 234
118 246 236
119 247 238
