0 0 0
0 0 0
0 0 0
1 0 0
1 1 1
2 1 1
2 1 1
3 2 1
4 2 2
5 2 2
6 3 2
8 3 3
9 4 3
11 4 4
13 5 4
14 6 5
16 6 5
17 7 6
19 8 6
21 8 7
22 9 7
24 10 8
25 11 9
27 11 9
28 12 10
30 13 10
32 13 11
33 14 12
35 15 12
36 15 13
38 16 13
39 17 14
41 17 14
42 18 15
44 19 15
46 19 16
47 20 16
49 20 17
50 21 17
52 21 18
54 22 18
55 22 19
57 23 19
58 23 20
60 24 20
61 24 21
63 25 21
65 25 21
66 26 22
68 26 22
69 27 23
71 27 23
73 28 23
74 28 24
76 28 24
78 29 25
79 29 25
81 29 25
83 30 26
84 30 26
86 30 26
87 31 27
89 31 27
91 31 28
93 32 28
94 32 28
96 32 29
98 32 29
99 33 29
101 33 30
103 33 30
104 33 30
106 33 31
108 33 31
110 34 31
111 34 32
113 34 32
115 34 32
117 34 33
118 34 33
120 34 33
122 34 34
124 34 34
125 34 34
127 34 35
129 34 35
131 34 36
133 34 36
134 34 36
136 34 37
138 33 37
140 33 37
142 33 38
144 33 38
145 33 39
147 32 39
149 32 39
151 32 40
153 31 40
155 31 41
157 30 41
159 30 42
160 29 42
162 29 43
164 28 44
166 27 44
168 27 45
170 26 46
172 25 46
174 24 47
176 23 48
178 22 49
180 21 50
181 20 51
183 19 52
185 18 53
187 17 55
189 16 56
190 16 58
192 16 60
193 16 62
195 17 64
196 19 66
197 21 68
198 23 70
199 25 72
200 28 75
201 30 77
201 33 79
202 35 81
203 38 83
204 40 85
204 42 87
205 45 89
206 47 91
206 49 93
207 52 95
207 54 97
208 56 99
208 58 101
209 60 103
209 62 105
210 64 106
210 66 108
211 68 110
211 70 112
212 72 114
212 74 116
213 76 117
213 78 119
213 80 121
214 82 123
214 84 124
214 86 126
215 88 128
215 90 130
216 92 131
216 93 133
216 95 135
216 97 136
217 99 138
217 101 139
217 103 141
218 104 143
218 106 144
218 108 146
218 110 147
219 112 149
219 113 151
219 115 152
219 117 154
220 119 155
220 120 157
220 122 158
220 124 160
221 126 161
221 127 163
221 129 164
221 131 165
221 132 167
222 134 168
222 136 170
222 138 171
222 139 173
222 141 174
223 143 175
223 144 177
223 146 178
223 148 179
223 149 181
224 151 182
224 153 184
224 154 185
224 156 186
224 158 187
225 159 189
225 161 190
225 163 191
225 164 193
225 166 194
226 168 195
226 169 196
226 171 198
226 173 199
227 174 200
227 176 201
227 177 203
227 179 204
228 181 205
228 182 206
228 184 207
228 186 208
229 187 210
229 189 211
229 191 212
230 192 213
230 194 214
230 195 215
231 197 216
231 199 218
231 200 219
232 202 220
232 203 221
232 205 222
233 207 223
233 208 224
234 210 225
234 211 226
235 213 227
235 215 228
236 216 229
236 218 230
237 219 231
237 221 232
238 223 233
238 224 235
239 226 236
240 227 237
240 229 238
241 230 238
242 232 239
242 234 240
243 235 241
244 237 242
245 238 243
245 240 244
246 241 245
247 243 246
248 244 247
249 246 248
250 247 249
251 249 251
252 250 252
253 252 253
254 253 254
255 255 255
