0.00000000 0.00000000 0.00000000
0.00031678 0.00020981 0.00015873
0.00113813 0.00071642 0.00052065
0.00243391 0.00146271 0.00102453
0.00420140 0.00242065 0.00163945
0.00644454 0.00357111 0.00234478
0.00917020 0.00489945 0.00312526
0.01238680 0.00639369 0.00396898
0.01610377 0.00804362 0.00486629
0.02033115 0.00984029 0.00580917
0.02507948 0.01177566 0.00679084
0.03035965 0.01384243 0.00780545
0.03618283 0.01603383 0.00884796
0.04249423 0.01834356 0.00991391
0.04883099 0.02076565 0.01099939
0.05513431 0.02329446 0.01210089
0.06140959 0.02592459 0.01321529
0.06766145 0.02865085 0.01433980
0.07389385 0.03146824 0.01547190
0.08011027 0.03437190 0.01660930
0.08631373 0.03735711 0.01774995
0.09250691 0.04041924 0.01889199
0.09869217 0.04343598 0.02003374
0.10487168 0.04638954 0.02117365
0.11104735 0.04928255 0.02231032
0.11722093 0.05211697 0.02344248
0.12339399 0.05489450 0.02456899
0.12956796 0.05761669 0.02568883
0.13574418 0.06028492 0.02680106
0.14192385 0.06290042 0.02790486
0.14810811 0.06546429 0.02899947
0.15429798 0.06797750 0.03008423
0.16049445 0.07044093 0.03115858
0.16669840 0.07285535 0.03222201
0.17291069 0.07522145 0.03327410
0.17913209 0.07753983 0.03431450
0.18536337 0.07981100 0.03534290
0.19160523 0.08203540 0.03635909
0.19785833 0.08421343 0.03736291
0.20412328 0.08634541 0.03835428
0.21040069 0.08843159 0.03933317
0.21669110 0.09047219 0.04029962
0.22299507 0.09246736 0.04123565
0.22931311 0.09441718 0.04214514
0.23564570 0.09632171 0.04303151
0.24199335 0.09818091 0.04389579
0.24835650 0.09999476 0.04473909
0.25473556 0.10176316 0.04556247
0.26113095 0.10348599 0.04636699
0.26754308 0.10516305 0.04715372
0.27397232 0.10679413 0.04792372
0.28041905 0.10837895 0.04867803
0.28688363 0.10991721 0.04941774
0.29336641 0.11140854 0.05014393
0.29986772 0.11285254 0.05085770
0.30638789 0.11424879 0.05156014
0.31292723 0.11559678 0.05225241
0.31948605 0.11689600 0.05293565
0.32606464 0.11814586 0.05361105
0.33266329 0.11934575 0.05427981
0.33928226 0.12049501 0.05494317
0.34592182 0.12159291 0.05560242
0.35258222 0.12263870 0.05625886
0.35926386 0.12363140 0.05691368
0.36596686 0.12457025 0.05756842
0.37269144 0.12545436 0.05822452
0.37943779 0.12628275 0.05888348
0.38620614 0.12705439 0.05954685
0.39299671 0.12776812 0.06021619
0.39980993 0.12842247 0.06089290
0.40664571 0.12901654 0.06157901
0.41350418 0.12954906 0.06227632
0.42038576 0.13001832 0.06298644
0.42729057 0.13042285 0.06371131
0.43421847 0.13076146 0.06445323
0.44117004 0.13103188 0.06521384
0.44814508 0.13123277 0.06599562
0.45514376 0.13136215 0.06680075
0.46216633 0.13141783 0.06763146
0.46921264 0.13139798 0.06849040
0.47628294 0.13130011 0.06937997
0.48337724 0.13112184 0.07030287
0.49049525 0.13086114 0.07126216
0.49763767 0.13051416 0.07226017
0.50480386 0.13007901 0.07330047
0.51199380 0.12955255 0.07438623
0.51920753 0.12893133 0.07552071
0.52644516 0.12821138 0.07670726
0.53370621 0.12738951 0.07794981
0.54099049 0.12646170 0.07925226
0.54829774 0.12542367 0.08061870
0.55562759 0.12427087 0.08205350
0.56297961 0.12299849 0.08356126
0.57035358 0.12160071 0.08514671
0.57774874 0.12007222 0.08681511
0.58516414 0.11840755 0.08857210
0.59259924 0.11659962 0.09042342
0.60005306 0.11464143 0.09237536
0.60752433 0.11252584 0.09443470
0.61501154 0.11024529 0.09660874
0.62251373 0.10778963 0.09890513
0.63002849 0.10515116 0.10133248
0.63755368 0.10232010 0.10389997
0.64508670 0.09928637 0.10661755
0.65262438 0.09603986 0.10949613
0.66016365 0.09256798 0.11254763
0.66769930 0.08886317 0.11578503
0.67522686 0.08491320 0.11922269
0.68273968 0.08071164 0.12287615
0.69023051 0.07625264 0.12676247
0.69769048 0.07153604 0.13090015
0.70510879 0.06657087 0.13530902
0.71247338 0.06137543 0.14001069
0.71976856 0.05599482 0.14502680
0.72697676 0.05050212 0.15037976
0.73407724 0.04501954 0.15609080
0.74104639 0.03972919 0.16217874
0.74785792 0.03506950 0.16865742
0.75448390 0.03150458 0.17553351
0.76089597 0.02927932 0.18280308
0.76706777 0.02863725 0.19045019
0.77297720 0.02980356 0.19844570
0.77860866 0.03296620 0.20674855
0.78395449 0.03826110 0.21530926
0.78901512 0.04548945 0.22407428
0.79379815 0.05390048 0.23299057
0.79831651 0.06311609 0.24200954
0.80258648 0.07283916 0.25108957
0.80662601 0.08285248 0.26019551
0.81045304 0.09300477 0.26930052
0.81408494 0.10319308 0.27838324
0.81753773 0.11334960 0.28742803
0.82082594 0.12343073 0.29642337
0.82396273 0.13340924 0.30536063
0.82695965 0.14326948 0.31423400
0.82982683 0.15300368 0.32303980
0.83257326 0.16260893 0.33177546
0.83520720 0.17208509 0.34043879
0.83773554 0.18143506 0.34902930
0.84016452 0.19066282 0.35754675
0.84249960 0.19977327 0.36599138
0.84474639 0.20877051 0.37436248
0.84690895 0.21766063 0.38266135
0.84899140 0.22644883 0.39088855
0.85099744 0.23514029 0.39904477
0.85293091 0.24373937 0.40713015
0.85479456 0.25225142 0.41514602
0.85659102 0.26068132 0.42309349
0.85832374 0.26903228 0.43097234
0.85999436 0.27730951 0.43878445
0.86160613 0.28551562 0.44652947
0.86316045 0.29365520 0.45420914
0.86465970 0.30173118 0.46182381
0.86610626 0.30974623 0.46937379
0.86750155 0.31770382 0.47686029
0.86884744 0.32560659 0.48428392
0.87014570 0.33345705 0.49164528
0.87139803 0.34125756 0.49894503
0.87260603 0.34901036 0.50618378
0.87377125 0.35671756 0.51336217
0.87489518 0.36438116 0.52048084
0.87597926 0.37200302 0.52754041
0.87702490 0.37958493 0.53454149
0.87803398 0.38712802 0.54148427
0.87900738 0.39463433 0.54836972
0.87994639 0.40210535 0.55519847
0.88085252 0.40954227 0.56197091
0.88172736 0.41694611 0.56868740
0.88257162 0.42431862 0.57534889
0.88338708 0.43166049 0.58195558
0.88417480 0.43897298 0.58850814
0.88493592 0.44625720 0.59500716
0.88567205 0.45351381 0.60145295
0.88638396 0.46074413 0.60784629
0.88707339 0.46794860 0.61418743
0.88774112 0.47512840 0.62047710
0.88838866 0.48228409 0.62671567
0.88901718 0.48941647 0.63290368
0.88962764 0.49652641 0.63904174
0.89022184 0.50361418 0.64513008
0.89080040 0.51068084 0.65116947
0.89136483 0.51772681 0.65716028
0.89191645 0.52475258 0.66310294
0.89245619 0.53175895 0.66899808
0.89298545 0.53874629 0.67484610
0.89350563 0.54571503 0.68064742
0.89401767 0.55266584 0.68640262
0.89452285 0.55959917 0.69211217
0.89502271 0.56651527 0.69777644
0.89551830 0.57341470 0.70339596
0.89601083 0.58029791 0.70897122
0.89650160 0.58716528 0.71450266
0.89699207 0.59401706 0.71999070
0.89748342 0.60085370 0.72543581
0.89797691 0.60767556 0.73083846
0.89847386 0.61448297 0.73619908
0.89897562 0.62127623 0.74151811
0.89948365 0.62805558 0.74679597
0.89999919 0.63482138 0.75203309
0.90052360 0.64157391 0.75722992
0.90105827 0.64831343 0.76238687
0.90160461 0.65504019 0.76750435
0.90216407 0.66175441 0.77258277
0.90273808 0.66845633 0.77762253
0.90332805 0.67514619 0.78262404
0.90393547 0.68182419 0.78758769
0.90456184 0.68849052 0.79251386
0.90520866 0.69514536 0.79740293
0.90587748 0.70178890 0.80225529
0.90656984 0.70842130 0.80707130
0.90728733 0.71504271 0.81185132
0.90803157 0.72165325 0.81659570
0.90880421 0.72825307 0.82130480
0.90960691 0.73484225 0.82597896
0.91044133 0.74142095 0.83061851
0.91130921 0.74798922 0.83522379
0.91221235 0.75454713 0.83979511
0.91315257 0.76109473 0.84433279
0.91413173 0.76763206 0.84883714
0.91515164 0.77415916 0.85330845
0.91621423 0.78067607 0.85774703
0.91732157 0.78718271 0.86215316
0.91847571 0.79367905 0.86652714
0.91967878 0.80016501 0.87086924
0.92093272 0.80664062 0.87517972
0.92223997 0.81310567 0.87945886
0.92360288 0.81956000 0.88370694
0.92502387 0.82600343 0.88792425
0.92650513 0.83243588 0.89211099
0.92804960 0.83885693 0.89626751
0.92966003 0.84526628 0.90039409
0.93133900 0.85166368 0.90449099
0.93308972 0.85804863 0.90855856
0.93491552 0.86442057 0.91259722
0.93681944 0.87077907 0.91660725
0.93880539 0.87712333 0.92058923
0.94087729 0.88345254 0.92454373
0.94303900 0.88976593 0.92847134
0.94529554 0.89606219 0.93237313
0.94765134 0.90234030 0.93625006
0.95011224 0.90859856 0.94010387
0.95268373 0.91483544 0.94393650
0.95537245 0.92104878 0.94775104
0.95818476 0.92723652 0.95155137
0.96112790 0.93339598 0.95534354
0.96420783 0.93952485 0.95913545
0.96742987 0.94562062 0.96293887
0.97079529 0.95168206 0.96676943
0.97429880 0.95771001 0.97064743
0.97792449 0.96370916 0.97459669
0.98164146 0.96969023 0.97863963
0.98540382 0.97567077 0.98278878
0.98915839 0.98167305 0.98703724
0.99285793 0.98771924 0.99135433
0.99647391 0.99382564 0.99569235
1.00000000 1.00000000 1.00000000
