13 52 11
13 53 12
12 54 14
12 55 16
11 56 17
11 57 19
10 58 20
10 58 22
9 59 23
9 60 25
8 61 26
8 62 28
8 63 29
7 63 31
7 64 32
6 65 34
6 66 35
6 67 37
5 68 38
5 68 40
5 69 41
5 70 42
5 71 44
4 72 45
4 72 47
4 73 48
4 74 50
4 75 51
4 76 53
4 76 54
4 77 55
4 78 57
5 79 58
5 79 60
5 80 61
5 81 63
6 82 64
6 82 65
6 83 67
7 84 68
7 85 70
8 85 71
8 86 73
9 87 74
9 88 75
10 88 77
10 89 78
11 90 80
12 91 81
13 91 82
13 92 84
14 93 85
15 94 87
15 94 88
16 95 90
17 96 91
17 96 93
18 97 94
19 98 95
20 99 97
20 99 98
21 100 100
22 101 101
23 101 103
23 102 104
24 103 106
25 104 107
26 104 109
26 105 110
27 106 112
28 106 113
29 107 115
29 108 116
30 109 118
31 109 119
32 110 121
33 111 122
33 111 124
34 112 125
35 113 127
36 113 128
37 114 130
38 115 131
38 115 133
39 116 135
40 117 136
41 118 138
42 118 139
43 119 141
44 120 143
45 120 144
45 121 146
46 122 147
47 122 149
48 123 151
49 124 152
50 124 154
51 125 156
52 126 157
53 126 159
54 127 161
55 127 162
56 128 164
57 129 166
58 129 167
60 130 169
61 131 171
62 131 172
63 132 174
64 133 176
65 133 178
67 134 179
68 134 181
69 135 183
70 136 184
71 136 186
73 137 188
74 137 190
75 138 191
77 138 193
78 139 195
79 140 197
81 140 198
82 141 200
84 141 202
85 142 203
87 142 205
88 143 207
90 143 209
91 144 210
93 144 212
94 145 214
96 145 215
98 146 217
99 146 218
101 147 220
103 147 222
104 148 223
106 148 225
108 149 226
110 149 228
111 150 229
113 150 231
115 151 232
117 151 233
119 152 235
121 152 236
122 152 237
124 153 238
126 153 240
128 154 241
130 154 242
132 155 243
134 155 243
136 156 244
138 156 245
140 157 246
142 157 246
144 158 247
146 158 248
148 159 248
149 159 248
151 160 249
153 161 249
155 161 249
157 162 249
159 162 249
160 163 249
162 164 249
164 165 249
165 165 249
167 166 249
169 167 249
170 168 249
172 168 249
173 169 248
175 170 248
176 171 248
178 172 248
179 172 247
180 173 247
182 174 247
183 175 247
185 176 246
186 177 246
187 178 246
188 179 245
190 180 245
191 181 245
192 182 245
193 183 244
194 184 244
195 185 244
197 186 244
198 187 243
199 188 243
200 189 243
201 190 243
202 191 243
203 192 242
204 193 242
205 194 242
206 195 242
207 196 242
208 197 242
209 198 242
210 199 242
211 200 241
212 201 241
213 202 241
214 203 241
215 204 241
216 205 241
217 207 241
218 208 241
219 209 241
220 210 241
221 211 241
222 212 242
222 213 242
223 214 242
224 215 242
225 217 242
226 218 242
227 219 242
228 220 243
229 221 243
230 222 243
231 223 243
231 224 243
232 226 244
233 227 244
234 228 244
235 229 244
236 230 245
237 231 245
238 233 245
239 234 246
240 235 246
240 236 246
241 237 247
242 238 247
243 240 248
244 241 248
245 242 249
246 243 249
247 244 250
248 245 250
249 247 251
250 248 251
251 249 252
251 250 252
252 251 253
253 253 254
254 254 254
255 255 255
