0.08012388 0.05085212 0.18585309
0.08464903 0.05310388 0.19313057
0.08909848 0.05531465 0.20052237
0.09346744 0.05748970 0.20802858
0.09775023 0.05963491 0.21564856
0.10194027 0.06175700 0.22338051
0.10602998 0.06386368 0.23122120
0.11001084 0.06596361 0.23916616
0.11387325 0.06806677 0.24720887
0.11760656 0.07018454 0.25534057
0.12119903 0.07232984 0.26354982
0.12463794 0.07451708 0.27182249
0.12790960 0.07676231 0.28014093
0.13099959 0.07908310 0.28848376
0.13389298 0.08149817 0.29682602
0.13657475 0.08402720 0.30513848
0.13903026 0.08668994 0.31338847
0.14124596 0.08950561 0.32153983
0.14320996 0.09249168 0.32955441
0.14491285 0.09566289 0.33739297
0.14634832 0.09903013 0.34501685
0.14751371 0.10259960 0.35238973
0.14841023 0.10637226 0.35947933
0.14904300 0.11034373 0.36625888
0.14942075 0.11450462 0.37270814
0.14955523 0.11884139 0.37881386
0.14946064 0.12333725 0.38456969
0.14915316 0.12797330 0.38997543
0.14864949 0.13272976 0.39503674
0.14796708 0.13758675 0.39976353
0.14712335 0.14252506 0.40416908
0.14613519 0.14752676 0.40826920
0.14501864 0.15257556 0.41208121
0.14378889 0.15765694 0.41562319
0.14246084 0.16275792 0.41891347
0.14104758 0.16786759 0.42197018
0.13956163 0.17297654 0.42481093
0.13801475 0.17807683 0.42745259
0.13641770 0.18316193 0.42991117
0.13478033 0.18822653 0.43220168
0.13311289 0.19326601 0.43433840
0.13142295 0.19827733 0.43633418
0.12971991 0.20325742 0.43820148
0.12801055 0.20820457 0.43995130
0.12630239 0.21311724 0.44159408
0.12460241 0.21799438 0.44313942
0.12291716 0.22283538 0.44459614
0.12125276 0.22763997 0.44597230
0.11961494 0.23240820 0.44727528
0.11800910 0.23714031 0.44851180
0.11644125 0.24183654 0.44968839
0.11491596 0.24649756 0.45081057
0.11343805 0.25112406 0.45188359
0.11201233 0.25571675 0.45291235
0.11064326 0.26027644 0.45390130
0.10933441 0.26480420 0.45485425
0.10809023 0.26930081 0.45577514
0.10691446 0.27376726 0.45666744
0.10581004 0.27820464 0.45753403
0.10478014 0.28261395 0.45837780
0.10382762 0.28699623 0.45920135
0.10295500 0.29135249 0.46000707
0.10216445 0.29568377 0.46079710
0.10145782 0.29999111 0.46157339
0.10083659 0.30427552 0.46233771
0.10030190 0.30853804 0.46309163
0.09985521 0.31277952 0.46383694
0.09949643 0.31700106 0.46457465
0.09922555 0.32120366 0.46530585
0.09904256 0.32538821 0.46603169
0.09894743 0.32955556 0.46675338
0.09893843 0.33370677 0.46747127
0.09901506 0.33784260 0.46818644
0.09917556 0.34196398 0.46889934
0.09941814 0.34607177 0.46961046
0.09974110 0.35016674 0.47032041
0.10014191 0.35424976 0.47102934
0.10061835 0.35832158 0.47173764
0.10116787 0.36238297 0.47244551
0.10178736 0.36643475 0.47315286
0.10247477 0.37047749 0.47386020
0.10322638 0.37451207 0.47456704
0.10403951 0.37853911 0.47527347
0.10491141 0.38255922 0.47597954
0.10583861 0.38657315 0.47668476
0.10681814 0.39058152 0.47738890
0.10784754 0.39458484 0.47809199
0.10892345 0.39858378 0.47879337
0.11004301 0.40257893 0.47949264
0.11120354 0.40657081 0.48018934
0.11240259 0.41055994 0.48088314
0.11363758 0.41454683 0.48157342
0.11490602 0.41853199 0.48225954
0.11620568 0.42251589 0.48294085
0.11753450 0.42649899 0.48361672
0.11889055 0.43048172 0.48428645
0.12027211 0.43446447 0.48494931
0.12167769 0.43844763 0.48560464
0.12310576 0.44243159 0.48625151
0.12455508 0.44641669 0.48688911
0.12602461 0.45040327 0.48751659
0.12751348 0.45439164 0.48813308
0.12902101 0.45838208 0.48873765
0.13054671 0.46237486 0.48932941
0.13209026 0.46637023 0.48990740
0.13365153 0.47036841 0.49047065
0.13523057 0.47436962 0.49101819
0.13682763 0.47837402 0.49154903
0.13844310 0.48238179 0.49206217
0.14007758 0.48639308 0.49255657
0.14173185 0.49040799 0.49303123
0.14340683 0.49442663 0.49348511
0.14510364 0.49844908 0.49391717
0.14682355 0.50247541 0.49432638
0.14856799 0.50650564 0.49471169
0.15033856 0.51053980 0.49507206
0.15213699 0.51457788 0.49540646
0.15396519 0.51861986 0.49571385
0.15582518 0.52266569 0.49599321
0.15771914 0.52671532 0.49624350
0.15964936 0.53076864 0.49646372
0.16161826 0.53482557 0.49665287
0.16362840 0.53888598 0.49680995
0.16568241 0.54294970 0.49693398
0.16778305 0.54701659 0.49702401
0.16993317 0.55108646 0.49707908
0.17213571 0.55515909 0.49709827
0.17439368 0.55923427 0.49708063
0.17671016 0.56331174 0.49702530
0.17908833 0.56739124 0.49693140
0.18153140 0.57147247 0.49679807
0.18404262 0.57555513 0.49662451
0.18662532 0.57963888 0.49640990
0.18928285 0.58372337 0.49615348
0.19201857 0.58780822 0.49585452
0.19483591 0.59189302 0.49551229
0.19773827 0.59597736 0.49512614
0.20072912 0.60006077 0.49469542
0.20381190 0.60414280 0.49421954
0.20698999 0.60822295 0.49369768
0.21026693 0.61230068 0.49312949
0.21364624 0.61637542 0.49251455
0.21713139 0.62044657 0.49185246
0.22072590 0.62451350 0.49114289
0.22443319 0.62857560 0.49038504
0.22825687 0.63263212 0.48957896
0.23220054 0.63668231 0.48872470
0.23626775 0.64072540 0.48782196
0.24046215 0.64476058 0.48687022
0.24478747 0.64878690 0.48587039
0.24924748 0.65280346 0.48482204
0.25384606 0.65680923 0.48372556
0.25858714 0.66080311 0.48258180
0.26347494 0.66478398 0.48139054
0.26851358 0.66875056 0.48015345
0.27370764 0.67270154 0.47887085
0.27906174 0.67663545 0.47754416
0.28458061 0.68055073 0.47617550
0.29026978 0.68444572 0.47476559
0.29613458 0.68831854 0.47331730
0.30218080 0.69216719 0.47183359
0.30841477 0.69598948 0.47031762
0.31484327 0.69978300 0.46877329
0.32147355 0.70354512 0.46720538
0.32831340 0.70727291 0.46561971
0.33537108 0.71096318 0.46402347
0.34265533 0.71461240 0.46242543
0.35017654 0.71821660 0.46083472
0.35794394 0.72177150 0.45926506
0.36596847 0.72527233 0.45773116
0.37426002 0.72871394 0.45625246
0.38283030 0.73209055 0.45485032
0.39168790 0.73539623 0.45355343
0.40084020 0.73862471 0.45239554
0.41029154 0.74176969 0.45141695
0.42004077 0.74482526 0.45066558
0.43007682 0.74778681 0.45019818
0.44038009 0.75065122 0.45007634
0.45091421 0.75341872 0.45036721
0.46162900 0.75609311 0.45113589
0.47245879 0.75868283 0.45244008
0.48332797 0.76120062 0.45432203
0.49415884 0.76366236 0.45680279
0.50487723 0.76608595 0.45988032
0.51542550 0.76848804 0.46353109
0.52575957 0.77088400 0.46771600
0.53585171 0.77328651 0.47238642
0.54568970 0.77570498 0.47749033
0.55527414 0.77814561 0.48297741
0.56460628 0.78061429 0.48879843
0.57370041 0.78311290 0.49491186
0.58256889 0.78564335 0.50127963
0.59122652 0.78820628 0.50786920
0.59968695 0.79080218 0.51465166
0.60796434 0.79343086 0.52160248
0.61607348 0.79609146 0.52870166
0.62402761 0.79878313 0.53593182
0.63183691 0.80150570 0.54327613
0.63951252 0.80425832 0.55072140
0.64706524 0.80703993 0.55825689
0.65450274 0.80985032 0.56587096
0.66183477 0.81268825 0.57355635
0.66906980 0.81555269 0.58130641
0.67621352 0.81844350 0.58911288
0.68327179 0.82136030 0.59696901
0.69025231 0.82430180 0.60487191
0.69715882 0.82726815 0.61281462
0.70399653 0.83025879 0.62079318
0.71077155 0.83327262 0.62880607
0.71748656 0.83630991 0.63684758
0.72414479 0.83937063 0.64491338
0.73075135 0.84245377 0.65300300
0.73730938 0.84555917 0.66111347
0.74382184 0.84868661 0.66924216
0.75029158 0.85183591 0.67738669
0.75672131 0.85500686 0.68554495
0.76311363 0.85819928 0.69371507
0.76947098 0.86141296 0.70189535
0.77579574 0.86464773 0.71008428
0.78209015 0.86790339 0.71828049
0.78835532 0.87118030 0.72648058
0.79459316 0.87447840 0.73468298
0.80080661 0.87779703 0.74288858
0.80699760 0.88113601 0.75109640
0.81316640 0.88449606 0.75930209
0.81931476 0.88787706 0.76750455
0.82544584 0.89127809 0.77570602
0.83155920 0.89470022 0.78390078
0.83765700 0.89814304 0.79208904
0.84374185 0.90160588 0.80027212
0.84981219 0.90509044 0.80844166
0.85587308 0.90859461 0.81660474
0.86192204 0.91212065 0.82475062
0.86796419 0.91566638 0.83288651
0.87399723 0.91923402 0.84100165
0.88002625 0.92282139 0.84910297
0.88604871 0.92643093 0.85717855
0.89206951 0.93006058 0.86523432
0.89808790 0.93371180 0.87326192
0.90410618 0.93738420 0.88126003
0.91012689 0.94107729 0.88922731
0.91614867 0.94479306 0.89715228
0.92217597 0.94852999 0.90503687
0.92820971 0.95228882 0.91287368
0.93424924 0.95607128 0.92065112
0.94029778 0.95987683 0.92836617
0.94635546 0.96370678 0.93600876
0.95241932 0.96756422 0.94356317
0.95848813 0.97145096 0.95102051
0.96455625 0.97537085 0.95836820
0.97061325 0.97932966 0.96559390
0.97664125 0.98333599 0.97268628
0.98261943 0.98739808 0.97964931
0.98852102 0.99152542 0.98649815
0.99432009 0.99572537 0.99326555
1.00000000 1.00000000 1.00000000
0.99482164 0.99555076 0.99305308
0.98954752 0.99116657 0.98608268
0.98418790 0.98684984 0.97902285
0.97877150 0.98259382 0.97182551
0.97333317 0.97838832 0.96445272
0.96790820 0.97421997 0.95689572
0.96252295 0.97007789 0.94915619
0.95719566 0.96595315 0.94124825
0.95193713 0.96183926 0.93319093
0.94675187 0.95773290 0.92499647
0.94164253 0.95363067 0.91668524
0.93660900 0.94953109 0.90826945
0.93165023 0.94543349 0.89975686
0.92676542 0.94133661 0.89116045
0.92195333 0.93723993 0.88248744
0.91721282 0.93314332 0.87374070
0.91254316 0.92904611 0.86492710
0.90794380 0.92494773 0.85605170
0.90341437 0.92084774 0.84711775
0.89895475 0.91674562 0.83812796
0.89456510 0.91264099 0.82908274
0.89024570 0.90853312 0.81998572
0.88599699 0.90442131 0.81083914
0.88181957 0.90030491 0.80164450
0.87771421 0.89618319 0.79240310
0.87368178 0.89205541 0.78311617
0.86972327 0.88792075 0.77378484
0.86583977 0.88377839 0.76441018
0.86203246 0.87962744 0.75499324
0.85830258 0.87546699 0.74553507
0.85465146 0.87129610 0.73603673
0.85108065 0.86711380 0.72649816
0.84759175 0.86291909 0.71691954
0.84418604 0.85871086 0.70730370
0.84086501 0.85448801 0.69765194
0.83763034 0.85024942 0.68796488
0.83448441 0.84599395 0.67824010
0.83142799 0.84172035 0.66848349
0.82846323 0.83742739 0.65869422
0.82559219 0.83311377 0.64887235
0.82281589 0.82877819 0.63902248
0.82013718 0.82441922 0.62914195
0.81755685 0.82003554 0.61923624
0.81507712 0.81562567 0.60930551
0.81270003 0.81118809 0.59935087
0.81042647 0.80672141 0.58937724
0.80825825 0.80222407 0.57938648
0.80619790 0.79769435 0.56937848
0.80424588 0.79313084 0.55935937
0.80240355 0.78853193 0.54933242
0.80067208 0.78389604 0.53930144
0.79905239 0.77922158 0.52927078
0.79754512 0.77450702 0.51924541
0.79615058 0.76975087 0.50923091
0.79486897 0.76495163 0.49923297
0.79370062 0.76010775 0.48925680
0.79264380 0.75521822 0.47931183
0.79169715 0.75028195 0.46940618
0.79086059 0.74529745 0.45954517
0.79012975 0.74026453 0.44974207
0.78950373 0.73518196 0.44000304
0.78897732 0.73004991 0.43034168
0.78854741 0.72486794 0.42076712
0.78820888 0.71963632 0.41129143
0.78795580 0.71435569 0.40192720
0.78778209 0.70902688 0.39268652
0.78768095 0.70365105 0.38358177
0.78764510 0.69822972 0.37462525
0.78766642 0.69276486 0.36582962
0.78773647 0.68725873 0.35720704
0.78784662 0.68171388 0.34876903
0.78798802 0.67613311 0.34052652
0.78815189 0.67051941 0.33248948
0.78832929 0.66487606 0.32466718
0.78851159 0.65920638 0.31706774
0.78869048 0.65351380 0.30969813
0.78885804 0.64780175 0.30256417
0.78900684 0.64207362 0.29567049
0.78913001 0.63633277 0.28902058
0.78922121 0.63058243 0.28261682
0.78927473 0.62482570 0.27646056
0.78928543 0.61906556 0.27055215
0.78924886 0.61330473 0.26489102
0.78916113 0.60754581 0.25947578
0.78901888 0.60179118 0.25430433
0.78881929 0.59604303 0.24937395
0.78856004 0.59030337 0.24468134
0.78823922 0.58457401 0.24022272
0.78785536 0.57885659 0.23599389
0.78740733 0.57315260 0.23199031
0.78689432 0.56746332 0.22820715
0.78631582 0.56178995 0.22463933
0.78567156 0.55613349 0.22128155
0.78496148 0.55049486 0.21812836
0.78418562 0.54487492 0.21517417
0.78334428 0.53927432 0.21241328
0.78243796 0.53369363 0.20983994
0.78146720 0.52813335 0.20744832
0.78043263 0.52259390 0.20523258
0.77933487 0.51707571 0.20318681
0.77817464 0.51157912 0.20130512
0.77695291 0.50610425 0.19958171
0.77567055 0.50065130 0.19801077
0.77432824 0.49522056 0.19658642
0.77292703 0.48981204 0.19530301
0.77146793 0.48442575 0.19415495
0.76995168 0.47906186 0.19313653
0.76837933 0.47372031 0.19224238
0.76675190 0.46840101 0.19146720
0.76507010 0.46310410 0.19080551
0.76333508 0.45782933 0.19025240
0.76154766 0.45257671 0.18980276
0.75970874 0.44734612 0.18945171
0.75781931 0.44213738 0.18919462
0.75588011 0.43695048 0.18902672
0.75389216 0.43178513 0.18894379
0.75185617 0.42664129 0.18894133
0.74977310 0.42151868 0.18901538
0.74764367 0.41641719 0.18916184
0.74546875 0.41133658 0.18937697
0.74324908 0.40627667 0.18965703
0.74098544 0.40123723 0.18999855
0.73867856 0.39621806 0.19039813
0.73632917 0.39121891 0.19085257
0.73393798 0.38623955 0.19135880
0.73150567 0.38127974 0.19191389
0.72903291 0.37633923 0.19251506
0.72652034 0.37141776 0.19315966
0.72396860 0.36651508 0.19384517
0.72137829 0.36163091 0.19456921
0.71875000 0.35676498 0.19532952
0.71608430 0.35191702 0.19612397
0.71338175 0.34708675 0.19695052
0.71064288 0.34227387 0.19780728
0.70786820 0.33747810 0.19869242
0.70505821 0.33269913 0.19960428
0.70221338 0.32793668 0.20054121
0.69933418 0.32319041 0.20150176
0.69642102 0.31846007 0.20248443
0.69347437 0.31374528 0.20348802
0.69049456 0.30904580 0.20451109
0.68748206 0.30436121 0.20555272
0.68443715 0.29969129 0.20661154
0.68136024 0.29503563 0.20768677
0.67825161 0.29039396 0.20877725
0.67511158 0.28576591 0.20988216
0.67194046 0.28115115 0.21100070
0.66873845 0.27654938 0.21213190
0.66550590 0.27196015 0.21327536
0.66224294 0.26738323 0.21443007
0.65894982 0.26281823 0.21559547
0.65562676 0.25826474 0.21677113
0.65227387 0.25372250 0.21795622
0.64889133 0.24919111 0.21915034
0.64547928 0.24467016 0.22035314
0.64203778 0.24015937 0.22156390
0.63856693 0.23565837 0.22278218
0.63506685 0.23116668 0.22400791
0.63153753 0.22668404 0.22524040
0.62797898 0.22221008 0.22647927
0.62439122 0.21774441 0.22772414
0.62077422 0.21328664 0.22897481
0.61712795 0.20883637 0.23023097
0.61345232 0.20439327 0.23149213
0.60974723 0.19995698 0.23275797
0.60601256 0.19552712 0.23402817
0.60224818 0.19110332 0.23530238
0.59845391 0.18668521 0.23658027
0.59462956 0.18227242 0.23786147
0.59077490 0.17786461 0.23914563
0.58688970 0.17346142 0.24043232
0.58297366 0.16906251 0.24172112
0.57902648 0.16466757 0.24301157
0.57504784 0.16027627 0.24430317
0.57103737 0.15588832 0.24559536
0.56699468 0.15150344 0.24688755
0.56291934 0.14712135 0.24817928
0.55881090 0.14274180 0.24946987
0.55466888 0.13836467 0.25075834
0.55049276 0.13398979 0.25204380
0.54628198 0.12961696 0.25332589
0.54203597 0.12524622 0.25460309
0.53775410 0.12087758 0.25587441
0.53343572 0.11651106 0.25713895
0.52908016 0.11214693 0.25839493
0.52468667 0.10778540 0.25964143
0.52025452 0.10342696 0.26087646
0.51578292 0.09907217 0.26209837
0.51127102 0.09472175 0.26330560
0.50671800 0.09037672 0.26449565
0.50212298 0.08603831 0.26566633
0.49748502 0.08170804 0.26681532
0.49280317 0.07738781 0.26794001
0.48807649 0.07307996 0.26903727
0.48330399 0.06878734 0.27010394
0.47848467 0.06451341 0.27113656
0.47361752 0.06026237 0.27213137
0.46870152 0.05603931 0.27308438
0.46373562 0.05185040 0.27399136
0.45871886 0.04770301 0.27484738
0.45365029 0.04360603 0.27564735
0.44852889 0.03956104 0.27638613
0.44335381 0.03569955 0.27705784
0.43812423 0.03214683 0.27765631
0.43283936 0.02889946 0.27817523
0.42749857 0.02595355 0.27860772
0.42210138 0.02330473 0.27894650
0.41664727 0.02094849 0.27918445
0.41113613 0.01887934 0.27931362
0.40556791 0.01709132 0.27932607
0.39994281 0.01557775 0.27921369
0.39426127 0.01433113 0.27896824
0.38852400 0.01334304 0.27858144
0.38273202 0.01260410 0.27804503
0.37688667 0.01210389 0.27735090
0.37098964 0.01183089 0.27649117
0.36504298 0.01177248 0.27545831
0.35904911 0.01191491 0.27424526
0.35301077 0.01224344 0.27284561
0.34693118 0.01274204 0.27125351
0.34081389 0.01339380 0.26946399
0.33466278 0.01418094 0.26747299
0.32848206 0.01508493 0.26527743
0.32227627 0.01608657 0.26287524
0.31605016 0.01716635 0.26026552
0.30980874 0.01830446 0.25744846
0.30355717 0.01948117 0.25442541
0.29730067 0.02067704 0.25119884
0.29104456 0.02187308 0.24777229
0.28479417 0.02305085 0.24415035
0.27855471 0.02419303 0.24033854
0.27233128 0.02528339 0.23634324
0.26612881 0.02630690 0.23217161
0.25995200 0.02724998 0.22783140
0.25380530 0.02810056 0.22333095
0.24769284 0.02884822 0.21867895
0.24161839 0.02948419 0.21388441
0.23558538 0.03000139 0.20895648
0.22959699 0.03039408 0.20390455
0.22365570 0.03065886 0.19873768
0.21776374 0.03079347 0.19346498
0.21192311 0.03079690 0.18809549
0.20613502 0.03067025 0.18263764
0.20040058 0.03041534 0.17709982
0.19472045 0.03003533 0.17148997
0.18909470 0.02953477 0.16581542
0.18352320 0.02891891 0.16008320
0.17800541 0.02819387 0.15429982
0.17254043 0.02736657 0.14847128
0.16712697 0.02644458 0.14260302
0.16176339 0.02543603 0.13669990
0.15644769 0.02434953 0.13076622
0.15117763 0.02319385 0.12480588
0.14595062 0.02197804 0.11882231
0.14076345 0.02071182 0.11281771
