20 13 47
22 14 49
23 14 51
24 15 53
25 15 55
26 16 57
27 16 59
28 17 61
29 17 63
30 18 65
31 18 67
32 19 69
33 20 71
33 20 74
34 21 76
35 21 78
35 22 80
36 23 82
37 24 84
37 24 86
37 25 88
38 26 90
38 27 92
38 28 93
38 29 95
38 30 97
38 31 98
38 33 99
38 34 101
38 35 102
38 36 103
37 38 104
37 39 105
37 40 106
36 42 107
36 43 108
36 44 108
35 45 109
35 47 110
34 48 110
34 49 111
34 51 111
33 52 112
33 53 112
32 54 113
32 56 113
31 57 113
31 58 114
31 59 114
30 60 114
30 62 115
29 63 115
29 64 115
29 65 115
28 66 116
28 68 116
28 69 116
27 70 116
27 71 117
27 72 117
26 73 117
26 74 117
26 75 118
26 76 118
26 78 118
26 79 118
25 80 118
25 81 118
25 82 119
25 83 119
25 84 119
25 85 119
25 86 119
25 87 120
25 88 120
25 89 120
26 90 120
26 91 120
26 92 120
26 93 121
26 94 121
26 96 121
27 97 121
27 98 121
27 99 122
27 100 122
28 101 122
28 102 122
28 103 122
28 104 122
29 105 123
29 106 123
29 107 123
30 108 123
30 109 123
30 110 123
31 111 124
31 112 124
31 113 124
32 114 124
32 115 124
33 116 124
33 117 125
33 118 125
34 119 125
34 120 125
34 121 125
35 122 125
35 123 125
36 124 126
36 125 126
37 126 126
37 127 126
37 128 126
38 129 126
38 130 126
39 131 126
39 132 126
40 133 126
40 134 127
41 135 127
41 136 127
42 137 127
42 138 127
43 139 127
43 141 127
44 142 127
44 143 127
45 144 127
46 145 127
46 146 127
47 147 127
48 148 127
48 149 127
49 150 126
50 151 126
50 152 126
51 153 126
52 154 126
53 155 126
54 156 126
54 157 126
55 158 125
56 159 125
57 160 125
58 161 125
59 162 125
60 163 124
61 164 124
62 165 124
64 166 124
65 167 123
66 169 123
67 170 123
68 171 122
70 172 122
71 173 122
73 174 121
74 175 121
76 176 121
77 177 120
79 177 120
80 178 120
82 179 119
84 180 119
86 181 118
87 182 118
89 183 118
91 184 117
93 185 117
95 186 116
98 187 116
100 188 116
102 188 115
105 189 115
107 190 115
110 191 115
112 191 115
115 192 115
118 193 115
120 193 115
123 194 116
126 195 116
129 195 117
131 196 118
134 197 119
137 197 120
139 198 122
142 198 123
144 199 125
146 200 126
149 200 128
151 201 130
153 202 131
155 202 133
157 203 135
159 204 137
161 204 139
163 205 140
165 206 142
167 207 144
169 207 146
171 208 148
172 209 150
174 209 152
176 210 154
178 211 156
180 212 158
181 212 160
183 213 162
185 214 164
186 215 167
188 216 169
190 216 171
191 217 173
193 218 175
195 219 177
196 220 179
198 220 181
199 221 183
201 222 185
203 223 187
204 224 189
206 225 192
207 226 194
209 226 196
210 227 198
212 228 200
214 229 202
215 230 204
217 231 206
218 232 208
220 233 210
221 233 212
223 234 214
224 235 217
226 236 219
227 237 221
229 238 223
231 239 225
232 240 227
234 241 229
235 242 231
237 243 233
238 244 235
240 245 237
241 246 239
243 247 241
244 248 243
246 249 244
248 250 246
249 251 248
251 252 250
252 253 252
254 254 253
255 255 255
254 254 253
252 253 251
251 252 250
250 251 248
248 249 246
247 248 244
245 247 242
244 246 240
243 245 238
241 244 236
240 243 234
239 242 232
238 241 229
236 240 227
235 239 225
234 238 223
233 237 221
232 236 218
230 235 216
229 234 214
228 233 211
227 232 209
226 231 207
225 230 204
224 229 202
223 227 200
222 226 197
221 225 195
220 224 193
219 223 190
218 222 188
217 221 185
216 220 183
215 219 180
214 218 178
214 217 175
213 216 173
212 215 170
211 214 168
211 212 165
210 211 163
209 210 160
208 209 158
208 208 155
207 207 153
207 206 150
206 205 148
206 203 145
205 202 143
205 201 140
204 200 138
204 199 135
203 197 132
203 196 130
203 195 127
202 194 125
202 193 122
202 191 120
202 190 117
201 189 115
201 187 112
201 186 110
201 185 107
201 184 105
201 182 102
201 181 100
201 179 98
201 178 96
201 177 93
201 175 91
201 174 89
201 172 87
201 171 85
201 170 83
201 168 81
201 167 79
201 165 77
201 164 75
201 162 74
201 161 72
201 159 70
201 158 69
201 156 68
201 155 66
201 153 65
201 152 64
201 151 62
201 149 61
201 148 60
201 146 59
201 145 58
201 143 57
200 142 56
200 140 56
200 139 55
200 138 54
200 136 54
199 135 53
199 133 52
199 132 52
198 130 51
198 129 51
198 128 50
197 126 50
197 125 50
197 124 50
196 122 49
196 121 49
196 119 49
195 118 49
195 117 49
194 115 48
194 114 48
193 113 48
193 111 48
192 110 48
192 109 48
191 107 48
191 106 48
190 105 48
190 104 48
189 102 48
188 101 49
188 100 49
187 98 49
187 97 49
186 96 49
185 95 49
185 93 49
184 92 50
183 91 50
183 90 50
182 89 50
181 87 50
181 86 51
180 85 51
179 84 51
178 82 51
178 81 52
177 80 52
176 79 52
175 78 52
175 76 53
174 75 53
173 74 53
172 73 54
171 72 54
171 71 54
170 69 54
169 68 55
168 67 55
167 66 55
166 65 56
165 64 56
165 62 56
164 61 56
163 60 57
162 59 57
161 58 57
160 57 58
159 56 58
158 54 58
157 53 59
156 52 59
155 51 59
155 50 60
154 49 60
153 48 60
152 46 61
151 45 61
150 44 61
149 43 62
148 42 62
147 41 62
146 40 63
145 39 63
144 38 63
142 36 64
141 35 64
140 34 64
139 33 65
138 32 65
137 31 65
136 30 66
135 29 66
134 27 66
133 26 67
132 25 67
130 24 67
129 23 67
128 22 68
127 21 68
126 20 68
124 19 69
123 18 69
122 16 69
121 15 69
120 14 70
118 13 70
117 12 70
116 11 70
114 10 70
113 9 71
112 8 71
110 7 71
109 7 71
108 6 71
106 5 71
105 5 71
103 4 71
102 4 71
101 4 71
99 3 71
98 3 71
96 3 71
95 3 71
93 3 70
92 3 70
90 3 70
88 3 69
87 3 69
85 4 68
84 4 68
82 4 67
81 4 66
79 5 66
77 5 65
76 5 64
74 6 63
73 6 62
71 6 61
69 6 60
68 7 59
66 7 58
65 7 57
63 7 56
62 8 55
60 8 53
59 8 52
57 8 51
56 8 49
54 8 48
53 8 47
51 8 45
50 8 44
48 8 42
47 7 41
45 7 39
44 7 38
43 7 36
41 6 35
40 6 33
39 6 32
37 6 30
36 5 29
