36 5 29
37 6 30
39 6 32
40 6 34
41 6 35
43 7 37
44 7 38
46 7 40
47 7 42
48 7 43
50 7 45
51 7 46
53 7 48
55 7 49
56 7 50
58 6 52
59 6 53
61 6 54
62 5 55
64 5 57
66 5 58
67 4 59
69 4 60
71 4 61
72 3 61
74 3 62
76 2 63
77 2 64
79 2 64
81 1 65
82 1 65
84 1 65
85 1 66
87 1 66
88 1 66
90 1 66
91 1 66
93 1 66
94 1 66
96 2 66
97 2 66
99 2 66
100 3 66
102 4 66
103 4 66
104 5 65
106 6 65
107 7 65
108 8 65
109 9 64
111 10 64
112 11 64
113 12 63
115 13 63
116 15 63
117 16 62
118 17 62
119 18 62
121 19 61
122 20 61
123 22 60
124 23 60
125 24 59
126 25 59
127 26 59
129 27 58
130 28 58
131 29 57
132 31 57
133 32 56
134 33 56
135 34 56
136 35 55
137 36 55
138 37 54
139 38 54
140 39 53
141 40 53
142 42 52
143 43 52
144 44 51
145 45 51
146 46 50
147 47 50
148 48 49
149 49 49
150 50 48
151 51 48
152 53 47
153 54 47
154 55 46
155 56 46
156 57 45
157 58 45
158 59 44
158 60 44
159 61 43
160 63 43
161 64 42
162 65 42
163 66 41
164 67 40
165 68 40
165 69 39
166 70 39
167 72 38
168 73 37
169 74 37
169 75 36
170 76 36
171 77 35
172 79 34
173 80 34
173 81 33
174 82 32
175 83 32
176 84 31
176 86 30
177 87 29
178 88 29
178 89 28
179 91 27
180 92 26
180 93 26
181 94 25
182 95 24
182 97 23
183 98 22
184 99 21
184 100 20
185 102 19
185 103 19
186 104 18
187 106 17
187 107 16
188 108 15
188 109 13
189 111 12
189 112 11
190 113 10
190 115 9
191 116 8
191 117 7
191 119 6
192 120 5
192 121 4
193 123 3
193 124 2
193 126 2
194 127 1
194 128 1
194 130 0
194 131 0
195 133 0
195 134 0
195 136 1
195 137 1
195 138 1
195 140 2
195 141 3
196 143 5
196 144 6
196 146 8
196 147 10
196 149 13
195 150 15
195 152 17
195 153 20
195 155 22
195 157 25
195 158 28
195 160 30
194 161 33
194 163 36
194 164 39
194 166 42
194 167 45
193 169 48
193 170 51
193 172 54
193 173 57
193 174 60
193 176 63
193 177 66
193 178 69
193 180 73
193 181 76
193 182 79
193 184 82
193 185 85
193 186 88
193 188 91
194 189 94
194 190 97
194 191 100
194 192 103
195 194 106
195 195 109
196 196 112
196 197 115
197 198 118
197 199 121
198 200 124
198 201 127
199 203 130
199 204 132
200 205 135
201 206 138
202 207 141
202 208 144
203 209 146
204 210 149
205 211 152
205 212 155
206 213 157
207 214 160
208 215 163
209 216 165
210 217 168
211 218 171
212 219 173
213 220 176
214 221 179
215 222 181
216 223 184
217 224 186
218 225 189
219 226 192
220 227 194
221 228 197
222 229 199
223 230 202
225 231 204
226 232 207
227 233 209
228 234 212
229 235 214
231 236 216
232 237 219
233 238 221
234 239 223
236 240 226
237 241 228
238 242 230
240 243 233
241 245 235
242 246 237
244 247 239
245 248 241
247 249 244
248 250 246
249 251 248
251 252 249
252 253 251
254 254 253
255 255 255
