148 241 243
146 240 243
145 239 242
143 238 242
142 237 242
141 236 241
139 235 241
138 233 240
137 232 240
135 231 240
134 230 239
132 229 239
131 228 238
130 227 238
128 226 238
127 224 237
125 223 237
124 222 237
123 221 236
121 220 236
120 219 236
118 218 235
117 217 235
116 216 235
114 214 234
113 213 234
111 212 234
110 211 233
108 210 233
107 209 233
106 208 232
104 207 232
103 206 232
101 205 232
100 204 231
98 203 231
97 202 231
95 200 231
94 199 230
92 198 230
91 197 230
90 196 230
88 195 229
87 194 229
85 193 229
84 192 229
82 191 229
81 190 228
79 189 228
78 188 228
76 187 228
75 186 228
73 185 227
72 183 227
70 182 227
69 181 227
67 180 227
66 179 227
64 178 227
63 177 226
61 176 226
60 175 226
58 174 226
56 173 226
55 172 226
53 171 226
52 170 226
50 169 225
49 168 225
47 166 225
46 165 225
44 164 225
43 163 225
42 162 225
40 161 225
39 160 225
37 159 225
36 158 224
35 157 224
33 156 224
32 154 224
31 153 224
30 152 224
29 151 224
28 150 224
27 149 224
26 148 224
25 147 223
25 145 223
24 144 223
24 143 223
24 142 223
24 141 223
24 140 222
24 139 222
24 137 222
25 136 222
25 135 221
26 134 221
27 133 221
28 131 220
29 130 220
30 129 220
31 128 219
33 127 219
34 125 218
35 124 217
37 123 217
38 122 216
39 121 215
41 119 214
42 118 213
43 117 212
45 116 211
46 115 210
47 113 209
48 112 207
50 111 206
51 110 205
52 109 203
53 108 202
54 107 200
54 106 199
55 105 197
56 104 195
57 103 194
57 102 192
58 101 190
58 100 188
59 99 186
59 98 185
60 97 183
60 96 181
60 95 179
60 94 177
61 93 175
61 92 173
61 91 172
61 90 170
61 90 168
61 89 166
61 88 164
61 87 162
61 86 160
61 85 158
61 84 156
61 84 155
61 83 153
61 82 151
60 81 149
60 80 147
60 79 145
60 79 143
60 78 142
59 77 140
59 76 138
59 75 136
59 75 134
58 74 132
58 73 131
58 72 129
57 71 127
57 71 125
56 70 124
56 69 122
56 68 120
55 67 118
55 67 117
54 66 115
54 65 113
54 64 112
53 63 110
53 63 108
52 62 106
52 61 105
51 60 103
51 60 102
50 59 100
50 58 98
49 57 97
49 56 95
48 56 93
48 55 92
47 54 90
47 53 89
46 52 87
45 52 86
45 51 84
44 50 82
44 49 81
43 49 79
42 48 78
42 47 76
41 46 75
41 45 73
40 45 72
39 44 70
39 43 69
38 42 67
38 41 66
37 41 64
36 40 63
36 39 62
35 38 60
34 37 59
34 37 57
33 36 56
32 35 54
31 34 53
31 33 52
30 33 50
29 32 49
29 31 47
28 30 46
27 29 45
26 28 43
26 28 42
25 27 41
24 26 39
23 25 38
23 24 37
22 23 35
21 22 34
20 22 32
20 21 31
19 20 30
18 19 28
17 18 27
16 17 26
15 16 24
15 15 23
14 15 22
13 14 21
12 13 19
11 12 18
10 11 17
9 10 15
9 9 14
8 8 13
7 7 11
6 6 10
5 6 9
5 5 7
4 4 6
4 4 5
3 3 4
2 3 4
2 2 3
2 2 2
1 1 2
1 1 1
1 1 1
0 0 0
0 0 0
0 0 0
0 0 0
0 0 0
0 0 0
0 0 0
1 1 1
1 1 1
2 1 1
2 1 2
3 2 2
4 2 2
5 3 3
6 3 3
7 3 4
8 4 5
9 5 5
11 5 6
12 6 7
13 6 7
15 7 8
16 8 9
17 8 10
19 9 11
20 10 12
21 10 13
23 11 13
24 12 14
25 13 15
27 13 16
28 14 17
29 15 17
31 15 18
32 16 19
33 17 20
34 17 20
36 18 21
37 19 22
38 19 22
40 20 23
41 20 24
42 21 24
44 22 25
45 22 26
46 23 26
48 23 27
49 24 28
50 25 28
52 25 29
53 26 29
54 26 30
56 27 31
57 27 31
58 28 32
60 28 32
61 29 33
62 29 33
64 30 34
65 31 34
66 31 35
68 32 35
69 32 36
70 33 36
72 33 37
73 34 37
74 34 37
76 35 38
77 35 38
78 35 39
80 36 39
81 36 39
82 37 40
84 37 40
85 38 40
86 38 41
88 39 41
89 39 41
90 40 42
92 40 42
93 41 42
95 41 42
96 42 43
97 42 43
99 43 43
100 43 43
101 44 43
103 44 43
104 44 44
105 45 44
107 45 44
108 46 44
109 46 44
111 47 44
112 47 44
114 48 44
115 48 44
116 49 44
118 49 44
119 50 44
120 50 44
122 51 44
123 51 44
124 52 44
126 52 44
127 53 44
128 53 44
129 54 44
131 55 44
132 55 43
133 56 43
135 56 43
136 57 43
137 57 43
138 58 43
140 59 42
141 59 42
142 60 42
143 61 42
145 61 41
146 62 41
147 63 41
148 63 41
150 64 40
151 65 40
152 65 40
153 66 39
154 67 39
156 67 39
157 68 38
158 69 38
159 70 38
160 70 37
161 71 37
162 72 37
163 73 36
165 74 36
166 75 36
167 75 35
168 76 35
169 77 35
170 78 34
171 79 34
172 80 33
173 81 33
174 82 33
175 82 32
176 83 32
177 84 31
178 85 31
179 86 31
180 87 30
181 88 30
182 89 30
183 90 29
184 91 29
185 92 28
186 93 28
187 94 28
187 95 27
188 96 27
189 97 27
190 98 26
191 99 26
192 100 26
193 101 25
193 103 25
194 104 25
195 105 24
196 106 24
197 107 24
198 108 23
198 109 23
199 110 23
200 111 23
201 113 22
202 114 22
202 115 22
203 116 22
204 117 22
205 118 21
205 119 21
206 121 21
207 122 21
207 123 21
208 124 21
209 125 21
210 127 21
210 128 21
211 129 21
212 130 21
212 131 21
213 133 21
214 134 21
214 135 21
215 136 22
216 138 22
216 139 22
217 140 22
217 141 22
218 143 23
219 144 23
219 145 23
220 146 24
220 148 24
221 149 25
222 150 25
222 152 25
223 153 26
223 154 26
224 155 27
224 157 28
225 158 28
226 159 29
226 161 29
227 162 30
227 163 31
228 165 31
228 166 32
229 167 33
229 169 33
230 170 34
230 171 35
231 173 35
231 174 36
232 175 37
232 177 38
233 178 39
233 180 39
234 181 40
234 182 41
234 184 42
235 185 43
235 186 44
236 188 45
236 189 46
237 191 46
237 192 47
238 193 48
238 195 49
238 196 50
239 198 51
239 199 52
240 201 53
240 202 54
240 203 55
241 205 56
241 206 57
241 208 58
242 209 59
242 211 60
243 212 61
243 214 62
243 215 63
244 217 64
244 218 65
244 220 67
245 221 68
245 222 69
