0 0 0
0 0 0
0 0 0
0 0 0
1 1 1
1 1 1
1 1 2
2 2 2
2 2 3
2 3 3
3 3 4
4 4 5
4 4 6
5 5 7
5 6 8
6 6 9
7 7 11
8 8 12
9 9 13
9 10 15
10 11 16
11 12 17
12 13 18
13 14 20
14 15 21
15 16 22
16 16 24
16 17 25
17 18 26
18 19 27
19 20 29
20 21 30
21 22 31
21 23 32
22 23 34
23 24 35
24 25 36
25 26 38
25 27 39
26 28 40
27 29 41
28 29 43
28 30 44
29 31 45
30 32 47
31 33 48
31 33 49
32 34 51
33 35 52
34 36 53
34 37 55
35 37 56
36 38 57
37 39 59
37 40 60
38 41 61
39 41 63
39 42 64
40 43 66
41 44 67
42 45 68
42 45 70
43 46 71
44 47 72
44 48 74
45 49 75
46 49 77
46 50 78
47 51 80
48 52 81
48 52 83
49 53 84
50 54 85
50 55 87
51 55 88
52 56 90
52 57 91
53 58 93
54 58 94
54 59 96
55 60 97
56 61 99
56 62 100
57 62 102
58 63 104
58 64 105
59 65 107
59 65 108
60 66 110
61 67 111
61 68 113
62 68 115
63 69 116
63 70 118
64 71 120
64 71 121
65 72 123
66 73 124
66 74 126
67 74 128
67 75 130
68 76 131
68 77 133
69 77 135
69 78 136
70 79 138
71 80 140
71 80 142
72 81 143
72 82 145
73 83 147
73 84 149
74 84 150
74 85 152
74 86 154
75 87 156
75 87 158
76 88 159
76 89 161
76 90 163
77 91 165
77 92 167
77 92 168
78 93 170
78 94 172
78 95 173
78 96 175
78 97 176
78 98 178
78 99 179
78 100 180
78 101 181
78 102 182
78 104 182
78 105 183
78 106 183
79 107 184
79 108 184
79 109 184
80 110 185
80 111 185
80 112 185
81 114 185
81 115 185
82 116 186
82 117 186
83 118 186
83 119 186
84 120 186
85 121 187
85 122 187
86 123 187
86 124 187
87 125 187
88 126 188
88 127 188
89 128 188
90 130 188
90 131 189
91 132 189
92 133 189
93 134 189
93 135 189
94 136 190
95 137 190
96 138 190
96 139 190
97 140 191
98 141 191
99 142 191
99 143 192
100 144 192
101 145 192
102 146 192
103 147 193
104 148 193
104 149 193
105 150 194
106 151 194
107 152 194
108 153 195
109 154 195
109 155 195
110 156 196
111 157 196
112 158 196
113 159 197
114 160 197
114 161 197
115 162 198
116 164 198
117 165 199
118 166 199
119 167 199
120 168 200
121 169 200
121 170 201
122 171 201
123 172 201
124 173 202
125 174 202
126 175 203
127 176 203
128 177 204
129 178 204
129 179 204
130 180 205
131 181 205
132 182 206
133 184 206
134 185 207
135 186 207
136 187 208
137 188 208
137 189 209
138 190 209
139 191 210
140 192 210
141 193 211
142 194 211
143 195 212
144 197 212
145 198 213
145 199 214
146 200 214
147 201 215
148 202 215
149 203 216
150 204 216
151 206 217
152 207 217
152 208 218
153 209 219
154 210 219
155 211 220
156 212 220
157 214 221
158 215 222
159 216 222
159 217 223
160 218 223
161 219 224
162 221 224
163 222 225
164 223 226
165 224 226
165 225 227
166 227 228
167 228 228
168 229 229
169 230 229
170 232 230
171 233 231
171 234 231
172 235 232
173 237 232
