0 0 0
0 0 0
0 0 0
0 0 1
1 1 1
1 1 2
1 1 3
2 2 4
2 2 5
3 3 6
3 4 8
4 4 9
5 5 11
5 6 13
6 7 15
7 7 17
8 8 19
8 9 21
9 10 23
10 11 25
11 12 27
12 13 29
13 14 31
14 15 33
15 16 35
16 17 38
16 18 40
17 18 42
18 19 44
19 20 46
20 21 49
20 22 51
21 22 53
22 23 56
23 24 58
23 25 61
24 26 63
25 26 66
25 27 68
26 28 71
27 28 74
27 29 76
28 30 79
28 30 82
29 31 85
29 32 87
30 32 90
30 33 93
30 34 96
30 35 99
30 35 102
30 36 105
30 37 107
29 38 110
28 40 112
27 41 114
25 42 115
24 44 116
22 46 116
21 47 117
19 49 117
17 51 117
16 52 117
15 54 116
14 55 116
13 57 115
13 58 115
13 60 114
14 61 113
14 62 113
16 64 112
17 65 111
18 66 111
20 67 110
22 68 109
24 69 109
26 70 108
28 72 107
29 73 107
31 74 106
33 75 106
35 75 105
37 76 105
39 77 104
41 78 104
43 79 103
45 80 103
47 81 103
49 82 102
51 83 102
53 84 102
55 84 101
56 85 101
58 86 101
60 87 101
62 88 101
63 89 100
65 89 100
67 90 100
69 91 100
70 92 100
72 93 100
73 93 100
75 94 100
77 95 100
78 96 100
80 97 100
81 97 100
83 98 100
84 99 100
86 100 100
87 101 101
89 101 101
90 102 101
92 103 101
93 104 101
95 105 101
96 106 102
97 107 102
99 107 102
100 108 102
102 109 102
103 110 102
104 111 102
106 112 102
107 113 101
109 113 101
110 114 101
112 115 100
114 116 100
115 117 100
117 117 99
119 118 99
121 119 98
123 120 98
124 120 97
126 121 97
128 122 96
130 122 96
132 123 95
134 124 94
136 124 94
138 125 93
140 126 93
142 126 92
144 127 91
146 127 91
149 128 90
151 128 89
153 129 89
155 130 88
157 130 87
159 131 87
162 131 86
164 132 85
166 132 84
168 133 84
171 133 83
173 133 82
175 134 82
178 134 81
180 135 80
182 135 79
185 135 79
187 136 78
190 136 77
192 136 77
195 137 76
197 137 76
200 137 75
202 138 75
205 138 74
207 138 74
210 138 73
212 138 73
215 139 73
217 139 73
220 139 73
222 139 73
225 139 73
227 139 73
230 139 73
233 139 74
235 140 75
237 140 76
240 140 77
242 140 78
244 140 80
246 141 82
248 141 85
250 142 87
251 143 91
252 144 94
253 145 97
254 146 101
254 148 104
254 150 108
255 151 111
255 153 114
255 155 117
255 157 120
255 159 123
255 160 126
255 162 129
255 164 132
255 166 135
255 168 138
254 170 141
254 172 144
254 174 146
254 175 149
254 177 152
254 179 154
254 181 157
254 183 160
253 185 162
253 187 165
253 188 168
253 190 170
253 192 173
253 194 175
252 196 178
252 198 180
252 199 183
252 201 185
252 203 188
252 205 190
252 207 193
251 208 195
251 210 198
251 212 200
251 214 202
251 216 205
251 217 207
251 219 210
251 221 212
251 223 214
251 225 217
251 226 219
251 228 221
251 230 224
251 232 226
251 233 228
251 235 230
251 237 233
251 239 235
251 240 237
251 242 239
251 244 241
251 245 244
252 247 246
252 249 248
253 250 249
254 252 251
254 253 253
255 255 255
