0 0 0
0 0 0
0 0 0
0 0 1
1 1 1
1 1 2
1 1 2
2 2 3
2 2 4
3 3 6
3 4 7
4 4 9
5 5 10
5 6 12
6 7 14
7 7 16
8 8 18
9 9 19
10 10 21
11 11 23
12 12 25
13 13 27
14 14 29
15 15 31
16 16 33
17 17 35
18 18 37
19 19 39
19 19 41
20 20 43
21 21 45
22 22 47
23 23 49
24 23 51
25 24 53
26 25 55
27 26 57
28 26 60
29 27 62
30 28 64
31 28 66
32 29 69
33 30 71
34 30 73
35 31 76
36 31 78
37 32 81
38 32 83
39 33 86
40 33 88
41 34 91
43 34 94
44 35 96
45 35 99
46 35 102
47 36 104
49 36 107
50 36 110
51 36 113
53 36 116
54 36 119
55 36 122
57 36 124
58 36 127
60 36 130
61 36 134
63 36 137
64 35 140
66 35 143
68 35 146
69 34 149
71 33 152
73 33 155
75 32 158
77 31 161
79 30 164
80 29 167
82 27 170
84 26 173
86 25 176
89 23 178
91 21 181
93 20 183
95 18 185
97 16 188
99 14 190
101 12 191
103 10 193
105 8 195
107 6 196
109 5 197
111 4 198
113 3 199
115 3 200
117 3 201
118 3 202
120 3 202
122 4 203
124 4 203
126 5 204
127 6 204
129 8 204
131 9 204
133 11 204
134 13 205
136 14 205
138 16 205
139 17 205
141 19 205
143 20 204
144 22 204
146 23 204
148 25 204
149 26 204
151 28 204
153 29 203
154 30 203
156 32 203
158 33 203
159 34 203
161 35 202
163 37 202
164 38 202
166 39 201
167 40 201
169 41 201
171 42 200
172 44 200
174 45 200
176 46 199
177 47 199
179 48 198
180 49 198
182 50 198
184 52 197
185 53 197
187 54 196
188 55 196
190 56 195
191 57 195
193 59 194
194 60 193
196 61 193
197 63 192
199 64 191
200 65 191
201 67 190
203 69 189
204 71 188
205 73 188
205 75 187
206 78 186
206 80 186
206 83 186
206 86 186
206 88 186
206 91 187
206 93 187
205 96 188
205 98 189
205 100 190
205 103 191
205 105 192
205 107 193
205 109 194
205 111 195
205 113 196
204 115 197
204 117 199
204 119 200
204 121 201
204 123 202
204 125 203
204 127 205
204 129 206
204 130 207
204 132 208
204 134 209
204 136 211
204 138 212
203 140 213
203 141 214
203 143 215
203 145 217
203 147 218
203 148 219
203 150 220
203 152 221
203 154 222
203 155 224
203 157 225
203 159 226
203 160 227
203 162 228
203 164 229
203 165 230
203 167 231
203 169 232
203 171 233
203 172 234
203 174 235
203 176 236
203 177 237
203 179 238
203 181 239
204 182 240
204 184 241
204 186 241
204 187 242
204 189 243
204 191 243
205 192 244
205 194 244
205 195 245
206 197 245
206 199 246
206 200 246
207 202 246
207 203 246
208 205 246
209 207 247
210 208 247
210 210 247
211 211 247
212 213 247
213 214 247
214 216 247
215 217 247
216 218 247
217 220 247
219 221 247
220 223 247
221 224 247
222 225 248
224 227 248
225 228 248
226 229 248
228 231 248
229 232 248
230 234 248
232 235 249
233 236 249
235 238 249
236 239 250
238 240 250
239 242 250
241 243 251
242 244 251
244 246 251
246 247 252
247 248 252
249 250 253
250 251 253
252 252 254
253 254 254
255 255 255
