0.000000000000000000e+00 0.000000000000000000e+00 0.000000000000000000e+00
2.702192049999999762e-04 1.921234790000000004e-04 2.058672200000000012e-04
9.630397759999999958e-04 6.570345370000000478e-04 7.118798060000000377e-04
2.045083530000000108e-03 1.343664199999999908e-03 1.470631260000000067e-03
3.508556730000000033e-03 2.227486390000000052e-03 2.460410090000000188e-03
5.352211780000000300e-03 3.292138110000000003e-03 3.667014169999999879e-03
7.577761750000000171e-03 4.525361930000000067e-03 5.079879839999999931e-03
1.018856270000000064e-02 5.917367770000000159e-03 6.690550299999999638e-03
1.318899880000000066e-02 7.460006249999999797e-03 8.491914700000000385e-03
1.658415220000000051e-02 9.146293879999999737e-03 1.047777670000000008e-02
2.037960960000000099e-02 1.097011579999999931e-02 1.264258690000000067e-02
2.458134010000000147e-02 1.292602760000000073e-02 1.498126680000000030e-02
2.919561400000000168e-02 1.500911750000000038e-02 1.748908550000000117e-02
3.422894769999999809e-02 1.721490549999999883e-02 2.016157190000000127e-02
3.968806319999999832e-02 1.953926959999999907e-02 2.299444880000000094e-02
4.531868230000000303e-02 2.197838800000000148e-02 2.598358250000000133e-02
5.090566120000000055e-02 2.452869519999999887e-02 2.912494389999999850e-02
5.646220279999999980e-02 2.718684680000000090e-02 3.241457699999999997e-02
6.199226879999999995e-02 2.994969119999999971e-02 3.584857400000000111e-02
6.749930329999999368e-02 3.281424630000000231e-02 3.942305430000000305e-02
7.298632169999999530e-02 3.577768149999999842e-02 4.303968779999999689e-02
7.845598219999999623e-02 3.883730159999999876e-02 4.658955270000000176e-02
8.391079410000000516e-02 4.194805010000000195e-02 5.008449400000000024e-02
8.935272149999999580e-02 4.500145159999999894e-02 5.352651590000000181e-02
9.478364129999999887e-02 4.800809679999999691e-02 5.691733880000000162e-02
1.002052419999999999e-01 5.097014700000000037e-02 6.025846759999999719e-02
1.056192199999999998e-01 5.388946680000000072e-02 6.355115990000000104e-02
1.110268400000000016e-01 5.676793420000000173e-02 6.679660090000000272e-02
1.164293039999999974e-01 5.960724430000000074e-02 6.999581109999999939e-02
1.218279169999999939e-01 6.240882949999999874e-02 7.314960160000000267e-02
1.272236599999999884e-01 6.517415109999999401e-02 7.625874609999999665e-02
1.326173730000000106e-01 6.790460580000000357e-02 7.932393679999999447e-02
1.380102340000000094e-01 7.060123029999999800e-02 8.234560109999999877e-02
1.434027300000000060e-01 7.326538529999999938e-02 8.532433189999999446e-02
1.487958249999999927e-01 7.589800739999999490e-02 8.826041789999999887e-02
1.541900469999999967e-01 7.850021629999999473e-02 9.115423540000000546e-02
1.595861399999999874e-01 8.107289750000000461e-02 9.400597419999999482e-02
1.649845500000000076e-01 8.361705070000000073e-02 9.681587690000000024e-02
1.703859669999999993e-01 8.613343739999999860e-02 9.958399099999999671e-02
1.757906389999999985e-01 8.862304629999999406e-02 1.023105069999999950e-01
1.811993080000000034e-01 9.108646930000000030e-02 1.049952960000000018e-01
1.866121149999999951e-01 9.352464829999999896e-02 1.076384719999999989e-01
1.920294720000000066e-01 9.593829030000000646e-02 1.102399520000000022e-01
1.974518749999999989e-01 9.832799459999999603e-02 1.127995410000000032e-01
2.028794250000000021e-01 1.006945890000000010e-01 1.153172100000000033e-01
2.083124040000000066e-01 1.030387370000000052e-01 1.177927799999999997e-01
2.137511619999999946e-01 1.053610190000000002e-01 1.202259749999999988e-01
2.191958679999999882e-01 1.076621039999999946e-01 1.226165790000000033e-01
2.246466390000000091e-01 1.099426720000000052e-01 1.249643680000000062e-01
2.301036340000000013e-01 1.122033429999999971e-01 1.272690419999999989e-01
2.355669860000000060e-01 1.144447309999999940e-01 1.295302819999999966e-01
2.410367959999999976e-01 1.166674480000000069e-01 1.317477400000000021e-01
2.465131419999999907e-01 1.188721019999999934e-01 1.339210510000000132e-01
2.519960720000000154e-01 1.210593050000000059e-01 1.360498280000000115e-01
2.574856079999999769e-01 1.232296670000000011e-01 1.381336659999999883e-01
2.629817429999999900e-01 1.253838049999999871e-01 1.401721429999999990e-01
2.684844479999999867e-01 1.275223410000000113e-01 1.421648229999999957e-01
2.739936629999999984e-01 1.296459020000000073e-01 1.441112559999999931e-01
2.795093029999999867e-01 1.317551260000000002e-01 1.460109780000000135e-01
2.850312580000000096e-01 1.338506610000000097e-01 1.478635179999999993e-01
2.905593890000000012e-01 1.359331649999999947e-01 1.496683940000000101e-01
2.960935319999999926e-01 1.380033089999999907e-01 1.514251169999999980e-01
3.016335980000000028e-01 1.400617000000000112e-01 1.531330949999999969e-01
3.071793440000000208e-01 1.421090590000000098e-01 1.547918460000000107e-01
3.127304630000000141e-01 1.441461490000000012e-01 1.564009259999999957e-01
3.182867420000000114e-01 1.461736610000000103e-01 1.579597719999999983e-01
3.238479939999999724e-01 1.481922609999999918e-01 1.594677579999999872e-01
3.294137329999999864e-01 1.502028470000000004e-01 1.609245470000000011e-01
3.349837970000000276e-01 1.522060620000000031e-01 1.623294269999999984e-01
3.405576869999999978e-01 1.542028139999999936e-01 1.636820300000000061e-01
3.461351049999999985e-01 1.561938559999999920e-01 1.649817369999999894e-01
3.517155459999999900e-01 1.581801009999999896e-01 1.662281449999999938e-01
3.572986739999999828e-01 1.601623339999999895e-01 1.674206229999999906e-01
3.628838580000000036e-01 1.621415750000000100e-01 1.685588819999999932e-01
3.684707700000000030e-01 1.641186060000000002e-01 1.696422300000000050e-01
3.740587519999999944e-01 1.660944739999999920e-01 1.706703760000000125e-01
3.796472249999999771e-01 1.680701699999999910e-01 1.716429120000000086e-01
3.852356789999999975e-01 1.700466310000000036e-01 1.725593189999999888e-01
3.908234649999999810e-01 1.720249090000000036e-01 1.734192449999999996e-01
3.964098859999999891e-01 1.740060999999999969e-01 1.742224039999999974e-01
4.019942650000000173e-01 1.759912879999999957e-01 1.749684659999999892e-01
4.075758930000000224e-01 1.779815859999999972e-01 1.756571389999999899e-01
4.131540269999999793e-01 1.799781360000000108e-01 1.762881729999999925e-01
4.187278959999999883e-01 1.819821110000000020e-01 1.768613599999999952e-01
4.242966950000000015e-01 1.839947100000000058e-01 1.773765399999999992e-01
4.298595900000000136e-01 1.860171599999999870e-01 1.778336040000000062e-01
4.354157180000000071e-01 1.880507100000000098e-01 1.782324949999999908e-01
4.409641899999999781e-01 1.900966360000000133e-01 1.785732140000000079e-01
4.465040869999999940e-01 1.921562330000000096e-01 1.788558170000000003e-01
4.520344680000000226e-01 1.942308150000000011e-01 1.790804259999999870e-01
4.575543670000000174e-01 1.963217120000000093e-01 1.792472250000000100e-01
4.630627999999999966e-01 1.984302699999999919e-01 1.793564639999999932e-01
4.685587760000000102e-01 2.005578269999999941e-01 1.794084270000000092e-01
4.740412999999999988e-01 2.027057250000000033e-01 1.794034369999999989e-01
4.795092910000000042e-01 2.048753620000000053e-01 1.793420540000000007e-01
4.849616990000000238e-01 2.070681040000000028e-01 1.792248140000000101e-01
4.903975079999999820e-01 2.092852729999999939e-01 1.790522159999999863e-01
4.958156229999999831e-01 2.115282470000000026e-01 1.788250170000000028e-01
5.012149550000000175e-01 2.137983750000000127e-01 1.785440269999999940e-01
5.065944850000000388e-01 2.160969389999999879e-01 1.782099440000000090e-01
5.119530920000000540e-01 2.184252750000000021e-01 1.778238209999999930e-01
5.172897349999999728e-01 2.207846400000000042e-01 1.773865960000000075e-01
5.226033570000000461e-01 2.231762730000000083e-01 1.768993349999999909e-01
5.278929009999999700e-01 2.256013900000000127e-01 1.763632290000000102e-01
5.331573619999999680e-01 2.280611359999999976e-01 1.757794299999999865e-01
5.383957059999999739e-01 2.305566480000000029e-01 1.751493040000000057e-01
5.436069719999999661e-01 2.330889750000000038e-01 1.744741320000000040e-01
5.487901809999999880e-01 2.356591439999999871e-01 1.737554030000000027e-01
5.539444180000000495e-01 2.382681000000000104e-01 1.729945420000000011e-01
5.590687749999999623e-01 2.409167409999999898e-01 1.721931270000000014e-01
5.641623999999999528e-01 2.436058909999999911e-01 1.713527169999999877e-01
5.692244659999999845e-01 2.463363110000000022e-01 1.704749590000000092e-01
5.742541920000000522e-01 2.491086899999999937e-01 1.695615259999999902e-01
5.792508419999999880e-01 2.519236449999999738e-01 1.686141180000000073e-01
5.842137179999999930e-01 2.547817199999999893e-01 1.676344969999999934e-01
5.891421810000000425e-01 2.576833840000000153e-01 1.666244000000000058e-01
5.940356239999999843e-01 2.606290359999999806e-01 1.655856529999999993e-01
5.988935069999999916e-01 2.636189910000000247e-01 1.645200059999999964e-01
6.037153189999999725e-01 2.666535039999999857e-01 1.634293430000000047e-01
6.085006219999999910e-01 2.697327429999999970e-01 1.623153830000000075e-01
6.132490000000000441e-01 2.728568210000000271e-01 1.611800869999999997e-01
6.179601190000000299e-01 2.760257669999999774e-01 1.600251159999999950e-01
6.226336620000000321e-01 2.792395570000000271e-01 1.588524219999999931e-01
6.272693830000000137e-01 2.824980950000000046e-01 1.576637200000000072e-01
6.318670749999999448e-01 2.858012289999999900e-01 1.564607789999999943e-01
6.364265650000000552e-01 2.891487500000000099e-01 1.552455289999999932e-01
6.409477449999999576e-01 2.925403939999999814e-01 1.540195590000000003e-01
6.454305339999999447e-01 2.959758510000000120e-01 1.527846280000000057e-01
6.498748899999999828e-01 2.994547559999999886e-01 1.515426510000000004e-01
6.542808199999999852e-01 3.029767150000000075e-01 1.502951499999999885e-01
6.586483579999999893e-01 3.065412900000000218e-01 1.490438229999999920e-01
6.629775730000000422e-01 3.101480079999999750e-01 1.477903489999999875e-01
6.672685689999999781e-01 3.137963590000000247e-01 1.465364849999999941e-01
6.715214750000000343e-01 3.174858150000000045e-01 1.452838280000000037e-01
6.757364500000000440e-01 3.212158279999999810e-01 1.440339529999999924e-01
6.799136749999999951e-01 3.249858219999999798e-01 1.427884759999999975e-01
6.840533549999999741e-01 3.287952109999999761e-01 1.415490000000000081e-01
6.881557170000000001e-01 3.326433899999999833e-01 1.403171189999999902e-01
6.922210020000000297e-01 3.365297469999999902e-01 1.390944149999999990e-01
6.962494729999999521e-01 3.404536630000000175e-01 1.378824620000000112e-01
7.002414030000000400e-01 3.444145149999999767e-01 1.366828280000000062e-01
7.041970770000000046e-01 3.484116760000000035e-01 1.354970779999999930e-01
7.081168020000000451e-01 3.524445110000000159e-01 1.343268549999999950e-01
7.120008970000000215e-01 3.565123809999999893e-01 1.331738269999999946e-01
7.158496600000000543e-01 3.606146860000000176e-01 1.320394269999999870e-01
7.196634069999999772e-01 3.647508190000000039e-01 1.309252240000000067e-01
7.234424729999999748e-01 3.689201599999999970e-01 1.298328940000000042e-01
7.271872299999999623e-01 3.731220619999999766e-01 1.287643099999999929e-01
7.308979519999999619e-01 3.773560040000000226e-01 1.277207340000000024e-01
7.345750119999999717e-01 3.816213600000000206e-01 1.267040560000000093e-01
7.382187569999999477e-01 3.859175530000000243e-01 1.257159939999999976e-01
7.418294810000000128e-01 3.902440699999999985e-01 1.247580159999999994e-01
7.454075959999999501e-01 3.946002860000000223e-01 1.238322290000000020e-01
7.489533609999999841e-01 3.989857479999999734e-01 1.229399780000000053e-01
7.524671739999999609e-01 4.033998699999999937e-01 1.220833320000000027e-01
7.559493440000000231e-01 4.078421709999999756e-01 1.212639509999999948e-01
7.594001500000000515e-01 4.123122069999999861e-01 1.204834149999999965e-01
7.628200590000000503e-01 4.168093620000000166e-01 1.197441280000000052e-01
7.662092719999999968e-01 4.213332889999999997e-01 1.190473940000000008e-01
7.695681140000000253e-01 4.258835329999999808e-01 1.183950790000000003e-01
7.728969449999999464e-01 4.304596139999999904e-01 1.177891920000000009e-01
7.761961109999999664e-01 4.350610759999999910e-01 1.172316880000000006e-01
7.794658570000000397e-01 4.396875700000000275e-01 1.167241700000000021e-01
7.827064910000000042e-01 4.443386930000000068e-01 1.162684890000000026e-01
7.859183180000000046e-01 4.490140590000000209e-01 1.158664749999999966e-01
7.891016339999999962e-01 4.537132930000000175e-01 1.155199310000000062e-01
7.922567320000000191e-01 4.584360390000000174e-01 1.152306270000000021e-01
7.953838960000000347e-01 4.631819500000000089e-01 1.150002920000000040e-01
7.984834060000000067e-01 4.679506979999999983e-01 1.148306080000000007e-01
8.015555330000000422e-01 4.727419669999999852e-01 1.147232019999999963e-01
8.046005419999999742e-01 4.775554530000000186e-01 1.146796409999999988e-01
8.076186910000000552e-01 4.823908689999999999e-01 1.147014189999999989e-01
8.106102299999999872e-01 4.872479390000000188e-01 1.147899589999999970e-01
8.135754010000000314e-01 4.921264009999999911e-01 1.149465969999999976e-01
8.165145120000000256e-01 4.970259490000000224e-01 1.151727540000000022e-01
8.194278369999999923e-01 5.019463109999999784e-01 1.154696770000000067e-01
8.223155089999999445e-01 5.068873329999999955e-01 1.158382059999999991e-01
8.251777399999999929e-01 5.118488030000000188e-01 1.162792920000000063e-01
8.280148980000000547e-01 5.168303979999999687e-01 1.167941089999999932e-01
8.308271689999999765e-01 5.218319380000000507e-01 1.173833380000000037e-01
8.336146309999999948e-01 5.268533340000000065e-01 1.180473509999999948e-01
8.363777300000000414e-01 5.318942229999999993e-01 1.187871469999999957e-01
8.391165240000000303e-01 5.369545399999999802e-01 1.196028479999999977e-01
8.418312119999999954e-01 5.420341180000000092e-01 1.204947610000000058e-01
8.445221579999999673e-01 5.471326770000000117e-01 1.214633610000000058e-01
8.471893200000000235e-01 5.522502369999999772e-01 1.225083170000000055e-01
8.498331890000000444e-01 5.573864379999999841e-01 1.236300929999999965e-01
8.524536689999999695e-01 5.625413439999999987e-01 1.248280910000000021e-01
8.550511830000000479e-01 5.677146600000000376e-01 1.261024350000000127e-01
8.576257919999999979e-01 5.729063439999999563e-01 1.274526009999999987e-01
8.601776199999999761e-01 5.781163179999999624e-01 1.288780840000000039e-01
8.627071269999999625e-01 5.833442779999999939e-01 1.303787449999999903e-01
8.652141509999999869e-01 5.885903470000000137e-01 1.319535330000000117e-01
8.676990239999999854e-01 5.938543179999999921e-01 1.336019850000000064e-01
8.701620490000000485e-01 5.991360100000000521e-01 1.353235080000000090e-01
8.726031520000000485e-01 6.044354950000000448e-01 1.371170049999999863e-01
8.750225169999999997e-01 6.097526749999999662e-01 1.389816459999999865e-01
8.774205600000000160e-01 6.150873110000000255e-01 1.409167859999999883e-01
8.797972840000000128e-01 6.204394349999999836e-01 1.429212900000000064e-01
8.821527810000000525e-01 6.258090200000000491e-01 1.449940989999999874e-01
8.844872200000000184e-01 6.311959969999999531e-01 1.471342029999999912e-01
8.868007660000000181e-01 6.366003000000000078e-01 1.493405650000000084e-01
8.890936400000000184e-01 6.420218359999999569e-01 1.516121699999999906e-01
8.913660509999999926e-01 6.474605220000000383e-01 1.539479699999999895e-01
8.936180179999999584e-01 6.529163940000000110e-01 1.563467590000000018e-01
8.958496900000000318e-01 6.583894120000000072e-01 1.588074349999999968e-01
8.980612110000000259e-01 6.638795410000000174e-01 1.613288940000000005e-01
9.002527230000000324e-01 6.693867510000000021e-01 1.639100310000000116e-01
9.024243619999999799e-01 6.749110189999999454e-01 1.665497439999999996e-01
9.045762619999999643e-01 6.804523270000000235e-01 1.692469369999999862e-01
9.067085510000000292e-01 6.860106609999999661e-01 1.720005259999999869e-01
9.088213529999999984e-01 6.915860139999999712e-01 1.748094390000000109e-01
9.109147890000000025e-01 6.971783830000000126e-01 1.776726160000000054e-01
9.129889740000000087e-01 7.027877700000000338e-01 1.805890169999999906e-01
9.150440189999999863e-01 7.084141840000000023e-01 1.835576180000000057e-01
9.170800310000000177e-01 7.140576370000000228e-01 1.865774179999999949e-01
9.190972170000000219e-01 7.197180890000000053e-01 1.896474760000000093e-01
9.210957220000000056e-01 7.253955380000000064e-01 1.927668459999999917e-01
9.230755219999999817e-01 7.310900769999999493e-01 1.959345379999999914e-01
9.250367069999999581e-01 7.368017359999999849e-01 1.991496389999999894e-01
9.269793600000000300e-01 7.425305519999999548e-01 2.024112600000000095e-01
9.289035570000000464e-01 7.482765679999999753e-01 2.057185330000000090e-01
9.308096249999999738e-01 7.540396990000000077e-01 2.090706920000000024e-01
9.326976019999999590e-01 7.598200130000000163e-01 2.124668979999999874e-01
9.345673690000000366e-01 7.656176620000000321e-01 2.159063049999999928e-01
9.364189849999999815e-01 7.714327039999999691e-01 2.193881450000000066e-01
9.382528150000000178e-01 7.772650469999999867e-01 2.229117439999999950e-01
9.400689049999999547e-01 7.831147640000000187e-01 2.264763690000000107e-01
9.418670270000000233e-01 7.889820629999999557e-01 2.300812610000000091e-01
9.436473720000000398e-01 7.948669459999999631e-01 2.337257759999999962e-01
9.454104039999999820e-01 8.007692870000000518e-01 2.374093270000000033e-01
9.471556020000000409e-01 8.066894390000000081e-01 2.411311859999999974e-01
9.488832600000000062e-01 8.126273609999999925e-01 2.448907869999999987e-01
9.505937079999999817e-01 8.185830010000000323e-01 2.486875729999999951e-01
9.522864039999999752e-01 8.245567200000000208e-01 2.525209050000000177e-01
9.539620429999999818e-01 8.305482960000000192e-01 2.563903080000000112e-01
9.556202270000000443e-01 8.365580259999999546e-01 2.602952069999999729e-01
9.572610350000000379e-01 8.425859820000000111e-01 2.642350989999999733e-01
9.588848340000000192e-01 8.486321030000000265e-01 2.682095159999999812e-01
9.604910209999999449e-01 8.546967800000000448e-01 2.722179419999999905e-01
9.620805119999999988e-01 8.607797080000000323e-01 2.762599729999999920e-01
9.636522520000000425e-01 8.668814790000000103e-01 2.803351150000000236e-01
9.652074569999999909e-01 8.730016640000000105e-01 2.844429940000000046e-01
9.667448629999999543e-01 8.791409430000000080e-01 2.885831600000000052e-01
9.682657620000000298e-01 8.852988619999999642e-01 2.927552529999999931e-01
9.697689109999999557e-01 8.914760879999999998e-01 2.969588739999999838e-01
9.712554169999999543e-01 8.976722579999999452e-01 3.011936720000000234e-01
9.727243300000000259e-01 9.038879069999999905e-01 3.054592939999999923e-01
9.741762999999999950e-01 9.101228749999999978e-01 3.097554040000000120e-01
9.756109440000000355e-01 9.163774519999999812e-01 3.140816830000000004e-01
9.770281739999999715e-01 9.226517990000000502e-01 3.184378270000000066e-01
9.784284600000000554e-01 9.289458449999999923e-01 3.228235250000000001e-01
9.798109600000000086e-01 9.352600680000000555e-01 3.272385190000000055e-01
9.811764589999999453e-01 9.415942689999999837e-01 3.316825090000000142e-01
9.825243790000000033e-01 9.479488179999999709e-01 3.361552540000000144e-01
9.838543950000000482e-01 9.543239740000000193e-01 3.406565229999999889e-01
