0.000000000000000000e+00 0.000000000000000000e+00 0.000000000000000000e+00
3.734101689999999932e-04 1.881699040000000135e-04 1.554545950000000003e-04
1.362127010000000046e-03 6.308825799999999949e-04 5.084999730000000539e-04
2.950399340000000193e-03 1.265607960000000040e-03 9.981982230000000303e-04
5.148401440000000343e-03 2.059452900000000117e-03 1.594082149999999972e-03
7.971579689999999316e-03 2.988957339999999928e-03 2.276155629999999843e-03
1.143742319999999958e-02 4.035448599999999844e-03 3.030018160000000002e-03
1.556455720000000063e-02 5.183086790000000256e-03 3.844761150000000193e-03
2.037238510000000113e-02 6.417864839999999800e-03 4.711888959999999647e-03
2.588025329999999943e-02 7.727257809999999762e-03 5.624942590000000207e-03
3.210798069999999671e-02 9.099651679999999285e-03 6.578857540000000031e-03
3.907560339999999882e-02 1.052417079999999963e-02 7.569785130000000230e-03
4.643201720000000171e-02 1.199051320000000045e-02 8.594918050000000670e-03
5.374434410000000079e-02 1.348808349999999941e-02 9.651689930000000375e-03
6.102789270000000266e-02 1.500783919999999945e-02 1.073950939999999965e-02
6.828854489999999777e-02 1.654063340000000090e-02 1.185815529999999923e-02
7.553386039999999968e-02 1.807613409999999851e-02 1.300698869999999951e-02
8.276583830000000530e-02 1.960658499999999929e-02 1.418808390000000051e-02
8.999014499999999361e-02 2.112205849999999885e-02 1.540236050000000009e-02
9.720862510000000123e-02 2.261463790000000154e-02 1.665292079999999841e-02
1.044259669999999945e-01 2.407435980000000031e-02 1.794205830000000085e-02
1.116428279999999995e-01 2.549381339999999899e-02 1.927456699999999939e-02
1.188626559999999971e-01 2.686341169999999917e-02 2.065453310000000056e-02
1.260873650000000068e-01 2.817444599999999882e-02 2.208749720000000027e-02
1.333179009999999887e-01 2.941888549999999852e-02 2.358028200000000102e-02
1.405558610000000042e-01 3.058800260000000062e-02 2.514027190000000037e-02
1.478025420000000090e-01 3.167313930000000000e-02 2.677599019999999871e-02
1.550589460000000031e-01 3.266574369999999949e-02 2.849722379999999888e-02
1.623257710000000076e-01 3.355741720000000178e-02 3.031516479999999888e-02
1.696034050000000126e-01 3.433997049999999718e-02 3.224257009999999951e-02
1.768919150000000107e-01 3.500548979999999755e-02 3.429394219999999660e-02
1.841910280000000066e-01 3.554641420000000107e-02 3.648573110000000175e-02
1.915015529999999910e-01 3.595363320000000140e-02 3.883600710000000011e-02
1.988217929999999967e-01 3.622130169999999982e-02 4.134492280000000297e-02
2.061511480000000063e-01 3.634213299999999869e-02 4.394848140000000292e-02
2.134880959999999883e-01 3.631018739999999911e-02 4.666729690000000208e-02
2.208316529999999889e-01 3.611872559999999843e-02 4.951415049999999957e-02
2.281787899999999925e-01 3.576439029999999714e-02 5.250275270000000216e-02
2.355270750000000024e-01 3.524313810000000158e-02 5.564711969999999730e-02
2.428733600000000104e-01 3.455240879999999654e-02 5.896185169999999809e-02
2.502137349999999927e-01 3.369139730000000194e-02 6.246201369999999919e-02
2.575434979999999818e-01 3.266132609999999881e-02 6.616297520000000154e-02
2.648572530000000147e-01 3.146546800000000338e-02 7.008024200000000092e-02
2.721497469999999974e-01 3.010752179999999847e-02 7.422961549999999853e-02
2.794129029999999903e-01 2.859819829999999882e-02 7.862586700000000206e-02
2.866401690000000002e-01 2.694609909999999900e-02 8.328406800000000276e-02
2.938224790000000253e-01 2.516691949999999914e-02 8.821740929999999370e-02
3.009508639999999846e-01 2.327790789999999860e-02 9.343796410000000663e-02
3.080157929999999822e-01 2.129959550000000076e-02 9.895589779999999780e-02
3.150072939999999933e-01 1.925582099999999935e-02 1.047789419999999999e-01
3.219152209999999736e-01 1.717333539999999978e-02 1.109119999999999967e-01
3.287295410000000140e-01 1.508126299999999927e-02 1.173568670000000036e-01
3.354406169999999965e-01 1.301045569999999957e-02 1.241120819999999986e-01
3.420395900000000045e-01 1.099237789999999923e-02 1.311732100000000123e-01
3.485181540000000244e-01 9.059894089999999400e-03 1.385320309999999999e-01
3.548692529999999956e-01 7.244900779999999783e-03 1.461778619999999917e-01
3.610869740000000050e-01 5.578398479999999854e-03 1.540975970000000028e-01
3.671665439999999836e-01 4.090272489999999608e-03 1.622759689999999921e-01
3.731044040000000006e-01 2.808588580000000168e-03 1.706963659999999883e-01
3.788980920000000197e-01 1.759655620000000068e-03 1.793411420000000089e-01
3.845461829999999859e-01 9.677032969999999935e-04 1.881923729999999961e-01
3.900480700000000245e-01 4.554608909999999971e-04 1.972317160000000014e-01
3.954039010000000021e-01 2.438871989999999955e-04 2.064411690000000077e-01
4.006144360000000182e-01 3.523338959999999733e-04 2.158034159999999979e-01
4.056808630000000027e-01 7.991158419999999781e-04 2.253015650000000092e-01
4.106047210000000058e-01 1.601570089999999934e-03 2.349194510000000014e-01
4.153877939999999769e-01 2.776273310000000171e-03 2.446416879999999960e-01
4.200320359999999975e-01 4.339226459999999744e-03 2.544537150000000247e-01
4.245394980000000151e-01 6.305910900000000381e-03 2.643420320000000046e-01
4.289122759999999812e-01 8.691679560000000263e-03 2.742937120000000228e-01
4.331524780000000074e-01 1.151172139999999920e-02 2.842966270000000240e-01
4.372621789999999731e-01 1.478110359999999963e-02 2.943395750000000199e-01
4.412434109999999743e-01 1.851494249999999925e-02 3.044120120000000096e-01
4.450981410000000027e-01 2.272842820000000111e-02 3.145040729999999951e-01
4.488282809999999956e-01 2.743688910000000036e-02 3.246063849999999973e-01
4.524357450000000003e-01 3.265583400000000164e-02 3.347097170000000177e-01
4.559222010000000269e-01 3.840066379999999835e-02 3.448066140000000113e-01
4.592893900000000196e-01 4.449525000000000008e-02 3.548890690000000014e-01
4.625389650000000241e-01 5.058156789999999903e-02 3.649497529999999879e-01
4.656723959999999884e-01 5.666624690000000159e-02 3.749823769999999779e-01
4.686912970000000067e-01 6.275175809999999910e-02 3.849800310000000003e-01
4.715969700000000042e-01 6.884025400000000350e-02 3.949374010000000212e-01
4.743908729999999907e-01 7.493354800000000260e-02 4.048485960000000050e-01
4.770743029999999774e-01 8.103320930000000588e-02 4.147085589999999766e-01
4.796484380000000103e-01 8.714061750000000328e-02 4.245128089999999910e-01
4.821146929999999831e-01 9.325677949999999772e-02 4.342562099999999758e-01
4.844740889999999967e-01 9.938270859999999429e-02 4.439351519999999995e-01
4.867277540000000124e-01 1.055191689999999960e-01 4.535457929999999749e-01
4.888768740000000168e-01 1.116667040000000055e-01 4.630843279999999895e-01
4.909225300000000236e-01 1.178257649999999990e-01 4.725474590000000030e-01
4.928656759999999748e-01 1.239967430000000065e-01 4.819323850000000187e-01
4.947073240000000038e-01 1.301798610000000078e-01 4.912363189999999769e-01
4.964484559999999824e-01 1.363752390000000092e-01 5.004567220000000205e-01
4.980900389999999844e-01 1.425829040000000103e-01 5.095912679999999861e-01
4.996330540000000209e-01 1.488027710000000003e-01 5.186377810000000199e-01
5.010783189999999943e-01 1.550347890000000062e-01 5.275945810000000069e-01
5.024267059999999452e-01 1.612787870000000068e-01 5.364600200000000374e-01
5.036790620000000107e-01 1.675345410000000090e-01 5.452326440000000440e-01
5.048362060000000096e-01 1.738017839999999870e-01 5.539111899999999977e-01
5.058989320000000234e-01 1.800802119999999895e-01 5.624945740000000249e-01
5.068680070000000093e-01 1.863694860000000009e-01 5.709818779999999983e-01
5.077441710000000219e-01 1.926692449999999890e-01 5.793723480000000370e-01
5.085281339999999650e-01 1.989791039999999900e-01 5.876653790000000432e-01
5.092205800000000337e-01 2.052986649999999913e-01 5.958605110000000371e-01
5.098221600000000242e-01 2.116275159999999878e-01 6.039574180000000236e-01
5.103334950000000259e-01 2.179652410000000040e-01 6.119558999999999971e-01
5.107551750000000057e-01 2.243114180000000124e-01 6.198558749999999451e-01
5.110877520000000063e-01 2.306656250000000130e-01 6.276573730000000184e-01
5.113317469999999476e-01 2.370274450000000033e-01 6.353605249999999538e-01
5.114876400000000212e-01 2.433964650000000063e-01 6.429655570000000209e-01
5.115558759999999650e-01 2.497722810000000127e-01 6.504727839999999706e-01
5.115368559999999842e-01 2.561545000000000072e-01 6.578825999999999841e-01
5.114309919999999732e-01 2.625427080000000135e-01 6.651954289999999492e-01
5.112385480000000149e-01 2.689365739999999838e-01 6.724118540000000310e-01
5.109597909999999965e-01 2.753357459999999923e-01 6.795324680000000006e-01
5.105949429999999678e-01 2.817398939999999907e-01 6.865579189999999610e-01
5.101441709999999796e-01 2.881487030000000060e-01 6.934888999999999637e-01
5.096075930000000254e-01 2.945618790000000264e-01 7.003261440000000393e-01
5.089852719999999886e-01 3.009791470000000024e-01 7.070704190000000056e-01
5.082772209999999458e-01 3.074002479999999871e-01 7.137225130000000028e-01
5.074834240000000163e-01 3.138249320000000009e-01 7.202832239999999997e-01
5.066037140000000383e-01 3.202530149999999742e-01 7.267534190000000116e-01
5.056379130000000499e-01 3.266843079999999788e-01 7.331339390000000122e-01
5.045857769999999576e-01 3.331186460000000182e-01 7.394256350000000255e-01
5.034469929999999538e-01 3.395558810000000038e-01 7.456293579999999643e-01
5.022211800000000448e-01 3.459958879999999737e-01 7.517459499999999961e-01
5.009079170000000358e-01 3.524385469999999909e-01 7.577762359999999919e-01
4.995066300000000070e-01 3.588837979999999761e-01 7.637210549999999820e-01
4.980167110000000008e-01 3.653315779999999902e-01 7.695812090000000438e-01
4.964374739999999897e-01 3.717818419999999735e-01 7.753574760000000454e-01
4.947681500000000177e-01 3.782345659999999943e-01 7.810506069999999523e-01
4.930078940000000021e-01 3.846897389999999750e-01 7.866613180000000538e-01
4.911557590000000251e-01 3.911473730000000204e-01 7.921902950000000443e-01
4.892107070000000224e-01 3.976075000000000026e-01 7.976381820000000289e-01
4.871716220000000264e-01 4.040701560000000137e-01 8.030055759999999987e-01
4.850372929999999805e-01 4.105353959999999969e-01 8.082930299999999679e-01
4.828064129999999898e-01 4.170032839999999741e-01 8.135010400000000086e-01
4.804775470000000048e-01 4.234739089999999817e-01 8.186300589999999655e-01
4.780492060000000043e-01 4.299473500000000059e-01 8.236804680000000545e-01
4.755197829999999737e-01 4.364237000000000255e-01 8.286525909999999939e-01
4.728875670000000087e-01 4.429030609999999868e-01 8.335466900000000345e-01
4.701507400000000114e-01 4.493855370000000016e-01 8.383629559999999925e-01
4.673073480000000113e-01 4.558712480000000067e-01 8.431015149999999680e-01
4.643553209999999876e-01 4.623603159999999934e-01 8.477624139999999642e-01
4.612925460000000255e-01 4.688528359999999950e-01 8.523456219999999695e-01
4.581167549999999866e-01 4.753489169999999819e-01 8.568510299999999580e-01
4.548255629999999883e-01 4.818486650000000093e-01 8.612784470000000026e-01
4.514164649999999890e-01 4.883521789999999974e-01 8.656275970000000264e-01
4.478868349999999832e-01 4.948595510000000086e-01 8.698981180000000535e-01
4.442338189999999742e-01 5.013708999999999527e-01 8.740895539999999908e-01
4.404546260000000157e-01 5.078862680000000296e-01 8.782013570000000158e-01
4.365462709999999857e-01 5.144057039999999636e-01 8.822328830000000233e-01
4.325056369999999983e-01 5.209292479999999559e-01 8.861833909999999870e-01
4.283294790000000130e-01 5.274569169999999696e-01 8.900520370000000181e-01
4.240144330000000239e-01 5.339887079999999786e-01 8.938378750000000039e-01
4.195570109999999797e-01 5.405245920000000259e-01 8.975398519999999714e-01
4.149536070000000021e-01 5.470645119999999473e-01 9.011568049999999497e-01
4.102005020000000224e-01 5.536083800000000110e-01 9.046874609999999706e-01
4.052938689999999733e-01 5.601560719999999494e-01 9.081304300000000440e-01
4.002297839999999773e-01 5.667074269999999858e-01 9.114842060000000190e-01
3.950042049999999971e-01 5.732622490000000015e-01 9.147471600000000036e-01
3.896130729999999764e-01 5.798202789999999940e-01 9.179175429999999469e-01
3.840522749999999985e-01 5.863812090000000143e-01 9.209934850000000006e-01
3.783176460000000074e-01 5.929446809999999735e-01 9.239729819999999982e-01
3.724049269999999967e-01 5.995102989999999687e-01 9.268538859999999602e-01
3.663100260000000108e-01 6.060775680000000110e-01 9.296339340000000506e-01
3.600288919999999893e-01 6.126459330000000314e-01 9.323107170000000110e-01
3.535576209999999886e-01 6.192147599999999752e-01 9.348816880000000440e-01
3.468925370000000008e-01 6.257833269999999448e-01 9.373441599999999818e-01
3.400302800000000181e-01 6.323508230000000063e-01 9.396952990000000394e-01
3.329679389999999906e-01 6.389163300000000323e-01 9.419321290000000069e-01
3.257031989999999988e-01 6.454788230000000349e-01 9.440515250000000025e-01
3.182342779999999816e-01 6.520372060000000358e-01 9.460501650000000540e-01
3.105601110000000276e-01 6.585903050000000425e-01 9.479245080000000545e-01
3.026821539999999811e-01 6.651365750000000077e-01 9.496711030000000164e-01
2.946029889999999818e-01 6.716744380000000403e-01 9.512862359999999518e-01
2.863264609999999766e-01 6.782023130000000011e-01 9.527658369999999488e-01
2.778601379999999788e-01 6.847182729999999884e-01 9.541058749999999922e-01
2.692161410000000199e-01 6.912200469999999486e-01 9.553023950000000264e-01
2.604082830000000182e-01 6.977056270000000504e-01 9.563506210000000118e-01
2.514600940000000229e-01 7.041721709999999579e-01 9.572465340000000378e-01
2.423994849999999979e-01 7.106170809999999838e-01 9.579852349999999905e-01
2.332667750000000095e-01 7.170370839999999912e-01 9.585623920000000409e-01
2.241116509999999951e-01 7.234290239999999761e-01 9.589728549999999574e-01
2.150032219999999938e-01 7.297888949999999930e-01 9.592124330000000310e-01
2.060263860000000058e-01 7.361128340000000492e-01 9.592759610000000103e-01
1.972923799999999894e-01 7.423962920000000132e-01 9.591589449999999850e-01
1.889416800000000007e-01 7.486342729999999612e-01 9.588571500000000469e-01
1.811474670000000065e-01 7.548214410000000374e-01 9.583663510000000052e-01
1.741196939999999915e-01 7.609519590000000111e-01 9.576827350000000072e-01
1.681047310000000072e-01 7.670194660000000386e-01 9.568030619999999820e-01
1.633789119999999873e-01 7.730170499999999834e-01 9.557248720000000031e-01
1.602333370000000035e-01 7.789372479999999710e-01 9.544467269999999948e-01
1.589488639999999953e-01 7.847720430000000302e-01 9.529685020000000506e-01
1.597638080000000071e-01 7.905129039999999607e-01 9.512917090000000409e-01
1.628414760000000128e-01 7.961508440000000242e-01 9.494198750000000242e-01
1.682473310000000000e-01 8.016765369999999669e-01 9.473588200000000459e-01
1.759437269999999942e-01 8.070804980000000350e-01 9.451167499999999499e-01
1.858028260000000043e-01 8.123530559999999623e-01 9.427064200000000449e-01
1.976306889999999983e-01 8.174849520000000425e-01 9.401430979999999549e-01
2.111952380000000074e-01 8.224674339999999972e-01 9.374467810000000068e-01
2.262501990000000129e-01 8.272927530000000473e-01 9.346413209999999694e-01
2.425516339999999882e-01 8.319545470000000442e-01 9.317547729999999806e-01
2.598678990000000133e-01 8.364482760000000461e-01 9.288188490000000019e-01
2.779846910000000060e-01 8.407715900000000131e-01 9.258681050000000523e-01
2.967063380000000139e-01 8.449246249999999847e-01 9.229393110000000400e-01
3.158575129999999787e-01 8.489101009999999725e-01 9.200694149999999460e-01
3.352823779999999920e-01 8.527333000000000274e-01 9.172947169999999817e-01
3.548430499999999932e-01 8.564019720000000113e-01 9.146501759999999814e-01
3.744236899999999757e-01 8.599256779999999711e-01 9.121659069999999980e-01
3.939253569999999760e-01 8.633156220000000047e-01 9.098687680000000499e-01
4.132669099999999873e-01 8.665840449999999695e-01 9.077808590000000510e-01
4.323841219999999819e-01 8.697436819999999624e-01 9.059191899999999853e-01
4.512284710000000199e-01 8.728072479999999800e-01 9.042956840000000440e-01
4.697616310000000128e-01 8.757875309999999525e-01 9.029192369999999856e-01
4.879594279999999729e-01 8.786964170000000074e-01 9.017935630000000202e-01
5.058055649999999570e-01 8.815452369999999815e-01 9.009198000000000484e-01
5.232934310000000311e-01 8.843441469999999693e-01 9.002955550000000251e-01
5.404189339999999619e-01 8.871029350000000369e-01 8.999178540000000170e-01
5.571833529999999923e-01 8.898304179999999564e-01 8.997818090000000435e-01
5.735922839999999523e-01 8.925344299999999897e-01 8.998810360000000230e-01
5.896547020000000305e-01 8.952218339999999941e-01 9.002080449999999567e-01
6.053821289999999911e-01 8.978985729999999776e-01 9.007545810000000541e-01
6.207840919999999540e-01 9.005705130000000169e-01 9.015133619999999848e-01
6.358708499999999875e-01 9.032429619999999826e-01 9.024769620000000492e-01
6.506567829999999608e-01 9.059198960000000023e-01 9.036365830000000487e-01
6.651556039999999559e-01 9.086049229999999532e-01 9.049838930000000392e-01
6.793729490000000037e-01 9.113030530000000295e-01 9.065135779999999865e-01
6.933258639999999584e-01 9.140162929999999797e-01 9.082164059999999761e-01
7.070252830000000044e-01 9.167476089999999633e-01 9.100854940000000504e-01
7.204819390000000157e-01 9.194996450000000321e-01 9.121141649999999768e-01
7.337064540000000079e-01 9.222747150000000227e-01 9.142959179999999852e-01
7.467092480000000476e-01 9.250748389999999821e-01 9.166244630000000004e-01
7.594999759999999656e-01 9.279019189999999639e-01 9.190938960000000213e-01
7.720837270000000530e-01 9.307588230000000129e-01 9.216998229999999737e-01
7.844740799999999625e-01 9.336458220000000141e-01 9.244353730000000047e-01
7.966801749999999904e-01 9.365640950000000409e-01 9.272952060000000385e-01
8.087021500000000085e-01 9.395172179999999873e-01 9.302766529999999534e-01
8.205556040000000495e-01 9.425040590000000051e-01 9.333727069999999681e-01
8.322404190000000090e-01 9.455279020000000312e-01 9.365808899999999992e-01
8.437693010000000271e-01 9.485879980000000433e-01 9.398952720000000038e-01
8.551397459999999784e-01 9.516880970000000106e-01 9.433140500000000150e-01
8.663641840000000371e-01 9.548271590000000364e-01 9.468315349999999464e-01
8.774453629999999782e-01 9.580070149999999618e-01 9.504446130000000492e-01
8.883837810000000390e-01 9.612301469999999792e-01 9.541506650000000089e-01
8.991874269999999836e-01 9.644964839999999873e-01 9.579452280000000375e-01
9.098589660000000467e-01 9.678075830000000268e-01 9.618250900000000492e-01
9.204005809999999954e-01 9.711650950000000337e-01 9.657870349999999604e-01
9.308137389999999733e-01 9.745708600000000388e-01 9.698278310000000291e-01
9.410980380000000256e-01 9.780273390000000511e-01 9.739443829999999691e-01
9.512554260000000150e-01 9.815361580000000474e-01 9.781327130000000425e-01
9.612845129999999516e-01 9.851001289999999910e-01 9.823890140000000049e-01
9.711820799999999476e-01 9.887227819999999667e-01 9.867090459999999785e-01
9.809421480000000138e-01 9.924087740000000490e-01 9.910879649999999597e-01
9.905542419999999737e-01 9.961646130000000321e-01 9.955202210000000385e-01
1.000000000000000000e+00 1.000000000000000000e+00 1.000000000000000000e+00
