0.000000000000000000e+00 0.000000000000000000e+00 0.000000000000000000e+00
2.331713790000000111e-04 2.302771449999999943e-04 2.745275069999999758e-04
8.046189559999999746e-04 7.983574119999999530e-04 9.786966550000000212e-04
1.659434509999999910e-03 1.653685829999999943e-03 2.079370530000000140e-03
2.772588129999999790e-03 2.774207629999999973e-03 3.570201560000000208e-03
4.127969819999999755e-03 4.146262230000000333e-03 5.451731970000000052e-03
5.713849899999999885e-03 5.760311720000000323e-03 7.727792520000000345e-03
7.521066570000000187e-03 7.609251430000000052e-03 1.040421140000000015e-02
9.542146329999999163e-03 9.687577010000000127e-03 1.348806070000000031e-02
1.177083039999999962e-02 1.199091899999999919e-02 1.698707799999999921e-02
1.420170070000000007e-02 1.451573689999999944e-02 2.090980469999999952e-02
1.682995799999999903e-02 1.725912320000000041e-02 2.526553089999999946e-02
1.965132589999999888e-02 2.021868120000000144e-02 3.006390160000000158e-02
2.266196460000000079e-02 2.339243350000000041e-02 3.531473179999999878e-02
2.585832379999999930e-02 2.677873529999999849e-02 4.101629960000000019e-02
2.923710989999999885e-02 3.037622649999999896e-02 4.680335959999999684e-02
3.279516989999999715e-02 3.418377410000000144e-02 5.256750260000000313e-02
3.652963249999999912e-02 3.820048090000000007e-02 5.831331149999999935e-02
4.043774160000000034e-02 4.236544610000000238e-02 6.404491730000000382e-02
4.433711640000000120e-02 4.648195399999999894e-02 6.976602229999999405e-02
4.818165220000000110e-02 5.055441070000000342e-02 7.547990150000000176e-02
5.197463360000000032e-02 5.458604260000000236e-02 8.118947440000000293e-02
5.571878710000000012e-02 5.857972830000000158e-02 8.689746380000000492e-02
5.941653140000000000e-02 6.253805419999999837e-02 9.260633359999999314e-02
6.307009199999999427e-02 6.646337239999999813e-02 9.831801319999999844e-02
6.668141530000000483e-02 7.035780769999999684e-02 1.040344650000000065e-01
7.025224639999999576e-02 7.422329689999999924e-02 1.097574909999999987e-01
7.378415309999999949e-02 7.806161259999999658e-02 1.154887510000000006e-01
7.727854659999999765e-02 8.187438340000000037e-02 1.212297829999999937e-01
8.073669860000000364e-02 8.566311050000000038e-02 1.269820170000000026e-01
8.415975620000000490e-02 8.942918260000000397e-02 1.327467860000000055e-01
8.754875419999999520e-02 9.317388829999999345e-02 1.385253379999999979e-01
9.090462620000000493e-02 9.689842669999999825e-02 1.443188440000000017e-01
9.422821380000000191e-02 1.006039170000000010e-01 1.501284079999999910e-01
9.752027459999999814e-02 1.042914070000000026e-01 1.559550690000000017e-01
1.007814890000000019e-01 1.079618779999999972e-01 1.617998109999999878e-01
1.040124689999999963e-01 1.116162559999999970e-01 1.676635670000000133e-01
1.072137570000000067e-01 1.152554120000000015e-01 1.735472239999999999e-01
1.103858399999999990e-01 1.188801689999999939e-01 1.794516220000000051e-01
1.135291449999999980e-01 1.224913090000000065e-01 1.853775649999999942e-01
1.166440470000000007e-01 1.260895720000000109e-01 1.913258150000000102e-01
1.197307549999999943e-01 1.296756410000000082e-01 1.972975369999999951e-01
1.227896309999999963e-01 1.332502050000000104e-01 2.032931169999999954e-01
1.258209210000000022e-01 1.368139080000000118e-01 2.093131689999999934e-01
1.288248200000000065e-01 1.403673669999999929e-01 2.153583299999999867e-01
1.318014789999999992e-01 1.439111730000000033e-01 2.214292119999999864e-01
1.347509460000000103e-01 1.474458810000000009e-01 2.275266270000000091e-01
1.376731660000000135e-01 1.509720169999999861e-01 2.336515829999999960e-01
1.405683490000000091e-01 1.544901409999999975e-01 2.398040130000000103e-01
1.434365009999999940e-01 1.580007659999999869e-01 2.459844270000000055e-01
1.462774390000000091e-01 1.615043600000000135e-01 2.521938320000000067e-01
1.490910360000000101e-01 1.650013999999999925e-01 2.584328839999999738e-01
1.518773890000000015e-01 1.684923859999999940e-01 2.647013899999999809e-01
1.546361930000000051e-01 1.719777500000000126e-01 2.710003369999999800e-01
1.573671680000000017e-01 1.754579239999999873e-01 2.773304919999999840e-01
1.600703920000000058e-01 1.789333909999999972e-01 2.836913609999999752e-01
1.627451920000000107e-01 1.824045179999999877e-01 2.900846930000000046e-01
1.653916239999999871e-01 1.858717789999999870e-01 2.965098299999999742e-01
1.680091649999999881e-01 1.893355620000000128e-01 3.029677789999999926e-01
1.705975060000000099e-01 1.927962880000000101e-01 3.094587690000000224e-01
1.731562349999999917e-01 1.962543629999999872e-01 3.159832100000000144e-01
1.756849189999999949e-01 1.997101950000000070e-01 3.225414469999999811e-01
1.781829869999999871e-01 2.031641750000000024e-01 3.291340930000000164e-01
1.806501729999999972e-01 2.066167389999999937e-01 3.357607570000000208e-01
1.830854259999999956e-01 2.100682279999999957e-01 3.424231360000000168e-01
1.854886540000000028e-01 2.135191100000000120e-01 3.491200990000000171e-01
1.878589669999999878e-01 2.169697620000000104e-01 3.558525949999999938e-01
1.901955130000000105e-01 2.204205760000000069e-01 3.626213010000000070e-01
1.924978529999999965e-01 2.238719989999999882e-01 3.694256410000000268e-01
1.947651559999999948e-01 2.273244450000000139e-01 3.762659460000000178e-01
1.969962979999999864e-01 2.307783099999999865e-01 3.831431240000000016e-01
1.991904859999999999e-01 2.342340370000000060e-01 3.900570460000000184e-01
2.013468690000000116e-01 2.376920780000000011e-01 3.970075880000000224e-01
2.034643989999999902e-01 2.411528799999999861e-01 4.039949290000000026e-01
2.055419669999999921e-01 2.446169009999999977e-01 4.110192069999999975e-01
2.075784039999999941e-01 2.480846130000000094e-01 4.180805069999999901e-01
2.095724730000000091e-01 2.515565029999999869e-01 4.251788579999999929e-01
2.115228720000000007e-01 2.550330710000000001e-01 4.323142280000000226e-01
2.134282279999999976e-01 2.585148389999999963e-01 4.394865159999999937e-01
2.152870950000000116e-01 2.620023439999999981e-01 4.466955450000000272e-01
2.170979520000000107e-01 2.654961459999999884e-01 4.539410540000000105e-01
2.188592010000000032e-01 2.689968280000000211e-01 4.612226910000000180e-01
2.205685559999999990e-01 2.725049640000000162e-01 4.685412270000000046e-01
2.222246880000000036e-01 2.760212169999999854e-01 4.758951579999999848e-01
2.238257600000000125e-01 2.795462530000000223e-01 4.832837500000000119e-01
2.253689610000000065e-01 2.830807320000000016e-01 4.907078120000000210e-01
2.268527160000000098e-01 2.866254100000000249e-01 4.981653970000000098e-01
2.282742030000000089e-01 2.901810349999999761e-01 5.056565560000000348e-01
2.296312799999999932e-01 2.937484260000000069e-01 5.131796749999999463e-01
2.309205749999999890e-01 2.973284170000000115e-01 5.207349070000000246e-01
2.321398970000000117e-01 3.009219249999999790e-01 5.283198519999999787e-01
2.332860069999999897e-01 3.045298980000000211e-01 5.359334740000000208e-01
2.343550490000000097e-01 3.081533410000000250e-01 5.435751680000000530e-01
2.353439549999999936e-01 3.117933359999999765e-01 5.512424620000000441e-01
2.362489749999999999e-01 3.154510269999999950e-01 5.589333909999999461e-01
2.370660910000000066e-01 3.191276330000000216e-01 5.666457470000000329e-01
2.377910739999999912e-01 3.228244530000000112e-01 5.743769260000000099e-01
2.384186939999999866e-01 3.265428870000000039e-01 5.821249640000000225e-01
2.389447070000000062e-01 3.302844140000000261e-01 5.898856869999999919e-01
2.393642619999999943e-01 3.340506160000000224e-01 5.976549549999999877e-01
2.396703570000000005e-01 3.378432350000000195e-01 6.054303920000000394e-01
2.398585570000000000e-01 3.416640550000000220e-01 6.132053669999999457e-01
2.399218210000000073e-01 3.455150590000000133e-01 6.209753829999999919e-01
2.398532180000000069e-01 3.493983580000000200e-01 6.287345380000000095e-01
2.396461450000000049e-01 3.533161790000000080e-01 6.364753239999999535e-01
2.392931889999999895e-01 3.572709219999999908e-01 6.441897939999999823e-01
2.387860549999999971e-01 3.612651840000000170e-01 6.518694120000000369e-01
2.381171290000000107e-01 3.653016660000000249e-01 6.595034610000000130e-01
2.372786209999999951e-01 3.693832200000000121e-01 6.670798900000000087e-01
2.362621550000000015e-01 3.735128839999999895e-01 6.745855450000000086e-01
2.350595829999999886e-01 3.776938240000000113e-01 6.820054030000000100e-01
2.336643820000000038e-01 3.819291899999999740e-01 6.893216509999999797e-01
2.320697999999999928e-01 3.862222619999999829e-01 6.965151710000000440e-01
2.302721560000000056e-01 3.905761019999999806e-01 7.035635500000000375e-01
2.282695319999999972e-01 3.949936310000000117e-01 7.104424299999999581e-01
2.260639769999999993e-01 3.994773349999999890e-01 7.171248230000000223e-01
2.236620199999999892e-01 4.040291200000000194e-01 7.235817580000000193e-01
2.210769589999999896e-01 4.086499470000000134e-01 7.297824170000000166e-01
2.183296799999999982e-01 4.133396029999999999e-01 7.356953450000000005e-01
2.154498840000000082e-01 4.180964200000000242e-01 7.412897240000000387e-01
2.124776060000000133e-01 4.229169420000000179e-01 7.465368810000000410e-01
2.094630739999999991e-01 4.277958150000000237e-01 7.514123470000000360e-01
2.064654910000000010e-01 4.327258540000000209e-01 7.558978459999999844e-01
2.035512299999999997e-01 4.376982440000000141e-01 7.599828680000000336e-01
2.007906289999999982e-01 4.427029710000000007e-01 7.636656480000000302e-01
1.982542949999999971e-01 4.477293829999999808e-01 7.669532909999999815e-01
1.960091389999999989e-01 4.527668229999999849e-01 7.698609889999999956e-01
1.941149510000000078e-01 4.578052009999999949e-01 7.724105270000000134e-01
1.926219650000000061e-01 4.628354159999999995e-01 7.746284089999999622e-01
1.915693480000000004e-01 4.678496349999999859e-01 7.765439069999999777e-01
1.909852400000000006e-01 4.728412920000000241e-01 7.781875670000000245e-01
1.908856979999999925e-01 4.778053689999999798e-01 7.795892340000000198e-01
1.912774100000000088e-01 4.827379019999999965e-01 7.807778579999999913e-01
1.921575140000000015e-01 4.876361559999999873e-01 7.817801439999999547e-01
1.935160559999999919e-01 4.924982110000000191e-01 7.826208369999999581e-01
1.953369289999999925e-01 4.973229339999999943e-01 7.833222770000000112e-01
1.975993400000000122e-01 5.021098240000000379e-01 7.839043890000000347e-01
2.002791919999999948e-01 5.068588809999999834e-01 7.843847859999999450e-01
2.033504780000000012e-01 5.115703980000000373e-01 7.847793280000000538e-01
2.067859509999999956e-01 5.162449930000000409e-01 7.851018570000000141e-01
2.105581330000000084e-01 5.208834490000000539e-01 7.853647750000000149e-01
2.146397800000000022e-01 5.254867730000000181e-01 7.855786329999999706e-01
2.190045800000000042e-01 5.300560119999999653e-01 7.857530240000000221e-01
2.236273809999999862e-01 5.345922950000000506e-01 7.858963479999999668e-01
2.284844490000000061e-01 5.390968050000000122e-01 7.860159549999999884e-01
2.335536330000000105e-01 5.435707499999999914e-01 7.861182770000000319e-01
2.388143719999999970e-01 5.480153009999999547e-01 7.862093260000000416e-01
2.442477750000000003e-01 5.524316689999999586e-01 7.862941110000000178e-01
2.498366180000000103e-01 5.568210630000000050e-01 7.863769320000000285e-01
2.555650729999999760e-01 5.611846010000000051e-01 7.864621899999999499e-01
2.614189310000000210e-01 5.655234420000000428e-01 7.865532200000000529e-01
2.673853409999999986e-01 5.698387010000000030e-01 7.866531009999999657e-01
2.734525729999999766e-01 5.741314250000000285e-01 7.867649690000000362e-01
2.796101719999999902e-01 5.784026589999999857e-01 7.868913290000000282e-01
2.858488049999999836e-01 5.826534199999999775e-01 7.870343199999999539e-01
2.921600429999999804e-01 5.868846810000000191e-01 7.871960169999999701e-01
2.985363460000000080e-01 5.910973779999999511e-01 7.873782670000000206e-01
3.049709760000000047e-01 5.952924189999999616e-01 7.875827199999999584e-01
3.114579219999999982e-01 5.994706789999999508e-01 7.878108499999999514e-01
3.179917800000000017e-01 6.036329990000000034e-01 7.880640589999999834e-01
3.245676619999999790e-01 6.077801859999999445e-01 7.883437189999999983e-01
3.311814339999999968e-01 6.119130339999999668e-01 7.886506859999999897e-01
3.378293179999999896e-01 6.160322959999999792e-01 7.889859230000000334e-01
3.445077930000000066e-01 6.201386960000000448e-01 7.893505570000000082e-01
3.512138570000000182e-01 6.242329370000000432e-01 7.897453960000000439e-01
3.579450180000000037e-01 6.283156970000000063e-01 7.901709110000000313e-01
3.646985429999999861e-01 6.323876269999999522e-01 7.906283370000000144e-01
3.714727019999999880e-01 6.364493559999999661e-01 7.911177430000000399e-01
3.782652939999999742e-01 6.405014949999999763e-01 7.916402059999999574e-01
3.850749889999999787e-01 6.445446240000000104e-01 7.921958000000000055e-01
3.918999479999999980e-01 6.485793210000000419e-01 7.927855679999999960e-01
3.987392249999999749e-01 6.526061220000000107e-01 7.934094929999999657e-01
4.055914829999999749e-01 6.566255629999999677e-01 7.940682959999999513e-01
4.124557509999999816e-01 6.606381559999999764e-01 7.947623499999999508e-01
4.193312699999999782e-01 6.646443909999999455e-01 7.954918890000000076e-01
4.262171370000000237e-01 6.686447559999999513e-01 7.962574679999999683e-01
4.331126969999999909e-01 6.726397149999999714e-01 7.970594210000000457e-01
4.400174720000000206e-01 6.766297129999999660e-01 7.978979510000000497e-01
4.469309550000000186e-01 6.806151889999999538e-01 7.987733959999999689e-01
4.538526430000000000e-01 6.845965720000000143e-01 7.996861619999999782e-01
4.607821690000000192e-01 6.885742769999999568e-01 8.006365519999999458e-01
4.677193049999999741e-01 6.925486990000000453e-01 8.016247579999999928e-01
4.746637940000000278e-01 6.965202280000000190e-01 8.026510669999999958e-01
4.816154229999999870e-01 7.004892440000000109e-01 8.037157609999999730e-01
4.885740250000000229e-01 7.044561179999999645e-01 8.048191120000000032e-01
4.955394659999999840e-01 7.084212119999999668e-01 8.059613899999999997e-01
5.025116480000000330e-01 7.123848780000000547e-01 8.071428590000000458e-01
5.094904679999999741e-01 7.163474640000000448e-01 8.083638199999999552e-01
5.164759230000000034e-01 7.203093019999999846e-01 8.096244849999999493e-01
5.234679939999999920e-01 7.242707210000000062e-01 8.109251109999999763e-01
5.304666799999999682e-01 7.282320450000000500e-01 8.122659570000000384e-01
5.374719970000000346e-01 7.321935880000000063e-01 8.136472839999999707e-01
5.444839740000000372e-01 7.361556620000000439e-01 8.150693559999999671e-01
5.515026549999999528e-01 7.401185719999999746e-01 8.165324360000000281e-01
5.585280929999999477e-01 7.440826160000000300e-01 8.180367929999999843e-01
5.655603510000000167e-01 7.480480919999999978e-01 8.195826950000000277e-01
5.725994939999999866e-01 7.520152909999999746e-01 8.211704210000000392e-01
5.796455719999999978e-01 7.559845039999999461e-01 8.228002739999999982e-01
5.866986910000000499e-01 7.599560109999999868e-01 8.244725090000000201e-01
5.937589340000000160e-01 7.639300949999999757e-01 8.261874099999999554e-01
6.008263839999999911e-01 7.679070319999999894e-01 8.279452670000000403e-01
6.079011290000000400e-01 7.718871000000000482e-01 8.297463729999999815e-01
6.149832499999999813e-01 7.758705740000000350e-01 8.315910290000000371e-01
6.220728340000000189e-01 7.798577249999999461e-01 8.334795369999999926e-01
6.291699579999999736e-01 7.838488260000000540e-01 8.354122050000000188e-01
6.362746999999999709e-01 7.878441489999999936e-01 8.373893500000000323e-01
6.433870670000000347e-01 7.918439779999999484e-01 8.394113509999999723e-01
6.505071919999999563e-01 7.958485720000000319e-01 8.414784669999999522e-01
6.576351390000000352e-01 7.998582010000000464e-01 8.435910260000000216e-01
6.647709649999999915e-01 8.038731369999999599e-01 8.457493560000000077e-01
6.719147189999999936e-01 8.078936549999999883e-01 8.479537940000000384e-01
6.790663999999999589e-01 8.119200380000000106e-01 8.502047190000000532e-01
6.862260390000000099e-01 8.159525650000000185e-01 8.525024709999999839e-01
6.933937079999999975e-01 8.199915030000000105e-01 8.548473549999999754e-01
7.005694220000000527e-01 8.240371349999999762e-01 8.572397189999999556e-01
7.077531820000000362e-01 8.280897470000000427e-01 8.596799179999999874e-01
7.149448910000000268e-01 8.321496480000000195e-01 8.621683810000000392e-01
7.221446339999999520e-01 8.362171059999999878e-01 8.647053759999999700e-01
7.293523880000000181e-01 8.402924170000000137e-01 8.672912529999999842e-01
7.365680839999999563e-01 8.443758890000000461e-01 8.699263919999999928e-01
7.437916129999999626e-01 8.484678399999999732e-01 8.726111930000000072e-01
7.510230079999999919e-01 8.525685589999999481e-01 8.753459289999999671e-01
7.582622020000000518e-01 8.566783569999999459e-01 8.781309449999999961e-01
7.655089720000000097e-01 8.607975909999999731e-01 8.809666910000000239e-01
7.727633390000000491e-01 8.649265579999999565e-01 8.838534139999999484e-01
7.800252130000000506e-01 8.690655849999999738e-01 8.867914350000000168e-01
7.872943190000000202e-01 8.732150520000000471e-01 8.897811949999999692e-01
7.945706380000000513e-01 8.773752740000000383e-01 8.928229260000000167e-01
8.018540419999999891e-01 8.815465989999999863e-01 8.959169259999999468e-01
8.091441729999999666e-01 8.857294409999999507e-01 8.990636370000000266e-01
8.164410479999999470e-01 8.899241169999999590e-01 9.022632160000000345e-01
8.237443650000000339e-01 8.941310350000000184e-01 9.055160190000000053e-01
8.310538859999999639e-01 8.983505899999999489e-01 9.088223380000000073e-01
8.383695060000000421e-01 9.025831450000000311e-01 9.121823510000000024e-01
8.456907270000000310e-01 9.068291800000000125e-01 9.155964690000000239e-01
8.530175500000000133e-01 9.110890369999999905e-01 9.190647539999999838e-01
8.603494449999999905e-01 9.153632189999999502e-01 9.225875770000000475e-01
8.676862929999999974e-01 9.196521130000000488e-01 9.261650219999999489e-01
8.750276000000000165e-01 9.239562230000000209e-01 9.297973710000000391e-01
8.823731390000000285e-01 9.282759820000000550e-01 9.334847130000000215e-01
8.897223920000000286e-01 9.326119179999999842e-01 9.372272699999999457e-01
8.970750910000000466e-01 9.369644889999999560e-01 9.410250820000000127e-01
9.044305959999999756e-01 9.413342770000000526e-01 9.448783560000000303e-01
9.117886800000000180e-01 9.457217420000000319e-01 9.487870259999999778e-01
9.191484580000000015e-01 9.501275649999999517e-01 9.527513279999999529e-01
9.265096969999999654e-01 9.545522260000000037e-01 9.567710990000000137e-01
9.338715349999999749e-01 9.589964199999999606e-01 9.608464399999999683e-01
9.412333269999999530e-01 9.634607819999999601e-01 9.649772680000000546e-01
9.485944099999999990e-01 9.679459700000000444e-01 9.691634369999999610e-01
9.559535660000000323e-01 9.724528380000000416e-01 9.734049630000000120e-01
9.633100390000000068e-01 9.769821060000000168e-01 9.777015390000000084e-01
9.706626459999999623e-01 9.815346569999999771e-01 9.820529270000000199e-01
9.780097229999999975e-01 9.861115620000000526e-01 9.864589360000000084e-01
9.853497639999999613e-01 9.907138690000000247e-01 9.909191099999999919e-01
9.926807319999999546e-01 9.953428429999999771e-01 9.954329769999999966e-01
1.000000000000000000e+00 1.000000000000000000e+00 1.000000000000000000e+00
