0.000000000000000000e+00 0.000000000000000000e+00 0.000000000000000000e+00
3.452201729999999913e-04 1.919086299999999963e-04 2.222953309999999905e-04
1.253166250000000087e-03 6.451711900000000471e-04 7.665588770000000482e-04
2.703462279999999975e-03 1.297985480000000014e-03 1.579315970000000000e-03
4.702119319999999852e-03 2.118274749999999890e-03 2.635262209999999789e-03
7.261134179999999966e-03 3.083372940000000170e-03 3.917310789999999682e-03
1.039480800000000017e-02 4.175484479999999957e-03 5.412344020000000276e-03
1.411863749999999959e-02 5.379761989999999779e-03 7.109516280000000368e-03
1.844900340000000041e-02 6.683264310000000021e-03 8.999391810000000047e-03
2.340313509999999986e-02 8.074314560000000335e-03 1.107343910000000049e-02
2.899795130000000151e-02 9.542528839999999887e-03 1.332384160000000053e-02
3.525112670000000309e-02 1.107815000000000015e-02 1.574318010000000032e-02
4.213124859999999722e-02 1.267185369999999922e-02 1.832427559999999858e-02
4.909383159999999857e-02 1.431527439999999950e-02 2.106029790000000027e-02
5.602828779999999981e-02 1.599998609999999863e-02 2.394438939999999835e-02
6.294068969999999652e-02 1.771813590000000105e-02 2.696983500000000103e-02
6.983598219999999357e-02 1.946225479999999855e-02 3.012997900000000118e-02
7.671927900000000133e-02 2.122460779999999977e-02 3.341795499999999919e-02
8.359351830000000261e-02 2.299852889999999886e-02 3.682717690000000127e-02
9.046311460000000526e-02 2.477635140000000041e-02 4.035051399999999705e-02
9.732985489999999851e-02 2.655195119999999992e-02 4.383742570000000172e-02
1.041973830000000045e-01 2.831786509999999896e-02 4.724804929999999736e-02
1.110670770000000002e-01 3.006813919999999987e-02 5.058590360000000258e-02
1.179415230000000064e-01 3.179584900000000103e-02 5.385217369999999865e-02
1.248224039999999979e-01 3.349468290000000292e-02 5.704795499999999742e-02
1.317108909999999966e-01 3.515874110000000163e-02 6.017419999999999713e-02
1.386094549999999925e-01 3.678085329999999931e-02 6.323111319999999425e-02
1.455185689999999865e-01 3.835564980000000235e-02 6.621933119999999506e-02
1.524394030000000011e-01 3.987710280000000135e-02 6.913901159999999435e-02
1.593735470000000043e-01 4.131817890000000215e-02 7.198990880000000203e-02
1.663218509999999928e-01 4.266018249999999762e-02 7.477183980000000341e-02
1.732848989999999922e-01 4.391024550000000026e-02 7.748453630000000369e-02
1.802635290000000057e-01 4.506769289999999761e-02 8.012743210000000671e-02
1.872584890000000002e-01 4.613165959999999954e-02 8.269980389999999348e-02
1.942704460000000133e-01 4.710109540000000095e-02 8.520077530000000343e-02
2.012999819999999884e-01 4.797476779999999830e-02 8.762931969999999959e-02
2.083475999999999939e-01 4.875126429999999955e-02 8.998426210000000369e-02
2.154137190000000035e-01 4.942899409999999827e-02 9.226428070000000647e-02
2.224986750000000069e-01 5.000618889999999817e-02 9.446790630000000133e-02
2.296027160000000122e-01 5.048090429999999712e-02 9.659352309999999497e-02
2.367260019999999909e-01 5.085101999999999678e-02 9.863936689999999730e-02
2.438685939999999941e-01 5.111424109999999910e-02 1.006035249999999992e-01
2.510304529999999867e-01 5.126810009999999834e-02 1.024839329999999993e-01
2.582117420000000219e-01 5.130947479999999755e-02 1.042781629999999932e-01
2.654128330000000147e-01 5.123449170000000247e-02 1.059833699999999934e-01
2.726325860000000101e-01 5.104127809999999682e-02 1.075974970000000003e-01
2.798715609999999909e-01 5.072480859999999731e-02 1.091170060000000025e-01
2.871288040000000152e-01 5.028207090000000323e-02 1.105391470000000043e-01
2.944043639999999740e-01 4.970783510000000016e-02 1.118600680000000069e-01
3.016968349999999965e-01 4.899891919999999762e-02 1.130767159999999938e-01
3.090065069999999858e-01 4.814840599999999776e-02 1.141842210000000024e-01
3.163318829999999804e-01 4.715204130000000271e-02 1.151787590000000056e-01
3.236718120000000032e-01 4.600425939999999714e-02 1.160557410000000039e-01
3.310251080000000123e-01 4.469877860000000258e-02 1.168100509999999981e-01
3.383902770000000171e-01 4.322910110000000028e-02 1.174362330000000010e-01
3.457654600000000245e-01 4.158861590000000052e-02 1.179284919999999959e-01
3.531483830000000101e-01 3.976262369999999935e-02 1.182806960000000046e-01
3.605371829999999833e-01 3.777454489999999832e-02 1.184853109999999959e-01
3.679283210000000026e-01 3.566444459999999761e-02 1.185356899999999991e-01
3.753185760000000148e-01 3.344366979999999906e-02 1.184236790000000039e-01
3.827035240000000171e-01 3.112820349999999986e-02 1.181413219999999931e-01
3.900789660000000270e-01 2.873505950000000003e-02 1.176788079999999959e-01
3.974389179999999744e-01 2.628810150000000095e-02 1.170270439999999967e-01
4.047767899999999974e-01 2.381517480000000173e-02 1.161758900000000039e-01
4.120847140000000186e-01 2.135040410000000125e-02 1.151149509999999931e-01
4.193527229999999828e-01 1.893711270000000141e-02 1.138349969999999933e-01
4.265707420000000027e-01 1.662245669999999967e-02 1.123242200000000024e-01
4.337251289999999870e-01 1.446823960000000013e-02 1.105747759999999996e-01
4.408009949999999733e-01 1.254459689999999975e-02 1.085788230000000049e-01
4.477809919999999888e-01 1.093412189999999964e-02 1.063316859999999947e-01
4.546460569999999923e-01 9.729930810000000582e-03 1.038313339999999974e-01
4.613744069999999864e-01 9.038754370000000662e-03 1.010835749999999950e-01
4.679438670000000133e-01 8.973339570000000640e-03 9.809893699999999717e-02
4.743320369999999842e-01 9.650796589999999925e-03 9.489650030000000569e-02
4.805180849999999837e-01 1.118526570000000046e-02 9.150369149999999785e-02
4.864846019999999882e-01 1.367982539999999976e-02 8.795515080000000652e-02
4.922192630000000180e-01 1.721884400000000051e-02 8.429021409999999659e-02
4.977158569999999838e-01 2.186265509999999954e-02 8.054970290000000588e-02
5.029744609999999838e-01 2.764559080000000141e-02 7.677265619999999735e-02
5.080008160000000217e-01 3.457754799999999962e-02 7.299329129999999888e-02
5.128050429999999604e-01 4.257829939999999841e-02 6.923869809999999569e-02
5.174001209999999906e-01 5.084025140000000137e-02 6.552887870000000115e-02
5.218005169999999637e-01 5.911815559999999969e-02 6.187727009999999944e-02
5.260208509999999560e-01 6.736026770000000385e-02 5.828986480000000053e-02
5.300755080000000286e-01 7.553228219999999493e-02 5.477039890000000300e-02
5.339776130000000176e-01 8.361432720000000485e-02 5.131677999999999934e-02
5.377392479999999475e-01 9.159490939999999359e-02 4.792585569999999878e-02
5.413711639999999603e-01 9.946893380000000617e-02 4.459257330000000047e-02
5.448827729999999869e-01 1.072356730000000036e-01 4.131059039999999960e-02
5.482826640000000307e-01 1.148961960000000060e-01 3.807605230000000313e-02
5.515777189999999663e-01 1.224549689999999968e-01 3.501119579999999870e-02
5.547746959999999561e-01 1.299154720000000041e-01 3.212464749999999897e-02
5.578787619999999725e-01 1.372835589999999995e-01 2.940332749999999967e-02
5.608947749999999566e-01 1.445643729999999960e-01 2.683721379999999893e-02
5.638269249999999788e-01 1.517632190000000048e-01 2.441748759999999921e-02
5.666788149999999469e-01 1.588854030000000084e-01 2.213650160000000047e-02
5.694535370000000096e-01 1.659361259999999894e-01 1.998773020000000136e-02
5.721538809999999753e-01 1.729201790000000072e-01 1.796602850000000168e-02
5.747824849999999541e-01 1.798417939999999993e-01 1.606768949999999932e-02
5.773409179999999807e-01 1.867061590000000104e-01 1.428825490000000011e-02
5.798316030000000287e-01 1.935164319999999882e-01 1.262655560000000045e-02
5.822554939999999846e-01 2.002773899999999996e-01 1.107966219999999974e-02
5.846146169999999476e-01 2.069916850000000086e-01 9.647885289999999850e-03
5.869097450000000382e-01 2.136632739999999864e-01 8.330165389999999795e-03
5.891419169999999594e-01 2.202952649999999901e-01 7.126908490000000151e-03
5.913120920000000114e-01 2.268904840000000034e-01 6.039204030000000153e-03
5.934212789999999682e-01 2.334513510000000014e-01 5.068950550000000423e-03
5.954699030000000226e-01 2.399806989999999918e-01 4.217831739999999656e-03
5.974585100000000537e-01 2.464808980000000038e-01 3.488407880000000180e-03
5.993875669999999545e-01 2.529541530000000149e-01 2.883739360000000043e-03
6.012574450000000015e-01 2.594025309999999918e-01 2.407342289999999958e-03
6.030684349999999583e-01 2.658279749999999941e-01 2.063181030000000183e-03
6.048207629999999835e-01 2.722322959999999847e-01 1.855675119999999944e-03
6.065147910000000531e-01 2.786169849999999837e-01 1.789908430000000010e-03
6.081504250000000500e-01 2.849838430000000145e-01 1.870932419999999903e-03
6.097276959999999857e-01 2.913343749999999788e-01 2.104452389999999888e-03
6.112465870000000079e-01 2.976699919999999944e-01 2.496610189999999910e-03
6.127071010000000317e-01 3.039919569999999793e-01 3.054040589999999864e-03
6.141094339999999541e-01 3.103012419999999771e-01 3.784011629999999970e-03
6.154531199999999647e-01 3.165993189999999902e-01 4.693648190000000026e-03
6.167380009999999801e-01 3.228872629999999799e-01 5.790849600000000028e-03
6.179643150000000418e-01 3.291657199999999950e-01 7.084283710000000012e-03
6.191314669999999909e-01 3.354359670000000015e-01 8.582416719999999555e-03
6.202392970000000227e-01 3.416988229999999849e-01 1.029454439999999936e-02
6.212878240000000440e-01 3.479548929999999873e-01 1.223053380000000030e-02
6.222764069999999759e-01 3.542052430000000030e-01 1.440029789999999928e-02
6.232051579999999813e-01 3.604502769999999856e-01 1.681469780000000025e-02
6.240734839999999561e-01 3.666908870000000209e-01 1.948466310000000062e-02
6.248812700000000442e-01 3.729275429999999725e-01 2.242187699999999978e-02
6.256281259999999511e-01 3.791608719999999821e-01 2.563837009999999847e-02
6.263137619999999961e-01 3.853913749999999805e-01 2.914672150000000017e-02
6.269378690000000365e-01 3.916195250000000239e-01 3.295999940000000211e-02
6.275000979999999506e-01 3.978457799999999822e-01 3.709176740000000305e-02
6.280001419999999834e-01 4.040705279999999844e-01 4.152896179999999993e-02
6.284376619999999525e-01 4.102941469999999979e-01 4.603751440000000000e-02
6.288123159999999823e-01 4.165169779999999822e-01 5.059055140000000284e-02
6.291238019999999542e-01 4.227393079999999803e-01 5.518861659999999697e-02
6.293717370000000422e-01 4.289614440000000251e-01 5.983232780000000139e-02
6.295558519999999714e-01 4.351835960000000059e-01 6.452235940000000669e-02
6.296757459999999806e-01 4.414060289999999775e-01 6.925942050000000183e-02
6.297311479999999628e-01 4.476289050000000214e-01 7.404423720000000153e-02
6.297216839999999483e-01 4.538524239999999765e-01 7.887755379999999983e-02
6.296470269999999703e-01 4.600767410000000113e-01 8.376011819999999719e-02
6.295068639999999993e-01 4.663019769999999786e-01 8.869267790000000262e-02
6.293008049999999631e-01 4.725282829999999934e-01 9.367599560000000602e-02
6.290285709999999808e-01 4.787557270000000198e-01 9.871081499999999342e-02
6.286897500000000472e-01 4.849844329999999926e-01 1.037979110000000066e-01
6.282840379999999891e-01 4.912144509999999964e-01 1.089380390000000004e-01
6.278110390000000152e-01 4.974458640000000154e-01 1.141319890000000031e-01
6.272703859999999576e-01 5.036787209999999959e-01 1.193805539999999998e-01
6.266617110000000102e-01 5.099130579999999746e-01 1.246845490000000056e-01
6.259845710000000452e-01 5.161489320000000047e-01 1.300448349999999975e-01
6.252386089999999452e-01 5.223863439999999470e-01 1.354622779999999915e-01
6.244233430000000196e-01 5.286253370000000285e-01 1.409378219999999904e-01
6.235383450000000494e-01 5.348659140000000534e-01 1.464724410000000088e-01
6.225832000000000033e-01 5.411080550000000322e-01 1.520671560000000089e-01
6.215572609999999720e-01 5.473518280000000402e-01 1.577231380000000127e-01
6.204603720000000378e-01 5.535970679999999700e-01 1.634414439999999913e-01
6.192914320000000306e-01 5.598440040000000062e-01 1.692235860000000092e-01
6.180505609999999983e-01 5.660923190000000105e-01 1.750706810000000058e-01
6.167367049999999962e-01 5.723421789999999509e-01 1.809844310000000012e-01
6.153494919999999979e-01 5.785934409999999861e-01 1.869663799999999876e-01
6.138886510000000074e-01 5.848459080000000254e-01 1.930181539999999973e-01
6.123529500000000070e-01 5.910997460000000370e-01 1.991419570000000083e-01
6.107422919999999644e-01 5.973546440000000457e-01 2.053396600000000072e-01
6.090562859999999468e-01 6.036103959999999935e-01 2.116134420000000127e-01
6.072942489999999527e-01 6.098668820000000546e-01 2.179658270000000009e-01
6.054553129999999950e-01 6.161240270000000185e-01 2.243996689999999961e-01
6.035396240000000523e-01 6.223813569999999684e-01 2.309175900000000059e-01
6.015468619999999600e-01 6.286385549999999878e-01 2.375227189999999933e-01
5.994768259999999627e-01 6.348952410000000546e-01 2.442184450000000062e-01
5.973294740000000269e-01 6.411509570000000213e-01 2.510084340000000025e-01
5.951049659999999575e-01 6.474051600000000350e-01 2.578966469999999789e-01
5.928037229999999491e-01 6.536572040000000472e-01 2.648873540000000193e-01
5.904264890000000543e-01 6.599063219999999896e-01 2.719851540000000067e-01
5.879744120000000018e-01 6.661516100000000051e-01 2.791949839999999794e-01
5.854491389999999518e-01 6.723919999999999897e-01 2.865221390000000090e-01
5.828529239999999945e-01 6.786262419999999906e-01 2.939722790000000030e-01
5.801887610000000528e-01 6.848528720000000014e-01 3.015514409999999756e-01
5.774598210000000398e-01 6.910703839999999820e-01 3.092664720000000145e-01
5.746706630000000260e-01 6.972768889999999553e-01 3.171244449999999770e-01
5.718282489999999552e-01 7.034698640000000003e-01 3.251321189999999972e-01
5.689382299999999892e-01 7.096471930000000095e-01 3.332984119999999884e-01
5.660113799999999529e-01 7.158054400000000150e-01 3.416304969999999774e-01
5.630567450000000251e-01 7.219417110000000415e-01 3.501384000000000163e-01
5.600894140000000077e-01 7.280516489999999674e-01 3.588300609999999780e-01
5.571252650000000362e-01 7.341308460000000036e-01 3.677150290000000266e-01
5.541832679999999511e-01 7.401742780000000188e-01 3.768031789999999881e-01
5.512871259999999607e-01 7.461759740000000196e-01 3.861036789999999774e-01
5.484650359999999614e-01 7.521291399999999738e-01 3.956252639999999765e-01
5.457495700000000172e-01 7.580262509999999843e-01 4.053764750000000139e-01
5.431792170000000475e-01 7.638587679999999658e-01 4.153643759999999796e-01
5.407990470000000327e-01 7.696170940000000016e-01 4.255936319999999995e-01
5.386598110000000439e-01 7.752908400000000366e-01 4.360667309999999852e-01
5.368175360000000396e-01 7.808689629999999715e-01 4.467835479999999748e-01
5.353353429999999635e-01 7.863395300000000088e-01 4.577375340000000015e-01
5.342787610000000464e-01 7.916906660000000429e-01 4.689183379999999901e-01
5.337155110000000313e-01 7.969106719999999866e-01 4.803086360000000110e-01
5.337117089999999786e-01 8.019887669999999913e-01 4.918842379999999737e-01
5.343276420000000471e-01 8.069158410000000226e-01 5.036147450000000303e-01
5.356139500000000053e-01 8.116850979999999938e-01 5.154637220000000131e-01
5.376076349999999726e-01 8.162926649999999729e-01 5.273903290000000466e-01
5.403290699999999669e-01 8.207379460000000515e-01 5.393519509999999961e-01
5.437809489999999579e-01 8.250236530000000235e-01 5.513058699999999757e-01
5.479486380000000434e-01 8.291555999999999926e-01 5.632113250000000404e-01
5.528022400000000003e-01 8.331420569999999914e-01 5.750333680000000447e-01
5.582999570000000134e-01 8.369932110000000147e-01 5.867416189999999920e-01
5.643912829999999659e-01 8.407206080000000359e-01 5.983105389999999746e-01
5.710214430000000174e-01 8.443360519999999481e-01 6.097231419999999957e-01
5.781338929999999543e-01 8.478514940000000388e-01 6.209666640000000015e-01
5.856718890000000011e-01 8.512789219999999935e-01 6.320310310000000209e-01
5.935832170000000518e-01 8.546288950000000550e-01 6.429146129999999681e-01
6.018174750000000461e-01 8.579119549999999483e-01 6.536148299999999800e-01
6.103301119999999802e-01 8.611371949999999664e-01 6.641343790000000524e-01
6.190787399999999607e-01 8.643137199999999520e-01 6.744741370000000291e-01
6.280274289999999704e-01 8.674490729999999594e-01 6.846393880000000154e-01
6.371442029999999646e-01 8.705501359999999744e-01 6.946356740000000363e-01
6.463994610000000085e-01 8.736236459999999759e-01 7.044672549999999589e-01
6.557688130000000060e-01 8.766751130000000058e-01 7.141407149999999815e-01
6.652319370000000509e-01 8.797091700000000403e-01 7.236635030000000413e-01
6.747675530000000199e-01 8.827313049999999661e-01 7.330391680000000187e-01
6.843619509999999684e-01 8.857447419999999738e-01 7.422762529999999970e-01
6.939975170000000082e-01 8.887545030000000290e-01 7.513773259999999565e-01
7.036649590000000343e-01 8.917629580000000500e-01 7.603507120000000397e-01
7.133530540000000419e-01 8.947734630000000466e-01 7.692011509999999719e-01
7.230522200000000232e-01 8.977890429999999533e-01 7.779333800000000076e-01
7.327543229999999852e-01 9.008124170000000319e-01 7.865520809999999585e-01
7.424524949999999901e-01 9.038460339999999649e-01 7.950618430000000458e-01
7.521409780000000156e-01 9.068920980000000354e-01 8.034671289999999466e-01
7.618149709999999519e-01 9.099525969999999742e-01 8.117722499999999730e-01
7.714704959999999501e-01 9.130293299999999723e-01 8.199813419999999464e-01
7.811042849999999538e-01 9.161239310000000025e-01 8.280983480000000396e-01
7.907116299999999987e-01 9.192386769999999485e-01 8.361256449999999729e-01
8.002897920000000553e-01 9.223751759999999633e-01 8.440664700000000131e-01
8.098390770000000183e-01 9.255339169999999838e-01 8.519255350000000115e-01
8.193529280000000359e-01 9.287181190000000086e-01 8.597026869999999654e-01
8.288344010000000539e-01 9.319272950000000444e-01 8.674035049999999636e-01
8.382774139999999985e-01 9.351645939999999602e-01 8.750274879999999644e-01
8.476850830000000059e-01 9.384295660000000483e-01 8.825794089999999814e-01
8.570517159999999635e-01 9.417253030000000136e-01 8.900584519999999999e-01
8.663791549999999564e-01 9.450519210000000170e-01 8.974679250000000552e-01
8.756666020000000161e-01 9.484106140000000407e-01 9.048092300000000199e-01
8.849100460000000057e-01 9.518039280000000213e-01 9.120817300000000349e-01
8.941102560000000476e-01 9.552324960000000420e-01 9.192870939999999713e-01
9.032663770000000092e-01 9.586976430000000438e-01 9.264257299999999473e-01
9.123767229999999451e-01 9.622010810000000136e-01 9.334972400000000059e-01
9.214393570000000144e-01 9.657446710000000545e-01 9.405007170000000416e-01
9.304513140000000293e-01 9.693307629999999842e-01 9.474343490000000090e-01
9.394099799999999778e-01 9.729616250000000521e-01 9.542960600000000015e-01
9.483120720000000059e-01 9.766398729999999917e-01 9.610830120000000143e-01
9.571522270000000221e-01 9.803690680000000102e-01 9.677911049999999848e-01
9.659228709999999607e-01 9.841537569999999624e-01 9.744153159999999758e-01
9.746130240000000500e-01 9.879999179999999770e-01 9.809501099999999862e-01
9.832065309999999947e-01 9.919155410000000117e-01 9.873907709999999449e-01
9.916797729999999866e-01 9.959112079999999922e-01 9.937368789999999619e-01
1.000000000000000000e+00 1.000000000000000000e+00 1.000000000000000000e+00
