2.58698759e-02 1.33960607e-01 2.20080689e-01
2.93268023e-02 1.36079271e-01 2.25709974e-01
3.29528036e-02 1.38171400e-01 2.31378852e-01
3.67554789e-02 1.40236200e-01 2.37088937e-01
4.07368192e-02 1.42273247e-01 2.42839746e-01
4.47123398e-02 1.44281933e-01 2.48631602e-01
4.86535816e-02 1.46261497e-01 2.54465417e-01
5.25696441e-02 1.48211503e-01 2.60340384e-01
5.64686152e-02 1.50131206e-01 2.66257042e-01
6.03575172e-02 1.52019827e-01 2.72215910e-01
6.42421439e-02 1.53876838e-01 2.78216255e-01
6.81277876e-02 1.55701512e-01 2.84258103e-01
7.20192737e-02 1.57493002e-01 2.90341838e-01
7.59207797e-02 1.59250552e-01 2.96467303e-01
7.98359336e-02 1.60973482e-01 3.02633931e-01
8.37681308e-02 1.62660988e-01 3.08841517e-01
8.77204516e-02 1.64312249e-01 3.15089794e-01
9.16957015e-02 1.65926424e-01 3.21378430e-01
9.56964441e-02 1.67502658e-01 3.27707024e-01
9.97250288e-02 1.69040075e-01 3.34075104e-01
1.03783612e-01 1.70537789e-01 3.40482122e-01
1.07874178e-01 1.71994894e-01 3.46927454e-01
1.11998550e-01 1.73410475e-01 3.53410396e-01
1.16158409e-01 1.74783601e-01 3.59930157e-01
1.20355298e-01 1.76113336e-01 3.66485861e-01
1.24590635e-01 1.77398730e-01 3.73076540e-01
1.28865721e-01 1.78638829e-01 3.79701132e-01
1.33181741e-01 1.79832675e-01 3.86358477e-01
1.37539773e-01 1.80979305e-01 3.93047314e-01
1.41941118e-01 1.82077506e-01 3.99766939e-01
1.46386500e-01 1.83126431e-01 4.06515544e-01
1.50876584e-01 1.84125209e-01 4.13291313e-01
1.55412223e-01 1.85072758e-01 4.20092879e-01
1.59994345e-01 1.85967867e-01 4.26919049e-01
1.64622993e-01 1.86809963e-01 4.33767016e-01
1.69299112e-01 1.87597706e-01 4.40635707e-01
1.74022798e-01 1.88330375e-01 4.47522518e-01
1.78794464e-01 1.89006948e-01 4.54425460e-01
1.83614302e-01 1.89626534e-01 4.61342180e-01
1.88482503e-01 1.90188201e-01 4.68270340e-01
1.93398858e-01 1.90691313e-01 4.75206958e-01
1.98363833e-01 1.91134629e-01 4.82150180e-01
2.03376725e-01 1.91517870e-01 4.89096251e-01
2.08437536e-01 1.91840132e-01 4.96042590e-01
2.13546185e-01 1.92100558e-01 5.02986467e-01
2.18701900e-01 1.92298875e-01 5.09924103e-01
2.23904223e-01 1.92434534e-01 5.16852226e-01
2.29152595e-01 1.92507071e-01 5.23767424e-01
2.34446540e-01 1.92515942e-01 5.30666406e-01
2.39785103e-01 1.92461050e-01 5.37545206e-01
2.45167365e-01 1.92342286e-01 5.44399941e-01
2.50592367e-01 1.92159602e-01 5.51226695e-01
2.56059050e-01 1.91913077e-01 5.58021444e-01
2.61566261e-01 1.91602921e-01 5.64780066e-01
2.67112751e-01 1.91229481e-01 5.71498353e-01
2.72697185e-01 1.90793252e-01 5.78172022e-01
2.78318152e-01 1.90294868e-01 5.84796746e-01
2.83974355e-01 1.89734919e-01 5.91368378e-01
2.89664022e-01 1.89114566e-01 5.97882261e-01
2.95385496e-01 1.88434954e-01 6.04333953e-01
3.01137054e-01 1.87697400e-01 6.10719012e-01
3.06917056e-01 1.86903247e-01 6.17033162e-01
3.12723765e-01 1.86054056e-01 6.23272103e-01
3.18555077e-01 1.85151934e-01 6.29431250e-01
3.24409203e-01 1.84198779e-01 6.35506461e-01
3.30284356e-01 1.83196631e-01 6.41493690e-01
3.36178277e-01 1.82148236e-01 6.47388569e-01
3.42089333e-01 1.81055776e-01 6.53187445e-01
3.48015261e-01 1.79922347e-01 6.58886228e-01
3.53954257e-01 1.78750683e-01 6.64481387e-01
3.59904234e-01 1.77544041e-01 6.69969297e-01
3.65863329e-01 1.76305596e-01 6.75346682e-01
3.71829490e-01 1.75038948e-01 6.80610285e-01
3.77800968e-01 1.73747516e-01 6.85757248e-01
3.83775685e-01 1.72435335e-01 6.90784657e-01
3.89752072e-01 1.71105976e-01 6.95690131e-01
3.95728133e-01 1.69763767e-01 7.00471189e-01
4.01702232e-01 1.68412756e-01 7.05125774e-01
4.07672750e-01 1.67057151e-01 7.09652023e-01
4.13637988e-01 1.65701456e-01 7.14048221e-01
4.19596503e-01 1.64350003e-01 7.18312980e-01
4.25546820e-01 1.63007331e-01 7.22445083e-01
4.31487503e-01 1.61678088e-01 7.26443523e-01
4.37417283e-01 1.60366833e-01 7.30307548e-01
4.43334936e-01 1.59078188e-01 7.34036603e-01
4.49239252e-01 1.57816885e-01 7.37630317e-01
4.55129151e-01 1.56587566e-01 7.41088536e-01
4.61003667e-01 1.55394793e-01 7.44411299e-01
4.66861812e-01 1.54243236e-01 7.47598801e-01
4.72702716e-01 1.53137434e-01 7.50651419e-01
4.78525585e-01 1.52081845e-01 7.53569688e-01
4.84329701e-01 1.51080826e-01 7.56354290e-01
4.90114364e-01 1.50138690e-01 7.59006040e-01
4.95878966e-01 1.49259580e-01 7.61525884e-01
5.01622956e-01 1.48447495e-01 7.63914882e-01
5.07345836e-01 1.47706276e-01 7.66174198e-01
5.13047142e-01 1.47039609e-01 7.68305093e-01
5.18726468e-01 1.46450969e-01 7.70308914e-01
5.24383452e-01 1.45943626e-01 7.72187080e-01
5.30017770e-01 1.45520627e-01 7.73941078e-01
5.35629126e-01 1.45184793e-01 7.75572455e-01
5.41217262e-01 1.44938692e-01 7.77082804e-01
5.46781946e-01 1.44784642e-01 7.78473762e-01
5.52322970e-01 1.44724698e-01 7.79746998e-01
5.57840146e-01 1.44760648e-01 7.80904213e-01
5.63333307e-01 1.44894010e-01 7.81947124e-01
5.68802297e-01 1.45126033e-01 7.82877469e-01
5.74246970e-01 1.45457700e-01 7.83696996e-01
5.79667192e-01 1.45889724e-01 7.84407457e-01
5.85062834e-01 1.46422564e-01 7.85010608e-01
5.90433768e-01 1.47056427e-01 7.85508203e-01
5.95779867e-01 1.47791284e-01 7.85901995e-01
6.01101002e-01 1.48626876e-01 7.86193725e-01
6.06397041e-01 1.49562734e-01 7.86385128e-01
6.11667842e-01 1.50598188e-01 7.86477929e-01
6.16913258e-01 1.51732389e-01 7.86473838e-01
6.22133131e-01 1.52964322e-01 7.86374554e-01
6.27327289e-01 1.54292825e-01 7.86181761e-01
6.32495545e-01 1.55716608e-01 7.85897132e-01
6.37637703e-01 1.57234265e-01 7.85522319e-01
6.42753544e-01 1.58844299e-01 7.85058968e-01
6.47842831e-01 1.60545138e-01 7.84508710e-01
6.52905308e-01 1.62335143e-01 7.83873166e-01
6.57940703e-01 1.64212630e-01 7.83153939e-01
6.62948718e-01 1.66175885e-01 7.82352626e-01
6.67929031e-01 1.68223177e-01 7.81470827e-01
6.72881299e-01 1.70352769e-01 7.80510126e-01
6.77805156e-01 1.72562924e-01 7.79472104e-01
6.82700214e-01 1.74851921e-01 7.78358337e-01
6.87566049e-01 1.77218069e-01 7.77170417e-01
6.92402220e-01 1.79659703e-01 7.75909936e-01
6.97208256e-01 1.82175195e-01 7.74578487e-01
7.01983671e-01 1.84762956e-01 7.73177660e-01
7.06727936e-01 1.87421450e-01 7.71709090e-01
7.11440504e-01 1.90149189e-01 7.70174413e-01
7.16120800e-01 1.92944734e-01 7.68575285e-01
7.20768229e-01 1.95806699e-01 7.66913379e-01
7.25382169e-01 1.98733750e-01 7.65190394e-01
7.29961965e-01 2.01724611e-01 7.63408078e-01
7.34506946e-01 2.04778055e-01 7.61568201e-01
7.39016416e-01 2.07892905e-01 7.59672568e-01
7.43489661e-01 2.11068032e-01 7.57723018e-01
7.47925943e-01 2.14302355e-01 7.55721445e-01
7.52324503e-01 2.17594834e-01 7.53669792e-01
7.56684569e-01 2.20944468e-01 7.51570046e-01
7.61005353e-01 2.24350294e-01 7.49424245e-01
7.65286055e-01 2.27811378e-01 7.47234485e-01
7.69525861e-01 2.31326817e-01 7.45002921e-01
7.73723952e-01 2.34895728e-01 7.42731767e-01
7.77879504e-01 2.38517249e-01 7.40423295e-01
7.81991691e-01 2.42190533e-01 7.38079839e-01
7.86059686e-01 2.45914742e-01 7.35703808e-01
7.90082667e-01 2.49689041e-01 7.33297670e-01
7.94059826e-01 2.53512603e-01 7.30863939e-01
7.97990362e-01 2.57384594e-01 7.28405198e-01
8.01873494e-01 2.61304175e-01 7.25924089e-01
8.05708453e-01 2.65270488e-01 7.23423358e-01
8.09494504e-01 2.69282669e-01 7.20905748e-01
8.13230942e-01 2.73339841e-01 7.18374045e-01
8.16917091e-01 2.77441102e-01 7.15831095e-01
8.20552309e-01 2.81585517e-01 7.13279839e-01
8.24136000e-01 2.85772127e-01 7.10723235e-01
8.27667621e-01 2.89999973e-01 7.08164165e-01
8.31146670e-01 2.94268053e-01 7.05605590e-01
8.34572697e-01 2.98575296e-01 7.03050649e-01
8.37945317e-01 3.02920662e-01 7.00502240e-01
8.41264203e-01 3.07303079e-01 6.97963276e-01
8.44529089e-01 3.11721384e-01 6.95436896e-01
8.47739777e-01 3.16174442e-01 6.92925996e-01
8.50896131e-01 3.20661134e-01 6.90433328e-01
8.53998098e-01 3.25180155e-01 6.87962118e-01
8.57045676e-01 3.29730394e-01 6.85514852e-01
8.60038947e-01 3.34310571e-01 6.83094439e-01
8.62978064e-01 3.38919432e-01 6.80703579e-01
8.65863233e-01 3.43555764e-01 6.78344747e-01
8.68694762e-01 3.48218232e-01 6.76020653e-01
8.71472986e-01 3.52905639e-01 6.73733515e-01
8.74198335e-01 3.57616679e-01 6.71485749e-01
8.76871304e-01 3.62350066e-01 6.69279612e-01
8.79492387e-01 3.67104678e-01 6.67116848e-01
8.82062281e-01 3.71879023e-01 6.65000056e-01
8.84581559e-01 3.76672088e-01 6.62930531e-01
8.87050919e-01 3.81482673e-01 6.60909983e-01
8.89471185e-01 3.86309434e-01 6.58940377e-01
8.91843121e-01 3.91151283e-01 6.57022994e-01
8.94167530e-01 3.96007151e-01 6.55159021e-01
8.96445283e-01 4.00875927e-01 6.53349688e-01
8.98677282e-01 4.05756535e-01 6.51596091e-01
9.00864454e-01 4.10647935e-01 6.49899200e-01
9.03007750e-01 4.15549127e-01 6.48259855e-01
9.05108138e-01 4.20459151e-01 6.46678770e-01
9.07166595e-01 4.25377090e-01 6.45156535e-01
9.09184111e-01 4.30302074e-01 6.43693620e-01
9.11161675e-01 4.35233279e-01 6.42290378e-01
9.13100280e-01 4.40169926e-01 6.40947048e-01
9.15000910e-01 4.45111286e-01 6.39663761e-01
9.16864542e-01 4.50056679e-01 6.38440544e-01
9.18692144e-01 4.55005473e-01 6.37277326e-01
9.20484920e-01 4.59956745e-01 6.36174558e-01
9.22243673e-01 4.64910152e-01 6.35131616e-01
9.23969263e-01 4.69865277e-01 6.34148029e-01
9.25662921e-01 4.74821260e-01 6.33224110e-01
9.27325415e-01 4.79777847e-01 6.32359097e-01
9.28957610e-01 4.84734671e-01 6.31552446e-01
9.30560688e-01 4.89691003e-01 6.30804226e-01
9.32135180e-01 4.94646899e-01 6.30113194e-01
9.33682338e-01 4.99601585e-01 6.29479500e-01
9.35202729e-01 5.04555080e-01 6.28901992e-01
9.36697247e-01 5.09507038e-01 6.28380139e-01
9.38166953e-01 5.14456945e-01 6.27913676e-01
9.39612259e-01 5.19404991e-01 6.27501242e-01
9.41034113e-01 5.24350787e-01 6.27142404e-01
9.42433520e-01 5.29293905e-01 6.26836791e-01
9.43810868e-01 5.34234553e-01 6.26583079e-01
9.45166898e-01 5.39172568e-01 6.26380530e-01
9.46502327e-01 5.44107813e-01 6.26228381e-01
9.47817919e-01 5.49040110e-01 6.26125947e-01
9.49114414e-01 5.53969305e-01 6.26072516e-01
9.50392250e-01 5.58895531e-01 6.26066981e-01
9.51652034e-01 5.63818753e-01 6.26108503e-01
9.52894345e-01 5.68738958e-01 6.26196227e-01
9.54119733e-01 5.73656156e-01 6.26329286e-01
9.55328720e-01 5.78570378e-01 6.26506803e-01
9.56521796e-01 5.83481678e-01 6.26727892e-01
9.57699424e-01 5.88390128e-01 6.26991661e-01
9.58862184e-01 5.93295694e-01 6.27297383e-01
9.60010548e-01 5.98198432e-01 6.27644225e-01
9.61144737e-01 6.03098601e-01 6.28031114e-01
9.62265087e-01 6.07996354e-01 6.28457144e-01
9.63371898e-01 6.12891859e-01 6.28921413e-01
9.64465536e-01 6.17785228e-01 6.29423119e-01
9.65546794e-01 6.22676223e-01 6.29961918e-01
9.66615301e-01 6.27565529e-01 6.30536332e-01
9.67671220e-01 6.32453389e-01 6.31145481e-01
9.68715403e-01 6.37339498e-01 6.31789175e-01
9.69747567e-01 6.42224431e-01 6.32466180e-01
9.70767498e-01 6.47108683e-01 6.33175400e-01
9.71776414e-01 6.51991659e-01 6.33917080e-01
9.72773209e-01 6.56874503e-01 6.34689416e-01
9.73758611e-01 6.61756970e-01 6.35492307e-01
9.74732345e-01 6.66639548e-01 6.36324815e-01
9.75694389e-01 6.71522523e-01 6.37186289e-01
9.76644811e-01 6.76406103e-01 6.38076209e-01
9.77583334e-01 6.81290728e-01 6.38993838e-01
9.78509851e-01 6.86176700e-01 6.39938648e-01
9.79424353e-01 6.91064238e-01 6.40910253e-01
9.80326020e-01 6.95954105e-01 6.41907714e-01
9.81215660e-01 7.00845929e-01 6.42931420e-01
9.82091773e-01 7.05740895e-01 6.43980082e-01
9.82954759e-01 7.10638881e-01 6.45053930e-01
9.83804151e-01 7.15540333e-01 6.46152624e-01
9.84638966e-01 7.20446014e-01 6.47275552e-01
9.85459433e-01 7.25355871e-01 6.48423058e-01
9.86264924e-01 7.30270398e-01 6.49594956e-01
9.87054439e-01 7.35190302e-01 6.50790911e-01
9.87827454e-01 7.40115959e-01 6.52011016e-01
