0.000000000000000000e+00 0.000000000000000000e+00 0.000000000000000000e+00
1.628671159999999949e-04 2.469061179999999865e-04 3.847642769999999818e-04
5.199939080000000107e-04 8.636091119999999774e-04 1.449242949999999999e-03
9.919782569999999709e-04 1.801864590000000054e-03 3.239391299999999987e-03
1.532348179999999931e-03 3.040490969999999887e-03 5.831266709999999645e-03
2.106182390000000022e-03 4.565265819999999967e-03 9.312883200000000167e-03
2.685013520000000074e-03 6.364719399999999722e-03 1.378225670000000035e-02
3.244789640000000138e-03 8.428413670000000843e-03 1.934743250000000095e-02
3.764935860000000103e-03 1.074600960000000015e-02 2.612708050000000018e-02
4.227935379999999722e-03 1.330665320000000082e-02 3.425131349999999825e-02
4.618162989999999822e-03 1.609849829999999982e-02 4.373046149999999799e-02
4.924068470000000051e-03 1.910823229999999984e-02 5.359482599999999819e-02
5.137548169999999782e-03 2.232078319999999949e-02 6.366988099999999762e-02
5.252005809999999927e-03 2.571874949999999882e-02 7.397962880000000241e-02
5.265998929999999786e-03 2.928207949999999879e-02 8.454208230000000157e-02
5.182525569999999783e-03 3.298759450000000176e-02 9.537478150000000543e-02
5.009627669999999929e-03 3.680844479999999946e-02 1.064953470000000041e-01
4.759641260000000047e-03 4.070802209999999782e-02 1.179272130000000030e-01
4.455381869999999571e-03 4.447507049999999823e-02 1.296823330000000107e-01
4.125946680000000012e-03 4.805745919999999949e-02 1.417799690000000057e-01
3.810779519999999906e-03 5.143740170000000306e-02 1.542382290000000045e-01
3.561686249999999974e-03 5.459350470000000344e-02 1.670733239999999953e-01
3.445099369999999901e-03 5.750043500000000252e-02 1.802985530000000003e-01
3.543404730000000117e-03 6.012715849999999973e-02 1.939297449999999867e-01
3.959801270000000428e-03 6.243745240000000279e-02 2.079764630000000003e-01
4.820983089999999679e-03 6.438880049999999577e-02 2.224427750000000092e-01
6.280573050000000032e-03 6.593182229999999810e-02 2.373243280000000011e-01
8.522379860000000099e-03 6.700818040000000586e-02 2.526098039999999934e-01
1.176322649999999963e-02 6.755244950000000026e-02 2.682687719999999887e-01
1.625369689999999964e-02 6.749000980000000038e-02 2.842537259999999844e-01
2.227325850000000038e-02 6.674264489999999495e-02 3.004832530000000057e-01
3.012367620000000121e-02 6.522668239999999951e-02 3.168480799999999764e-01
4.010574299999999925e-02 6.286701690000000287e-02 3.331894269999999825e-01
5.139298199999999678e-02 5.960865249999999782e-02 3.492995070000000091e-01
6.312639670000000369e-02 5.542417310000000152e-02 3.649377810000000166e-01
7.514776759999999833e-02 5.033440100000000084e-02 3.798390629999999768e-01
8.728446239999999856e-02 4.441056990000000204e-02 3.937511450000000246e-01
9.937027010000000493e-02 3.777969350000000281e-02 4.064675959999999866e-01
1.112652969999999991e-01 3.111901549999999961e-02 4.178560490000000072e-01
1.228686680000000003e-01 2.488888779999999870e-02 4.278675710000000021e-01
1.341212200000000132e-01 1.928767519999999985e-02 4.365276969999999923e-01
1.450001370000000012e-01 1.443243479999999947e-02 4.439165629999999862e-01
1.555075240000000081e-01 1.037282630000000046e-02 4.501459509999999886e-01
1.656659580000000020e-01 7.100227750000000226e-03 4.553430050000000229e-01
1.755038479999999901e-01 4.575957559999999785e-03 4.596342999999999956e-01
1.850559230000000110e-01 2.736388619999999879e-03 4.631399780000000077e-01
1.943553990000000120e-01 1.510361459999999892e-03 4.659686210000000273e-01
2.034340970000000082e-01 8.231638249999999758e-04 4.682162690000000183e-01
2.123213830000000024e-01 6.012609840000000252e-04 4.699662339999999827e-01
2.210437010000000091e-01 7.751227539999999651e-04 4.712897890000000145e-01
2.296244799999999919e-01 1.280718219999999906e-03 4.722472939999999841e-01
2.380842310000000073e-01 2.060165450000000023e-03 4.728894889999999962e-01
2.464393239999999874e-01 3.063824310000000210e-03 4.732596439999999793e-01
2.547068230000000266e-01 4.243702680000000123e-03 4.733921890000000188e-01
2.628986750000000261e-01 5.561543609999999686e-03 4.733171820000000030e-01
2.710276110000000016e-01 6.980495839999999869e-03 4.730577069999999940e-01
2.791027879999999906e-01 8.471026249999999425e-03 4.726337939999999960e-01
2.871333169999999990e-01 1.000580639999999917e-02 4.720606359999999779e-01
2.951268730000000118e-01 1.156146190000000018e-02 4.713503030000000260e-01
3.030898730000000096e-01 1.311815589999999927e-02 4.705122780000000060e-01
3.110276390000000224e-01 1.465921170000000079e-02 4.695538859999999759e-01
3.189453990000000183e-01 1.616948760000000082e-02 4.684796880000000052e-01
3.268472769999999916e-01 1.763672960000000137e-02 4.672929000000000110e-01
3.347367829999999822e-01 1.905074610000000168e-02 4.659952439999999751e-01
3.426168680000000188e-01 2.040323399999999926e-02 4.645871719999999927e-01
3.504899710000000113e-01 2.168763359999999890e-02 4.630680690000000266e-01
3.583580590000000066e-01 2.289900850000000168e-02 4.614364229999999845e-01
3.662226570000000070e-01 2.403394810000000076e-02 4.596899799999999980e-01
3.740848780000000096e-01 2.509049099999999949e-02 4.578258740000000215e-01
3.819454429999999956e-01 2.606807339999999903e-02 4.558407589999999843e-01
3.898047210000000207e-01 2.696744530000000015e-02 4.537308749999999780e-01
3.976627169999999989e-01 2.779069149999999905e-02 4.514921889999999882e-01
4.055190960000000233e-01 2.854120320000000030e-02 4.491204679999999949e-01
4.133731999999999962e-01 2.922366659999999991e-02 4.466113520000000170e-01
4.212240509999999882e-01 2.984407060000000139e-02 4.439604260000000191e-01
4.290703650000000091e-01 3.040972559999999963e-02 4.411632830000000172e-01
4.369105569999999772e-01 3.092929230000000113e-02 4.382155859999999903e-01
4.447427429999999959e-01 3.141282070000000343e-02 4.351131260000000167e-01
4.525647440000000188e-01 3.187179999999999874e-02 4.318518740000000244e-01
4.603740889999999863e-01 3.231921740000000265e-02 4.284280300000000152e-01
4.681680149999999929e-01 3.276962679999999989e-02 4.248380760000000089e-01
4.759435120000000130e-01 3.323912860000000080e-02 4.210787120000000217e-01
4.836973270000000102e-01 3.374544699999999786e-02 4.171468810000000249e-01
4.914257069999999894e-01 3.430856139999999971e-02 4.130403959999999763e-01
4.991247070000000008e-01 3.495016599999999779e-02 4.087573010000000173e-01
5.067900779999999772e-01 3.569400009999999790e-02 4.042961500000000208e-01
5.144174910000000045e-01 3.656548159999999797e-02 3.996554420000000274e-01
5.220020010000000488e-01 3.759297200000000228e-02 3.948350369999999998e-01
5.295383289999999743e-01 3.880729370000000206e-02 3.898355459999999773e-01
5.370212429999999815e-01 4.024102100000000182e-02 3.846572089999999999e-01
5.444448939999999570e-01 4.188992259999999718e-02 3.793018559999999928e-01
5.518030769999999752e-01 4.377352810000000038e-02 3.737722880000000081e-01
5.590897259999999536e-01 4.591318169999999976e-02 3.680706120000000192e-01
5.662977930000000493e-01 4.832600110000000171e-02 3.622021730000000161e-01
5.734206920000000096e-01 5.102497489999999886e-02 3.561705330000000114e-01
5.804509129999999573e-01 5.402132390000000117e-02 3.499826979999999810e-01
5.873811429999999945e-01 5.732246109999999950e-02 3.436449879999999846e-01
5.942037669999999938e-01 6.093295609999999779e-02 3.371650789999999787e-01
6.009108520000000508e-01 6.485463919999999438e-02 3.305524979999999724e-01
6.074945750000000366e-01 6.908632050000000635e-02 3.238168310000000272e-01
6.139470710000000109e-01 7.362435650000000165e-02 3.169685830000000260e-01
6.202603469999999897e-01 7.846297639999999518e-02 3.100202890000000044e-01
6.264266670000000481e-01 8.359430460000000229e-02 3.029847070000000198e-01
6.324385169999999778e-01 8.900874829999999571e-02 2.958754399999999896e-01
6.382887090000000097e-01 9.469523450000000286e-02 2.887068090000000087e-01
6.439704910000000337e-01 1.006414290000000045e-01 2.814936889999999914e-01
6.494776549999999871e-01 1.068339549999999943e-01 2.742512520000000009e-01
6.548046320000000531e-01 1.132585490000000000e-01 2.669949839999999908e-01
6.599466000000000498e-01 1.199002879999999938e-01 2.597401730000000186e-01
6.648995490000000341e-01 1.267437670000000072e-01 2.525017290000000081e-01
6.696603429999999912e-01 1.337732859999999913e-01 2.452939610000000048e-01
6.742267469999999596e-01 1.409730329999999976e-01 2.381303230000000049e-01
6.785974380000000528e-01 1.483272670000000126e-01 2.310231939999999873e-01
6.827719890000000236e-01 1.558204980000000017e-01 2.239836819999999895e-01
6.867508190000000123e-01 1.634376539999999878e-01 2.170214570000000009e-01
6.905351339999999949e-01 1.711642359999999974e-01 2.101446429999999921e-01
6.941268360000000248e-01 1.789864569999999877e-01 2.033597440000000089e-01
6.975284299999999771e-01 1.868913520000000106e-01 1.966716219999999904e-01
7.007430279999999900e-01 1.948665749999999863e-01 1.900841620000000010e-01
7.037739819999999646e-01 2.029011609999999965e-01 1.835987289999999883e-01
7.066249420000000336e-01 2.109850540000000052e-01 1.772154629999999897e-01
7.092998099999999750e-01 2.191090320000000091e-01 1.709335319999999991e-01
7.118027719999999725e-01 2.272645040000000061e-01 1.647516039999999959e-01
7.141374860000000435e-01 2.354448680000000016e-01 1.586652050000000036e-01
7.163082459999999818e-01 2.436431149999999934e-01 1.526715969999999922e-01
7.183185159999999625e-01 2.518543440000000078e-01 1.467648089999999961e-01
7.201723190000000052e-01 2.600732099999999991e-01 1.409406490000000012e-01
7.218726060000000277e-01 2.682964640000000123e-01 1.351918209999999898e-01
7.234231469999999886e-01 2.765198899999999904e-01 1.295137369999999899e-01
7.248264869999999638e-01 2.847412999999999750e-01 1.238988510000000043e-01
7.260852279999999714e-01 2.929585100000000053e-01 1.183404480000000009e-01
7.272018569999999515e-01 3.011695739999999955e-01 1.128321760000000062e-01
7.281787779999999710e-01 3.093727330000000109e-01 1.073681290000000066e-01
7.290174649999999756e-01 3.175673789999999830e-01 1.019410210000000067e-01
7.297194890000000544e-01 3.257527239999999935e-01 9.654466170000000624e-02
7.302861529999999934e-01 3.339282439999999852e-01 9.117314009999999413e-02
7.307184930000000245e-01 3.420936359999999787e-01 8.582091810000000431e-02
7.310172999999999810e-01 3.502487790000000101e-01 8.048294529999999725e-02
7.311831290000000427e-01 3.583936990000000100e-01 7.515479540000000180e-02
7.312163149999999501e-01 3.665285389999999865e-01 6.983283590000000096e-02
7.311169929999999928e-01 3.746535269999999862e-01 6.451444679999999987e-02
7.308854009999999901e-01 3.827686900000000225e-01 5.919888720000000132e-02
7.305212800000000506e-01 3.908744180000000012e-01 5.388644330000000315e-02
7.300240770000000490e-01 3.989712349999999796e-01 4.857934109999999944e-02
7.293932739999999804e-01 4.070595140000000112e-01 4.328308339999999838e-02
7.286284469999999569e-01 4.151394440000000241e-01 3.801022949999999928e-02
7.277291999999999650e-01 4.232111080000000025e-01 3.307257630000000337e-02
7.266941340000000471e-01 4.312752879999999789e-01 2.857853900000000003e-02
7.255224810000000524e-01 4.393321539999999747e-01 2.453098789999999876e-02
7.242137090000000388e-01 4.473816239999999778e-01 2.093457480000000120e-02
7.227659680000000364e-01 4.554244989999999826e-01 1.779320380000000076e-02
7.211786030000000292e-01 4.634606139999999930e-01 1.511390049999999929e-02
7.194500339999999605e-01 4.714903850000000118e-01 1.290341210000000086e-02
7.175787279999999990e-01 4.795140929999999746e-01 1.116962370000000072e-02
7.155634730000000054e-01 4.875317259999999986e-01 9.921677590000000518e-03
7.134020110000000026e-01 4.955438600000000027e-01 9.168357460000000139e-03
7.110930819999999875e-01 5.035503479999999810e-01 8.920248400000000549e-03
7.086339280000000240e-01 5.115518740000000175e-01 9.187159679999999315e-03
7.060228849999999889e-01 5.195483579999999879e-01 9.980552729999999859e-03
7.032567969999999891e-01 5.275404970000000526e-01 1.131128269999999957e-02
7.003333080000000432e-01 5.355284030000000417e-01 1.319146449999999970e-02
6.972488359999999830e-01 5.435127539999999868e-01 1.563302680000000153e-02
6.940001180000000547e-01 5.514939129999999468e-01 1.864882220000000160e-02
6.905830029999999731e-01 5.594725670000000317e-01 2.225199140000000061e-02
6.869931590000000199e-01 5.674493269999999479e-01 2.645648459999999993e-02
6.832256279999999737e-01 5.754249409999999676e-01 3.127699130000000105e-02
6.792748899999999646e-01 5.834002339999999620e-01 3.672917199999999743e-02
6.751348649999999729e-01 5.913760759999999728e-01 4.275092679999999840e-02
6.707987290000000380e-01 5.993534480000000109e-01 4.891237500000000099e-02
6.662589450000000468e-01 6.073333869999999468e-01 5.515494399999999742e-02
6.615072170000000362e-01 6.153169760000000155e-01 6.146670480000000075e-02
6.565342339999999943e-01 6.233054199999999989e-01 6.784013619999999800e-02
6.513299329999999721e-01 6.312998869999999485e-01 7.427110500000000393e-02
6.458830150000000048e-01 6.393016740000000420e-01 8.075814589999999460e-02
6.401811179999999935e-01 6.473120780000000130e-01 8.730195420000000373e-02
6.342109360000000029e-01 6.553323089999999462e-01 9.390499380000000285e-02
6.279568739999999982e-01 6.633639350000000157e-01 1.005714000000000052e-01
6.214038079999999464e-01 6.714078030000000252e-01 1.073064370000000045e-01
6.145317759999999740e-01 6.794658829999999927e-01 1.141171279999999982e-01
6.073226779999999492e-01 6.875388110000000275e-01 1.210111499999999979e-01
5.997546609999999667e-01 6.956277969999999922e-01 1.279976389999999964e-01
5.918018779999999479e-01 7.037345090000000081e-01 1.350872939999999967e-01
5.834397460000000368e-01 7.118593069999999967e-01 1.422913279999999947e-01
5.746389619999999754e-01 7.200030419999999820e-01 1.496226009999999940e-01
5.653669230000000212e-01 7.281664239999999788e-01 1.570953870000000030e-01
5.555860400000000032e-01 7.363503080000000089e-01 1.647257850000000134e-01
5.452579290000000301e-01 7.445543589999999989e-01 1.725307670000000015e-01
5.343378429999999790e-01 7.527783860000000216e-01 1.805294739999999953e-01
5.227757079999999501e-01 7.610217620000000460e-01 1.887430350000000034e-01
5.105153329999999601e-01 7.692833119999999969e-01 1.971947960000000055e-01
4.974935030000000036e-01 7.775611719999999671e-01 2.059105880000000055e-01
4.836345060000000196e-01 7.858535089999999501e-01 2.149202259999999920e-01
4.688590950000000035e-01 7.941560749999999613e-01 2.242551200000000022e-01
4.530753310000000256e-01 8.024636499999999728e-01 2.339506709999999989e-01
4.361660439999999750e-01 8.107714150000000508e-01 2.440498429999999885e-01
4.180145149999999754e-01 8.190693639999999665e-01 2.545957400000000148e-01
3.984669739999999738e-01 8.273477689999999551e-01 2.656420879999999984e-01
3.773530410000000002e-01 8.355921269999999623e-01 2.772469599999999867e-01
3.544742320000000002e-01 8.437834450000000208e-01 2.894753469999999940e-01
3.295941960000000059e-01 8.518974750000000151e-01 3.024008579999999946e-01
3.024345179999999855e-01 8.599026480000000472e-01 3.161050060000000217e-01
2.726927020000000090e-01 8.677559139999999616e-01 3.306685670000000243e-01
2.400146649999999882e-01 8.754034419999999761e-01 3.461750299999999947e-01
2.040321999999999969e-01 8.827761280000000488e-01 3.626924160000000175e-01
1.644156089999999903e-01 8.897888859999999456e-01 3.802502680000000024e-01
1.209805260000000049e-01 8.963451239999999931e-01 3.988106699999999782e-01
7.402773190000000447e-02 9.023486790000000424e-01 4.182405419999999929e-01
2.775887859999999832e-02 9.077227879999999471e-01 4.382930440000000205e-01
1.277891849999999996e-02 9.124317520000000403e-01 4.586352129999999860e-01
3.931794959999999894e-02 9.164910480000000303e-01 4.789221439999999941e-01
8.719280249999999954e-02 9.199596289999999454e-01 4.988586239999999727e-01
1.333288980000000012e-01 9.229204170000000484e-01 5.182449139999999455e-01
1.763754210000000044e-01 9.254613929999999655e-01 5.369721669999999447e-01
2.164116339999999916e-01 9.276635300000000139e-01 5.550013520000000034e-01
2.537351409999999974e-01 9.295957719999999869e-01 5.723381029999999869e-01
2.886520309999999756e-01 9.313157640000000459e-01 5.890079259999999595e-01
3.214583739999999912e-01 9.328684699999999497e-01 6.050547459999999766e-01
3.523962930000000271e-01 9.342919560000000345e-01 6.205184000000000255e-01
3.816859349999999762e-01 9.356154789999999721e-01 6.354442860000000248e-01
4.095200820000000075e-01 9.368617479999999942e-01 6.498773770000000338e-01
4.360305199999999770e-01 9.380547670000000116e-01 6.638443550000000526e-01
4.613727630000000191e-01 9.392073749999999555e-01 6.773891979999999702e-01
4.856575699999999829e-01 9.403339250000000149e-01 6.905411179999999538e-01
5.089807790000000498e-01 9.414466049999999919e-01 7.033266430000000291e-01
5.314287549999999749e-01 9.425551829999999631e-01 7.157711939999999995e-01
5.530792540000000201e-01 9.436674299999999738e-01 7.278988039999999549e-01
5.739982999999999613e-01 9.447904489999999766e-01 7.397302000000000044e-01
5.942270370000000135e-01 9.459346749999999471e-01 7.512765230000000294e-01
6.138435939999999924e-01 9.470989720000000389e-01 7.625667520000000144e-01
6.328637550000000278e-01 9.482958609999999622e-01 7.736029650000000313e-01
6.513535689999999656e-01 9.495229800000000164e-01 7.844105420000000439e-01
6.693332749999999498e-01 9.507885649999999744e-01 7.949950730000000521e-01
6.868356799999999485e-01 9.520961999999999481e-01 8.053683190000000547e-01
7.038968209999999504e-01 9.534471669999999843e-01 8.155438879999999946e-01
7.205407329999999888e-01 9.548451119999999959e-01 8.255304150000000174e-01
7.367897820000000042e-01 9.562932640000000317e-01 8.353360840000000342e-01
7.526647669999999568e-01 9.577944919999999973e-01 8.449686140000000067e-01
7.681850070000000308e-01 9.593513679999999821e-01 8.544352309999999617e-01
7.833684269999999783e-01 9.609662140000000408e-01 8.637426569999999693e-01
7.982316210000000023e-01 9.626411569999999696e-01 8.728970870000000160e-01
8.127899130000000305e-01 9.643781759999999759e-01 8.819041579999999936e-01
8.270574059999999950e-01 9.661791530000000128e-01 8.907689210000000468e-01
8.410470049999999587e-01 9.680459209999999759e-01 8.994957860000000194e-01
8.547677740000000357e-01 9.699813179999999813e-01 9.080873739999999472e-01
8.682226349999999648e-01 9.719901890000000044e-01 9.165435589999999522e-01
8.814304680000000225e-01 9.740710839999999759e-01 9.248703069999999471e-01
8.943994750000000549e-01 9.762262310000000554e-01 9.330686019999999692e-01
9.071230540000000397e-01 9.784634819999999955e-01 9.411329130000000154e-01
9.196165880000000126e-01 9.807820269999999452e-01 9.490652979999999461e-01
9.318824589999999963e-01 9.831860449999999529e-01 9.568612109999999893e-01
9.439097640000000400e-01 9.856851859999999910e-01 9.645093219999999468e-01
9.557087659999999874e-01 9.882807399999999909e-01 9.720033409999999652e-01
9.672507540000000459e-01 9.909902569999999855e-01 9.793201339999999533e-01
9.785270050000000053e-01 9.938235300000000105e-01 9.864411709999999500e-01
9.894718120000000061e-01 9.968139019999999739e-01 9.933347319999999980e-01
1.000000000000000000e+00 1.000000000000000000e+00 1.000000000000000000e+00
