0.00000000e+00 0.00000000e+00 0.00000000e+00
1.70193305e-04 1.68278250e-04 2.57924599e-04
5.85740765e-04 5.80486865e-04 9.45551169e-04
1.20508347e-03 1.19618827e-03 2.06301932e-03
2.00912683e-03 1.99623392e-03 3.63073757e-03
2.98559330e-03 2.96771773e-03 5.67438506e-03
4.12558424e-03 4.10071171e-03 8.22303362e-03
5.42216419e-03 5.38690434e-03 1.13093972e-02
6.86998806e-03 6.81930787e-03 1.49647264e-02
8.46459261e-03 8.39156558e-03 1.92232793e-02
1.02020698e-02 1.00975576e-02 2.41243481e-02
1.20792027e-02 1.19316242e-02 2.97072070e-02
1.40934418e-02 1.38886795e-02 3.60084436e-02
1.62421218e-02 1.59629851e-02 4.29853226e-02
1.85232697e-02 1.81495006e-02 5.00881781e-02
2.09351562e-02 2.04432596e-02 5.72475619e-02
2.34757687e-02 2.28382212e-02 6.44774566e-02
2.61441127e-02 2.53301530e-02 7.17736024e-02
2.89382798e-02 2.79122762e-02 7.91526470e-02
3.18575181e-02 3.05803182e-02 8.66095757e-02
3.49003225e-02 3.33277219e-02 9.41555232e-02
3.80655826e-02 3.61486974e-02 1.01794230e-01
4.13314975e-02 3.90380461e-02 1.09525338e-01
4.45620779e-02 4.19459773e-02 1.17360220e-01
4.77576038e-02 4.47786452e-02 1.25301408e-01
5.09196796e-02 4.75462395e-02 1.33350117e-01
5.40494186e-02 5.02487009e-02 1.41511471e-01
5.71476368e-02 5.28857934e-02 1.49790395e-01
6.02148404e-02 5.54571514e-02 1.58191559e-01
6.32512028e-02 5.79623313e-02 1.66719287e-01
6.62565322e-02 6.04008734e-02 1.75377463e-01
6.92302277e-02 6.27723744e-02 1.84169404e-01
7.21712227e-02 6.50765751e-02 1.93097715e-01
7.50777793e-02 6.73123495e-02 2.02168638e-01
7.79474583e-02 6.94782044e-02 2.11389858e-01
8.07774563e-02 7.15763648e-02 2.20754814e-01
8.35633056e-02 7.36033424e-02 2.30280210e-01
8.63000481e-02 7.55617373e-02 2.39960276e-01
8.89809731e-02 7.74520966e-02 2.49799110e-01
9.15975204e-02 7.92755590e-02 2.59800949e-01
9.41389009e-02 8.10350439e-02 2.69966886e-01
9.65915368e-02 8.27360168e-02 2.80293681e-01
9.89375764e-02 8.43838426e-02 2.90784674e-01
1.01154848e-01 8.59908540e-02 3.01427735e-01
1.03213717e-01 8.75706080e-02 3.12218336e-01
1.05075982e-01 8.91455632e-02 3.23137862e-01
1.06691999e-01 9.07493102e-02 3.34152198e-01
1.07994629e-01 9.24264125e-02 3.45220399e-01
1.08896584e-01 9.42440372e-02 3.56264536e-01
1.09283866e-01 9.62953443e-02 3.67166587e-01
1.09013740e-01 9.87057667e-02 3.77746606e-01
1.07927187e-01 1.01631396e-01 3.87737298e-01
1.05877932e-01 1.05230813e-01 3.96800949e-01
1.02794330e-01 1.09609118e-01 4.04584861e-01
9.87221856e-02 1.14754580e-01 4.10849089e-01
9.38094632e-02 1.20531836e-01 4.15554725e-01
8.82379261e-02 1.26742716e-01 4.18841618e-01
8.21668882e-02 1.33195977e-01 4.20934443e-01
7.57142158e-02 1.39742085e-01 4.22063728e-01
6.89586687e-02 1.46277614e-01 4.22428524e-01
6.19535363e-02 1.52735285e-01 4.22188901e-01
5.47345906e-02 1.59073791e-01 4.21469708e-01
4.73282956e-02 1.65268930e-01 4.20367921e-01
3.97477578e-02 1.71307907e-01 4.18958824e-01
3.24202244e-02 1.77184420e-01 4.17302881e-01
2.58583801e-02 1.82897817e-01 4.15446603e-01
2.00983109e-02 1.88449523e-01 4.13428901e-01
1.51703732e-02 1.93842881e-01 4.11281681e-01
1.11003256e-02 1.99082390e-01 4.09031494e-01
7.91000445e-03 2.04173219e-01 4.06700748e-01
5.61771685e-03 2.09120908e-01 4.04308610e-01
4.23847082e-03 2.13931167e-01 4.01871659e-01
3.78496221e-03 2.18609495e-01 3.99405415e-01
4.26521348e-03 2.23161828e-01 3.96922089e-01
5.68558165e-03 2.27593593e-01 3.94434214e-01
8.04834456e-03 2.31910541e-01 3.91951417e-01
1.13536293e-02 2.36118080e-01 3.89483230e-01
1.55988156e-02 2.40221464e-01 3.87038546e-01
2.07785805e-02 2.44226005e-01 3.84624412e-01
2.68855028e-02 2.48136799e-01 3.82247496e-01
3.39101314e-02 2.51958802e-01 3.79913730e-01
4.18043707e-02 2.55696834e-01 3.77628305e-01
4.98392903e-02 2.59355507e-01 3.75396300e-01
5.77805490e-02 2.62939394e-01 3.73221239e-01
6.56217876e-02 2.66452866e-01 3.71106349e-01
7.33597368e-02 2.69900099e-01 3.69054794e-01
8.09931319e-02 2.73285118e-01 3.67069251e-01
8.85226284e-02 2.76611849e-01 3.65150964e-01
9.59485289e-02 2.79883963e-01 3.63302461e-01
1.03272864e-01 2.83105066e-01 3.61524087e-01
1.10497168e-01 2.86278557e-01 3.59816991e-01
1.17623094e-01 2.89407694e-01 3.58182063e-01
1.24653055e-01 2.92495611e-01 3.56618995e-01
1.31589007e-01 2.95545288e-01 3.55127879e-01
1.38432893e-01 2.98559579e-01 3.53708565e-01
1.45186474e-01 3.01541221e-01 3.52360852e-01
1.51851955e-01 3.04492830e-01 3.51083669e-01
1.58431175e-01 3.07416914e-01 3.49876116e-01
1.64925902e-01 3.10315884e-01 3.48737073e-01
1.71337829e-01 3.13192056e-01 3.47665197e-01
1.77668566e-01 3.16047664e-01 3.46658923e-01
1.83919619e-01 3.18884864e-01 3.45716481e-01
1.90092251e-01 3.21705753e-01 3.44836075e-01
1.96188027e-01 3.24512336e-01 3.44015166e-01
2.02208277e-01 3.27306568e-01 3.43251155e-01
2.08154295e-01 3.30090344e-01 3.42541127e-01
2.14027334e-01 3.32865507e-01 3.41881846e-01
2.19828390e-01 3.35633868e-01 3.41270055e-01
2.25559158e-01 3.38397111e-01 3.40701210e-01
2.31221113e-01 3.41156885e-01 3.40170715e-01
2.36815620e-01 3.43914788e-01 3.39673819e-01
2.42344815e-01 3.46672262e-01 3.39204474e-01
2.47810992e-01 3.49430649e-01 3.38756215e-01
2.53216552e-01 3.52191182e-01 3.38322369e-01
2.58565068e-01 3.54954837e-01 3.37894646e-01
2.63860253e-01 3.57722432e-01 3.37464785e-01
2.69106921e-01 3.60494476e-01 3.37023349e-01
2.74310696e-01 3.63271176e-01 3.36560372e-01
2.79478179e-01 3.66052369e-01 3.36065353e-01
2.84617209e-01 3.68837457e-01 3.35527110e-01
2.89736575e-01 3.71625402e-01 3.34934480e-01
2.94846398e-01 3.74414645e-01 3.34275903e-01
2.99957646e-01 3.77203141e-01 3.33540388e-01
3.05082365e-01 3.79988315e-01 3.32717147e-01
3.10233120e-01 3.82767140e-01 3.31796515e-01
3.15422978e-01 3.85536149e-01 3.30769752e-01
3.20664952e-01 3.88291553e-01 3.29629704e-01
3.25971776e-01 3.91029311e-01 3.28370748e-01
3.31355437e-01 3.93745266e-01 3.26989094e-01
3.36826876e-01 3.96435252e-01 3.25482762e-01
3.42395684e-01 3.99095211e-01 3.23851563e-01
3.48069888e-01 4.01721298e-01 3.22096985e-01
3.53855820e-01 4.04309967e-01 3.20222029e-01
3.59758117e-01 4.06858021e-01 3.18230900e-01
3.65779686e-01 4.09362669e-01 3.16128920e-01
3.71921970e-01 4.11821506e-01 3.13921996e-01
3.78184893e-01 4.14232558e-01 3.11616757e-01
3.84567351e-01 4.16594191e-01 3.09219855e-01
3.91067088e-01 4.18905155e-01 3.06738326e-01
3.97681253e-01 4.21164462e-01 3.04178891e-01
4.04406310e-01 4.23371407e-01 3.01548306e-01
4.11238361e-01 4.25525492e-01 2.98853055e-01
4.18173417e-01 4.27626349e-01 2.96099142e-01
4.25206999e-01 4.29673844e-01 2.93292848e-01
4.32335360e-01 4.31667731e-01 2.90439090e-01
4.39553881e-01 4.33608095e-01 2.87543883e-01
4.46858848e-01 4.35494841e-01 2.84611894e-01
4.54246431e-01 4.37327973e-01 2.81647990e-01
4.61712734e-01 4.39107585e-01 2.78657239e-01
4.69254695e-01 4.40833559e-01 2.75643717e-01
4.76868970e-01 4.42505920e-01 2.72612115e-01
4.84552354e-01 4.44124697e-01 2.69567169e-01
4.92302079e-01 4.45689813e-01 2.66513311e-01
5.00115937e-01 4.47201024e-01 2.63454549e-01
5.07991007e-01 4.48658377e-01 2.60396145e-01
5.15924970e-01 4.50061732e-01 2.57342909e-01
5.23915628e-01 4.51410933e-01 2.54299849e-01
5.31960887e-01 4.52705811e-01 2.51272210e-01
5.40058730e-01 4.53946187e-01 2.48265516e-01
5.48207288e-01 4.55131848e-01 2.45285495e-01
5.56404529e-01 4.56262667e-01 2.42338470e-01
5.64648482e-01 4.57338522e-01 2.39431082e-01
5.72937231e-01 4.58359294e-01 2.36570315e-01
5.81268907e-01 4.59324866e-01 2.33763502e-01
5.89641631e-01 4.60235154e-01 2.31018405e-01
5.98053286e-01 4.61090216e-01 2.28343458e-01
6.06501773e-01 4.61890139e-01 2.25747468e-01
6.14984919e-01 4.62635086e-01 2.23239704e-01
6.23500462e-01 4.63325310e-01 2.20829889e-01
6.32046384e-01 4.63960986e-01 2.18527839e-01
6.40620252e-01 4.64542547e-01 2.16344107e-01
6.49219212e-01 4.65070716e-01 2.14289920e-01
6.57841008e-01 4.65545964e-01 2.12376105e-01
6.66482943e-01 4.65969064e-01 2.10614075e-01
6.75141870e-01 4.66341124e-01 2.09015702e-01
6.83815547e-01 4.66662824e-01 2.07592036e-01
6.92500311e-01 4.66935748e-01 2.06355243e-01
7.01193780e-01 4.67160833e-01 2.05316202e-01
7.09892395e-01 4.67339812e-01 2.04486423e-01
7.18593171e-01 4.67474184e-01 2.03876535e-01
7.27293167e-01 4.67565527e-01 2.03496636e-01
7.35988847e-01 4.67615907e-01 2.03356600e-01
7.44677105e-01 4.67627241e-01 2.03465301e-01
7.53355104e-01 4.67601374e-01 2.03830724e-01
7.62019317e-01 4.67540731e-01 2.04460415e-01
7.70666611e-01 4.67447598e-01 2.05360859e-01
7.79293849e-01 4.67324374e-01 2.06537716e-01
7.87897885e-01 4.67173583e-01 2.07995865e-01
7.96475541e-01 4.66997880e-01 2.09739478e-01
8.05023582e-01 4.66800069e-01 2.11772128e-01
8.13538679e-01 4.66583133e-01 2.14096936e-01
8.22017347e-01 4.66350266e-01 2.16716752e-01
8.30455881e-01 4.66104937e-01 2.19634366e-01
8.38850257e-01 4.65850952e-01 2.22852753e-01
8.47196018e-01 4.65592556e-01 2.26375354e-01
8.55488121e-01 4.65334557e-01 2.30206381e-01
8.63721050e-01 4.65082228e-01 2.34351268e-01
8.71888050e-01 4.64841956e-01 2.38816956e-01
8.79980760e-01 4.64621589e-01 2.43612196e-01
8.87990345e-01 4.64429423e-01 2.48748842e-01
8.95904239e-01 4.64277130e-01 2.54240985e-01
9.03708413e-01 4.64177716e-01 2.60107229e-01
9.11384729e-01 4.64147944e-01 2.66370349e-01
9.18910231e-01 4.64209026e-01 2.73058104e-01
9.26256112e-01 4.64387599e-01 2.80204177e-01
9.33385678e-01 4.64717685e-01 2.87848083e-01
9.40252852e-01 4.65242132e-01 2.96035506e-01
9.46798867e-01 4.66016048e-01 3.04813352e-01
9.52952707e-01 4.67106439e-01 3.14227523e-01
9.58630958e-01 4.68593002e-01 3.24308973e-01
9.63744963e-01 4.70561688e-01 3.35059870e-01
9.68214186e-01 4.73092460e-01 3.46434219e-01
9.71985914e-01 4.76240292e-01 3.58327866e-01
9.75052677e-01 4.80017648e-01 3.70585982e-01
9.77454680e-01 4.84389914e-01 3.83040194e-01
9.79268344e-01 4.89286084e-01 3.95533480e-01
9.80583503e-01 4.94619397e-01 4.07952894e-01
9.81487375e-01 5.00303912e-01 4.20226747e-01
9.82055077e-01 5.06264324e-01 4.32318243e-01
9.82350839e-01 5.12436545e-01 4.44206788e-01
9.82421289e-01 5.18772411e-01 4.55896173e-01
9.82306393e-01 5.25231831e-01 4.67389175e-01
9.82033857e-01 5.31785976e-01 4.78699611e-01
9.81631612e-01 5.38408263e-01 4.89831160e-01
9.81113386e-01 5.45083542e-01 5.00803444e-01
9.80496929e-01 5.51795459e-01 5.11622727e-01
9.79795203e-01 5.58532061e-01 5.22297984e-01
9.79017035e-01 5.65285040e-01 5.32840130e-01
9.78167743e-01 5.72049042e-01 5.43261368e-01
9.77261654e-01 5.78813664e-01 5.53559068e-01
9.76296030e-01 5.85579689e-01 5.63751233e-01
9.75286469e-01 5.92336974e-01 5.73830205e-01
9.74228400e-01 5.99088048e-01 5.83812510e-01
9.73128020e-01 6.05829106e-01 5.93699656e-01
9.71990464e-01 6.12557264e-01 6.03493610e-01
9.70819906e-01 6.19270427e-01 6.13196709e-01
9.69619661e-01 6.25967170e-01 6.22811567e-01
9.68392278e-01 6.32646640e-01 6.32341000e-01
9.67139631e-01 6.39308458e-01 6.41787947e-01
9.65863003e-01 6.45952641e-01 6.51155412e-01
9.64563162e-01 6.52579528e-01 6.60446395e-01
9.63245213e-01 6.59187213e-01 6.69659102e-01
9.61917568e-01 6.65772225e-01 6.78788423e-01
9.60569458e-01 6.72341119e-01 6.87847718e-01
9.59213631e-01 6.78888292e-01 6.96827112e-01
9.57848086e-01 6.85415812e-01 7.05730814e-01
9.56473743e-01 6.91924248e-01 7.14559888e-01
9.55096901e-01 6.98411567e-01 7.23310374e-01
9.53717152e-01 7.04879090e-01 7.31984232e-01
9.52333972e-01 7.11328168e-01 7.40583188e-01
9.50961104e-01 7.17753449e-01 7.49096753e-01
9.49585503e-01 7.24162254e-01 7.57536957e-01
9.48222100e-01 7.30548814e-01 7.65892310e-01
9.46873069e-01 7.36913422e-01 7.74162057e-01
9.45533424e-01 7.43259588e-01 7.82350854e-01
9.44207831e-01 7.49586428e-01 7.90455562e-01
