0.000000000000000000e+00 0.000000000000000000e+00 0.000000000000000000e+00
1.734863709999999936e-04 1.953297889999999911e-04 2.565538099999999837e-04
5.922136670000000078e-04 6.774986119999999506e-04 9.298389859999999603e-04
1.212030019999999928e-03 1.402343909999999956e-03 2.007305249999999895e-03
2.016437079999999944e-03 2.348170839999999798e-03 3.498818739999999972e-03
2.999564880000000090e-03 3.499010519999999971e-03 5.419633190000000197e-03
4.162549110000000191e-03 4.841052040000000042e-03 7.787097320000000225e-03
5.512263719999999610e-03 6.361207399999999935e-03 1.061897269999999976e-02
7.060762840000000054e-03 8.046391229999999908e-03 1.393240100000000051e-02
8.825034420000000754e-03 9.883264909999999945e-03 1.774149980000000112e-02
1.082647140000000084e-02 1.185807120000000048e-02 2.205744169999999948e-02
1.309031620000000035e-02 1.395686280000000071e-02 2.688591770000000117e-02
1.564466679999999832e-02 1.616578210000000140e-02 3.222658300000000309e-02
1.851926770000000139e-02 1.847146360000000154e-02 3.807260910000000165e-02
2.174413749999999992e-02 2.086147940000000062e-02 4.423842699999999684e-02
2.534829339999999931e-02 2.332467679999999932e-02 5.031776030000000011e-02
2.935885120000000098e-02 2.585131259999999889e-02 5.630030989999999791e-02
3.380050619999999673e-02 2.843305850000000037e-02 6.217913509999999783e-02
3.869539000000000312e-02 3.106288310000000080e-02 6.794949020000000395e-02
4.391432390000000324e-02 3.373471809999999821e-02 7.360906720000000292e-02
4.919604119999999858e-02 3.644325689999999840e-02 7.915750470000000594e-02
5.454023420000000261e-02 3.918376579999999915e-02 8.459590509999999342e-02
5.994022200000000133e-02 4.191092040000000268e-02 8.992649380000000692e-02
6.539040599999999814e-02 4.454724999999999657e-02 9.515236879999999786e-02
7.088571370000000538e-02 4.710652569999999872e-02 1.002766810000000064e-01
7.642223439999999701e-02 4.959208200000000261e-02 1.053029770000000059e-01
8.199630019999999686e-02 5.200709659999999679e-02 1.102344239999999975e-01
8.760543240000000231e-02 5.435396609999999795e-02 1.150744209999999962e-01
9.324732119999999680e-02 5.663496640000000026e-02 1.198259190000000030e-01
9.892010549999999403e-02 5.885206250000000333e-02 1.244916499999999954e-01
1.046222920000000056e-01 6.100695150000000344e-02 1.290741079999999930e-01
1.103526850000000059e-01 6.310110200000000613e-02 1.335755409999999921e-01
1.161103220000000019e-01 6.513578859999999415e-02 1.379979590000000034e-01
1.218940490000000043e-01 6.711239160000000148e-02 1.423430179999999878e-01
1.277034400000000014e-01 6.903173930000000569e-02 1.466123830000000128e-01
1.335379160000000065e-01 7.089472510000000005e-02 1.508074239999999955e-01
1.393966419999999873e-01 7.270239530000000006e-02 1.549292579999999864e-01
1.452795020000000048e-01 7.445522609999999375e-02 1.589790199999999987e-01
1.511858510000000100e-01 7.615404600000000301e-02 1.629575639999999992e-01
1.571153449999999896e-01 7.779942110000000188e-02 1.668656870000000125e-01
1.630678140000000054e-01 7.939174029999999938e-02 1.707040930000000012e-01
1.690427860000000004e-01 8.093158990000000330e-02 1.744733370000000061e-01
1.750398930000000020e-01 8.241944149999999580e-02 1.781739079999999920e-01
1.810590310000000092e-01 8.385551530000000253e-02 1.818062370000000094e-01
1.870999180000000039e-01 8.524013869999999549e-02 1.853706639999999906e-01
1.931622899999999865e-01 8.657358830000000394e-02 1.888674650000000121e-01
1.992459000000000036e-01 8.785609269999999915e-02 1.922968599999999861e-01
2.053505140000000118e-01 8.908783570000000651e-02 1.956590149999999917e-01
2.114759089999999897e-01 9.026895840000000171e-02 1.989540469999999950e-01
2.176218709999999945e-01 9.139956139999999563e-02 2.021820300000000126e-01
2.237881909999999974e-01 9.247970699999999433e-02 2.053429910000000025e-01
2.299746659999999943e-01 9.350942019999999855e-02 2.084369199999999978e-01
2.361810970000000065e-01 9.448869099999999965e-02 2.114637679999999964e-01
2.424072850000000001e-01 9.541747479999999892e-02 2.144234489999999882e-01
2.486530329999999955e-01 9.629569409999999552e-02 2.173158460000000070e-01
2.549181460000000121e-01 9.712323920000000277e-02 2.201408069999999939e-01
2.612024250000000158e-01 9.789996889999999508e-02 2.228981499999999893e-01
2.675056720000000277e-01 9.862571150000000453e-02 2.255876619999999944e-01
2.738276840000000156e-01 9.930026490000000428e-02 2.282091019999999970e-01
2.801682140000000265e-01 9.992344379999999748e-02 2.307622169999999917e-01
2.865270870000000136e-01 1.004949519999999985e-01 2.332467010000000007e-01
2.929041170000000194e-01 1.010144750000000063e-01 2.356622230000000040e-01
2.992990870000000192e-01 1.014816909999999989e-01 2.380084339999999909e-01
3.057117750000000189e-01 1.018962520000000066e-01 2.402849569999999935e-01
3.121419530000000275e-01 1.022577820000000054e-01 2.424913939999999990e-01
3.185893679999999839e-01 1.025658950000000041e-01 2.446273250000000066e-01
3.250538190000000216e-01 1.028201140000000041e-01 2.466922850000000111e-01
3.315350550000000229e-01 1.030199759999999992e-01 2.486857939999999878e-01
3.380328200000000116e-01 1.031649899999999981e-01 2.506073540000000044e-01
3.445468449999999905e-01 1.032546369999999963e-01 2.524564369999999780e-01
3.510768770000000094e-01 1.032883420000000052e-01 2.542324799999999829e-01
3.576226229999999728e-01 1.032655360000000050e-01 2.559349100000000155e-01
3.641837809999999842e-01 1.031856200000000057e-01 2.575631259999999756e-01
3.707600380000000140e-01 1.030479660000000047e-01 2.591165020000000263e-01
3.773510669999999845e-01 1.028519199999999995e-01 2.605943889999999818e-01
3.839565690000000253e-01 1.025967470000000020e-01 2.619960820000000190e-01
3.905761710000000275e-01 1.022817599999999993e-01 2.633208879999999752e-01
3.972094829999999743e-01 1.019062550000000011e-01 2.645680910000000052e-01
4.038561099999999904e-01 1.014694849999999982e-01 2.657369419999999760e-01
4.105156369999999888e-01 1.009706830000000055e-01 2.668266630000000195e-01
4.171876299999999760e-01 1.004090650000000057e-01 2.678364549999999733e-01
4.238716299999999992e-01 9.978382989999999564e-02 2.687654890000000241e-01
4.305672199999999727e-01 9.909406260000000466e-02 2.696128560000000118e-01
4.372738250000000049e-01 9.833904540000000527e-02 2.703777350000000079e-01
4.439909020000000206e-01 9.751796020000000342e-02 2.710592250000000147e-01
4.507178820000000141e-01 9.662999260000000590e-02 2.716564040000000180e-01
4.574541599999999986e-01 9.567433879999999446e-02 2.721683240000000170e-01
4.641990959999999777e-01 9.465021469999999881e-02 2.725940150000000228e-01
4.709520110000000037e-01 9.355686589999999414e-02 2.729324870000000014e-01
4.777121850000000114e-01 9.239358070000000533e-02 2.731827270000000141e-01
4.844788520000000154e-01 9.115970460000000219e-02 2.733437029999999934e-01
4.912512010000000262e-01 8.985465859999999805e-02 2.734143680000000187e-01
4.980283679999999991e-01 8.847796060000000240e-02 2.733936579999999839e-01
5.048094319999999469e-01 8.702925109999999631e-02 2.732804970000000111e-01
5.115934149999999958e-01 8.550832379999999400e-02 2.730737979999999787e-01
5.183793420000000207e-01 8.391501219999999983e-02 2.727723799999999810e-01
5.251661340000000067e-01 8.224945150000000094e-02 2.723750979999999822e-01
5.319525389999999465e-01 8.051228339999999539e-02 2.718809420000000143e-01
5.387372980000000311e-01 7.870435089999999745e-02 2.712888210000000133e-01
5.455190669999999686e-01 7.682692130000000341e-02 2.705976600000000176e-01
5.522966230000000420e-01 7.488123859999999687e-02 2.698060760000000058e-01
5.590683469999999655e-01 7.286990390000000484e-02 2.689131619999999834e-01
5.658325320000000547e-01 7.079625940000000561e-02 2.679180389999999967e-01
5.725877099999999720e-01 6.866359810000000063e-02 2.668193050000000066e-01
5.793319340000000484e-01 6.647728699999999602e-02 2.656162100000000192e-01
5.860632540000000335e-01 6.424367139999999365e-02 2.643078779999999961e-01
5.927797940000000265e-01 6.197002079999999746e-02 2.628931409999999969e-01
5.994791800000000004e-01 5.966657999999999684e-02 2.613715979999999828e-01
6.061592869999999911e-01 5.734454709999999705e-02 2.597422189999999964e-01
6.128175850000000535e-01 5.501854469999999803e-02 2.580046029999999990e-01
6.194513879999999917e-01 5.270627549999999661e-02 2.561585290000000237e-01
6.260582649999999472e-01 5.042743620000000176e-02 2.542030510000000132e-01
6.326350520000000310e-01 4.820781489999999975e-02 2.521386720000000081e-01
6.391787359999999696e-01 4.607650220000000102e-02 2.499654400000000110e-01
6.456861449999999891e-01 4.406738350000000137e-02 2.476836460000000073e-01
6.521540340000000491e-01 4.221891569999999816e-02 2.452936099999999953e-01
6.585787800000000303e-01 4.057533640000000191e-02 2.427965380000000062e-01
6.649567339999999938e-01 3.917497679999999705e-02 2.401936799999999927e-01
6.712841170000000135e-01 3.809880580000000322e-02 2.374866419999999978e-01
6.775570260000000067e-01 3.738499549999999699e-02 2.346774409999999866e-01
6.837714580000000542e-01 3.707101200000000041e-02 2.317685300000000004e-01
6.899233359999999982e-01 3.719575409999999888e-02 2.287628210000000051e-01
6.960085449999999785e-01 3.779932240000000165e-02 2.256636720000000096e-01
7.020229890000000417e-01 3.892271750000000224e-02 2.224748129999999935e-01
7.079625219999999830e-01 4.060517699999999924e-02 2.192008079999999970e-01
7.138231240000000311e-01 4.281526979999999982e-02 2.158465290000000092e-01
7.196009030000000140e-01 4.555099270000000089e-02 2.124173069999999997e-01
7.252921660000000159e-01 4.879067530000000263e-02 2.089188100000000103e-01
7.308934190000000442e-01 5.250437799999999738e-02 2.053572439999999943e-01
7.364014490000000412e-01 5.665649379999999902e-02 2.017391960000000095e-01
7.418133949999999865e-01 6.120823260000000238e-02 1.980713879999999871e-01
7.471267660000000532e-01 6.611983420000000500e-02 1.943607709999999877e-01
7.523394810000000321e-01 7.135214589999999690e-02 1.906143899999999947e-01
7.574499080000000051e-01 7.686771979999999782e-02 1.868392050000000082e-01
7.624568640000000119e-01 8.263149420000000245e-02 1.830422210000000049e-01
7.673596440000000074e-01 8.861113340000000005e-02 1.792300990000000038e-01
7.721580049999999806e-01 9.477718490000000551e-02 1.754091150000000043e-01
7.768521459999999657e-01 1.011030319999999955e-01 1.715852320000000042e-01
7.814426899999999954e-01 1.075647680000000050e-01 1.677639989999999970e-01
7.859306600000000032e-01 1.141409719999999933e-01 1.639506480000000044e-01
7.903174179999999938e-01 1.208127340000000050e-01 1.601493830000000063e-01
7.946046350000000036e-01 1.275632630000000101e-01 1.563640689999999944e-01
7.987942449999999583e-01 1.343777580000000138e-01 1.525979829999999926e-01
8.028883919999999508e-01 1.412432309999999969e-01 1.488538030000000068e-01
8.068893839999999873e-01 1.481483379999999905e-01 1.451336199999999910e-01
8.107996859999999639e-01 1.550830880000000078e-01 1.414392469999999902e-01
8.146218379999999870e-01 1.620388739999999994e-01 1.377718400000000065e-01
8.183583620000000058e-01 1.690084900000000112e-01 1.341316539999999891e-01
8.220118060000000115e-01 1.759857159999999865e-01 1.305186909999999922e-01
8.255849130000000313e-01 1.829646490000000070e-01 1.269337739999999992e-01
8.290800539999999552e-01 1.899412440000000091e-01 1.233753920000000004e-01
8.324998219999999449e-01 1.969113759999999991e-01 1.198433119999999935e-01
8.358465510000000487e-01 2.038720800000000111e-01 1.163360640000000029e-01
8.391227420000000325e-01 2.108203439999999929e-01 1.128531100000000065e-01
8.423304299999999634e-01 2.177545630000000121e-01 1.093920300000000012e-01
8.454719179999999890e-01 2.246726830000000119e-01 1.059518839999999962e-01
8.485493480000000366e-01 2.315732110000000010e-01 1.025312619999999980e-01
8.515645309999999579e-01 2.384554640000000059e-01 9.912775930000000679e-02
8.545193549999999805e-01 2.453186450000000018e-01 9.573961549999999987e-02
8.574156000000000555e-01 2.521622150000000229e-01 9.236498680000000683e-02
8.602549409999999952e-01 2.589858540000000153e-01 8.900195860000000014e-02
8.630389480000000280e-01 2.657894399999999879e-01 8.564855990000000419e-02
8.657690860000000210e-01 2.725730149999999741e-01 8.230277530000000563e-02
8.684467179999999509e-01 2.793367649999999869e-01 7.896255609999999758e-02
8.710731080000000404e-01 2.860809970000000035e-01 7.562583000000000499e-02
8.736495990000000544e-01 2.928058419999999828e-01 7.229108809999999774e-02
8.761774230000000108e-01 2.995115760000000016e-01 6.895673800000000353e-02
8.786573420000000079e-01 3.061991450000000059e-01 6.561994790000000299e-02
8.810903749999999812e-01 3.128690140000000008e-01 6.227902989999999778e-02
8.834779050000000078e-01 3.195210669999999920e-01 5.893376770000000042e-02
8.858201209999999604e-01 3.261568759999999845e-01 5.558035000000000059e-02
8.881184800000000434e-01 3.327761169999999824e-01 5.221941299999999925e-02
8.903731190000000462e-01 3.393802659999999860e-01 4.884758869999999975e-02
8.925853440000000028e-01 3.459691249999999885e-01 4.546570779999999784e-02
8.947550930000000013e-01 3.525442819999999866e-01 4.207040060000000192e-02
8.968837840000000172e-01 3.591053080000000119e-01 3.865697800000000156e-02
8.989713200000000182e-01 3.656536939999999736e-01 3.535486300000000026e-02
9.010181860000000542e-01 3.721900969999999975e-01 3.221081199999999839e-02
9.030255579999999505e-01 3.787143000000000037e-01 2.922684659999999837e-02
9.049932179999999882e-01 3.852277339999999883e-01 2.640094689999999966e-02
9.069216020000000489e-01 3.917309689999999844e-01 2.373366819999999863e-02
9.088111119999999765e-01 3.982245719999999989e-01 2.122584070000000170e-02
9.106623740000000522e-01 4.047088209999999964e-01 1.887927719999999907e-02
9.124755319999999781e-01 4.111844980000000094e-01 1.669477169999999955e-02
9.142507439999999486e-01 4.176523160000000234e-01 1.467355189999999983e-02
9.159882740000000467e-01 4.241128299999999962e-01 1.281747960000000075e-02
9.176883550000000112e-01 4.305665909999999985e-01 1.112866040000000042e-02
9.193511899999999848e-01 4.370141410000000226e-01 9.609439270000000657e-03
9.209769570000000405e-01 4.434560160000000084e-01 8.262397799999999723e-03
9.225658070000000155e-01 4.498927429999999839e-01 7.090350290000000180e-03
9.241178669999999817e-01 4.563248420000000083e-01 6.096340859999999605e-03
9.256332430000000500e-01 4.627528209999999809e-01 5.283640410000000134e-03
9.271120160000000388e-01 4.691771800000000270e-01 4.655743799999999787e-03
9.285542490000000537e-01 4.755984100000000270e-01 4.216367080000000059e-03
9.299599840000000173e-01 4.820169890000000068e-01 3.969444859999999957e-03
9.313293430000000317e-01 4.884333000000000147e-01 3.919308530000000304e-03
9.326625990000000366e-01 4.948475709999999861e-01 4.070786600000000054e-03
9.339594409999999458e-01 5.012605249999999568e-01 4.427862179999999571e-03
9.352198449999999941e-01 5.076726000000000294e-01 4.995308569999999844e-03
9.364437749999999783e-01 5.140842230000000068e-01 5.778105040000000234e-03
9.376313090000000239e-01 5.204957000000000056e-01 6.781644619999999991e-03
9.387828569999999706e-01 5.269070519999999869e-01 8.012020629999999990e-03
9.398977960000000076e-01 5.333191379999999704e-01 9.473899949999999709e-03
9.409760419999999570e-01 5.397323400000000326e-01 1.117304929999999967e-02
9.420180009999999937e-01 5.461466339999999642e-01 1.311613269999999977e-02
9.430235019999999579e-01 5.525624510000000100e-01 1.530912949999999918e-02
9.439920459999999736e-01 5.589804499999999621e-01 1.775780639999999938e-02
9.449240660000000069e-01 5.654005530000000279e-01 2.046936270000000030e-02
9.458194079999999726e-01 5.718231270000000421e-01 2.345037120000000030e-02
9.466774540000000293e-01 5.782488639999999736e-01 2.670705279999999876e-02
9.474990629999999747e-01 5.846773469999999584e-01 3.024753560000000008e-02
9.482833019999999946e-01 5.911094690000000540e-01 3.407802759999999792e-02
9.490303639999999596e-01 5.975452850000000371e-01 3.820619039999999939e-02
9.497403540000000088e-01 6.039849069999999598e-01 4.256984540000000039e-02
9.504125549999999922e-01 6.104290150000000192e-01 4.695587700000000003e-02
9.510477980000000553e-01 6.168771969999999882e-01 5.136417489999999669e-02
9.516447670000000025e-01 6.233305150000000294e-01 5.579248199999999741e-02
9.522047179999999500e-01 6.297882670000000127e-01 6.024076589999999981e-02
9.527260480000000475e-01 6.362516660000000490e-01 6.470737599999999701e-02
9.532101010000000318e-01 6.427199590000000073e-01 6.919260850000000240e-02
9.536552910000000161e-01 6.491943070000000260e-01 7.369535929999999901e-02
9.540628289999999456e-01 6.556740469999999821e-01 7.821596620000000055e-02
9.544313639999999488e-01 6.621601529999999736e-01 8.275376630000000344e-02
9.547616829999999721e-01 6.686522369999999826e-01 8.730897629999999354e-02
9.550529760000000534e-01 6.751508999999999983e-01 9.188131430000000266e-02
9.553053280000000091e-01 6.816561840000000538e-01 9.647081640000000624e-02
9.555187299999999828e-01 6.881681859999999595e-01 1.010774890000000065e-01
9.556923090000000176e-01 6.946875059999999547e-01 1.057011999999999952e-01
9.558270960000000427e-01 7.012136169999999558e-01 1.103421440000000031e-01
9.559217009999999570e-01 7.077474049999999961e-01 1.150001410000000002e-01
9.559763940000000071e-01 7.142887799999999565e-01 1.196752600000000055e-01
9.559911770000000253e-01 7.208378039999999709e-01 1.243675050000000032e-01
9.559651630000000067e-01 7.273950359999999948e-01 1.290768180000000098e-01
9.558987860000000003e-01 7.339602870000000445e-01 1.338032180000000015e-01
9.557915139999999532e-01 7.405339010000000499e-01 1.385466529999999918e-01
9.556427010000000388e-01 7.471162709999999985e-01 1.433070860000000002e-01
9.554527080000000394e-01 7.537072420000000550e-01 1.480844669999999974e-01
9.552209230000000550e-01 7.603071769999999452e-01 1.528787329999999889e-01
9.549466979999999827e-01 7.669164440000000305e-01 1.576898280000000041e-01
9.546300949999999563e-01 7.735350349999999819e-01 1.625176640000000061e-01
9.542708460000000059e-01 7.801631100000000485e-01 1.673621409999999921e-01
9.538680699999999568e-01 7.868011299999999597e-01 1.722231999999999930e-01
9.534213660000000479e-01 7.934493009999999957e-01 1.771007470000000028e-01
9.529310579999999975e-01 8.001074719999999862e-01 1.819946110000000006e-01
9.523959579999999869e-01 8.067762229999999590e-01 1.869047450000000110e-01
9.518155339999999631e-01 8.134558020000000056e-01 1.918310470000000045e-01
9.511893399999999943e-01 8.201464069999999662e-01 1.967733969999999888e-01
9.505173909999999893e-01 8.268480139999999645e-01 2.017316150000000030e-01
9.497984430000000478e-01 8.335611790000000410e-01 2.067056630000000117e-01
9.490318739999999975e-01 8.402861539999999518e-01 2.116954319999999889e-01
9.482170260000000184e-01 8.470231959999999782e-01 2.167008159999999906e-01
9.473537149999999851e-01 8.537723430000000446e-01 2.217216399999999976e-01
9.464407769999999553e-01 8.605340609999999613e-01 2.267578630000000040e-01
9.454773159999999566e-01 8.673086789999999713e-01 2.318094099999999935e-01
9.444625049999999522e-01 8.740964839999999514e-01 2.368761990000000095e-01
9.433954660000000159e-01 8.808977690000000527e-01 2.419581580000000065e-01
