0.000000000000000000e+00 0.000000000000000000e+00 0.000000000000000000e+00
2.075177790000000031e-04 2.106255360000000099e-04 2.645109729999999882e-04
7.125729830000000504e-04 7.306165610000000480e-04 9.494753819999999633e-04
1.462252380000000039e-03 1.514233810000000045e-03 2.030250329999999919e-03
2.430785259999999805e-03 2.541816970000000155e-03 3.506504960000000198e-03
3.600495650000000002e-03 3.801430279999999922e-03 5.383817770000000336e-03
4.957555239999999683e-03 5.284963810000000393e-03 7.670786019999999671e-03
6.490352510000000144e-03 6.986599330000000004e-03 1.037767260000000032e-02
8.188730389999999276e-03 8.902052029999999588e-03 1.351553089999999943e-02
1.004331150000000068e-02 1.102813130000000058e-02 1.709676699999999883e-02
1.204551629999999970e-02 1.336248909999999956e-02 2.113357670000000008e-02
1.418694679999999916e-02 1.590343140000000099e-02 2.563961979999999918e-02
1.645969560000000095e-02 1.864981380000000147e-02 3.062801639999999936e-02
1.885585190000000147e-02 2.160094699999999882e-02 3.611293470000000172e-02
2.136760210000000076e-02 2.475654099999999996e-02 4.206179740000000333e-02
2.398730799999999885e-02 2.811665970000000112e-02 4.806272019999999895e-02
2.670699259999999992e-02 3.168168689999999871e-02 5.405265680000000128e-02
2.951881929999999876e-02 3.545230199999999804e-02 6.003560069999999693e-02
3.241485830000000179e-02 3.942945879999999736e-02 6.601490670000000061e-02
3.538693059999999807e-02 4.349301569999999839e-02 7.199371370000000325e-02
3.842652619999999825e-02 4.751224390000000075e-02 7.797503429999999569e-02
4.149895659999999764e-02 5.150027029999999784e-02 8.396098230000000051e-02
4.448306789999999927e-02 5.546028320000000178e-02 8.995332520000000331e-02
4.738356049999999792e-02 5.939520899999999742e-02 9.595374130000000612e-02
5.020065719999999843e-02 6.330775060000000398e-02 1.019636409999999938e-01
5.293425780000000219e-02 6.720042149999999603e-02 1.079841859999999959e-01
5.558396150000000091e-02 7.107557330000000007e-02 1.140163099999999957e-01
5.814908440000000206e-02 7.493542000000000258e-02 1.200607219999999947e-01
6.062867339999999938e-02 7.878205739999999402e-02 1.261179189999999950e-01
6.302144799999999381e-02 8.261748539999999585e-02 1.321883020000000075e-01
6.532560769999999628e-02 8.644363900000000267e-02 1.382724780000000042e-01
6.753970750000000411e-02 9.026233629999999564e-02 1.443698370000000009e-01
6.966177769999999658e-02 9.407535140000000684e-02 1.504800370000000109e-01
7.168899809999999817e-02 9.788445780000000485e-02 1.566033870000000106e-01
7.361906949999999505e-02 1.016913220000000007e-01 1.627387849999999969e-01
7.544903070000000267e-02 1.054976090000000061e-01 1.688854800000000045e-01
7.717548729999999801e-02 1.093049690000000018e-01 1.750426619999999878e-01
7.879489400000000421e-02 1.131150219999999956e-01 1.812090470000000120e-01
8.030369660000000187e-02 1.169293379999999938e-01 1.873827309999999968e-01
8.169692350000000436e-02 1.207495880000000049e-01 1.935627970000000087e-01
8.297030960000000011e-02 1.245773300000000000e-01 1.997467480000000017e-01
8.411885930000000122e-02 1.284141530000000031e-01 2.059321859999999893e-01
8.513700629999999825e-02 1.322616640000000010e-01 2.121165299999999976e-01
8.601876610000000478e-02 1.361214729999999928e-01 2.182967769999999974e-01
8.675772460000000241e-02 1.399951879999999926e-01 2.244694670000000059e-01
8.734702839999999857e-02 1.438844119999999893e-01 2.306306379999999989e-01
8.777871859999999971e-02 1.477908179999999905e-01 2.367762949999999977e-01
8.804482030000000681e-02 1.517160150000000096e-01 2.429014100000000120e-01
8.813724109999999945e-02 1.556615409999999866e-01 2.490000500000000005e-01
8.804545939999999793e-02 1.596291440000000006e-01 2.550668990000000136e-01
8.776031709999999875e-02 1.636202949999999989e-01 2.610945109999999736e-01
8.727106660000000238e-02 1.676365390000000011e-01 2.670753249999999746e-01
8.656610850000000246e-02 1.716793829999999910e-01 2.730010150000000135e-01
8.563338939999999566e-02 1.757502260000000094e-01 2.788622110000000265e-01
8.446053659999999685e-02 1.798503130000000116e-01 2.846484320000000068e-01
8.303504720000000339e-02 1.839806860000000044e-01 2.903480449999999990e-01
8.134352370000000332e-02 1.881422520000000098e-01 2.959486080000000019e-01
7.937315250000000211e-02 1.923355690000000118e-01 3.014363409999999965e-01
7.711134470000000074e-02 1.965608640000000018e-01 3.067964470000000277e-01
7.454755270000000544e-02 2.008178009999999902e-01 3.120128369999999873e-01
7.167260809999999316e-02 2.051055599999999923e-01 3.170687269999999947e-01
6.848091159999999955e-02 2.094226030000000127e-01 3.219465859999999791e-01
6.497149720000000572e-02 2.137666169999999921e-01 3.266286259999999775e-01
6.114941279999999701e-02 2.181344709999999965e-01 3.310973409999999895e-01
5.703059929999999833e-02 2.225218880000000010e-01 3.353359069999999886e-01
5.264149139999999699e-02 2.269237910000000136e-01 3.393293569999999981e-01
4.802436809999999917e-02 2.313341570000000125e-01 3.430651880000000209e-01
4.324242150000000284e-02 2.357460849999999941e-01 3.465342610000000101e-01
3.837989259999999986e-02 2.401521560000000055e-01 3.497315830000000125e-01
3.379849380000000264e-02 2.445446559999999991e-01 3.526567829999999737e-01
2.972019529999999840e-02 2.489159200000000127e-01 3.553142970000000012e-01
2.625390249999999884e-02 2.532586760000000159e-01 3.577131869999999880e-01
2.349768299999999838e-02 2.575663469999999733e-01 3.598666030000000071e-01
2.153597520000000154e-02 2.618332919999999953e-01 3.617909850000000094e-01
2.043807289999999971e-02 2.660549520000000112e-01 3.635051069999999940e-01
2.025786190000000014e-02 2.702279029999999915e-01 3.650290809999999775e-01
2.103461120000000087e-02 2.743498260000000188e-01 3.663834469999999732e-01
2.279504309999999881e-02 2.784193449999999848e-01 3.675886740000000041e-01
2.555405259999999831e-02 2.824360410000000265e-01 3.686641079999999904e-01
2.931797239999999957e-02 2.864001429999999959e-01 3.696281889999999959e-01
3.408545460000000221e-02 2.903125389999999806e-01 3.704975569999999774e-01
3.985003890000000243e-02 2.941745009999999771e-01 3.712875909999999724e-01
4.624921449999999656e-02 2.979876450000000232e-01 3.720120709999999997e-01
5.293050480000000002e-02 3.017538280000000017e-01 3.726832090000000153e-01
5.980830869999999994e-02 3.054750620000000194e-01 3.733117220000000125e-01
6.681348630000000233e-02 3.091534470000000256e-01 3.739069429999999916e-01
7.389468959999999365e-02 3.127910589999999824e-01 3.744777879999999781e-01
8.101487100000000219e-02 3.163900800000000180e-01 3.750307119999999883e-01
8.814613120000000523e-02 3.199525610000000242e-01 3.755727970000000138e-01
9.526878780000000435e-02 3.234805769999999914e-01 3.761090449999999752e-01
1.023682989999999959e-01 3.269761110000000137e-01 3.766442540000000117e-01
1.094341499999999939e-01 3.304410819999999971e-01 3.771825950000000094e-01
1.164588740000000039e-01 3.338773340000000256e-01 3.777276270000000102e-01
1.234372829999999949e-01 3.372866370000000003e-01 3.782823719999999779e-01
1.303659080000000026e-01 3.406706820000000024e-01 3.788493829999999840e-01
1.372425670000000097e-01 3.440310810000000163e-01 3.794308020000000115e-01
1.440655210000000019e-01 3.473693869999999739e-01 3.800289499999999765e-01
1.508345630000000048e-01 3.506870599999999949e-01 3.806450009999999828e-01
1.575495849999999920e-01 3.539854980000000095e-01 3.812803180000000070e-01
1.642106299999999963e-01 3.572660509999999734e-01 3.819362689999999949e-01
1.708185640000000061e-01 3.605299779999999732e-01 3.826134900000000005e-01
1.773741899999999871e-01 3.637784949999999795e-01 3.833127060000000030e-01
1.838781170000000076e-01 3.670127870000000070e-01 3.840348149999999738e-01
1.903318310000000069e-01 3.702339319999999878e-01 3.847798179999999957e-01
1.967364010000000052e-01 3.734429939999999726e-01 3.855480559999999723e-01
2.030929639999999869e-01 3.766409909999999805e-01 3.863397279999999934e-01
2.094025240000000065e-01 3.798289140000000175e-01 3.871550670000000194e-01
2.156665279999999962e-01 3.830076740000000202e-01 3.879937880000000061e-01
2.218862000000000056e-01 3.861781650000000177e-01 3.888557169999999896e-01
2.280627580000000043e-01 3.893412419999999763e-01 3.897405899999999979e-01
2.341974119999999937e-01 3.924977279999999902e-01 3.906480410000000014e-01
2.402913660000000062e-01 3.956484129999999766e-01 3.915776109999999921e-01
2.463456770000000129e-01 3.987940739999999984e-01 3.925288809999999962e-01
2.523615719999999785e-01 4.019354339999999803e-01 3.935011640000000144e-01
2.583402790000000060e-01 4.050731859999999740e-01 3.944936760000000153e-01
2.642829620000000101e-01 4.082080020000000142e-01 3.955055920000000169e-01
2.701907789999999920e-01 4.113405259999999841e-01 3.965360010000000268e-01
2.760646270000000069e-01 4.144714139999999825e-01 3.975841529999999957e-01
2.819057890000000177e-01 4.176012390000000130e-01 3.986488300000000096e-01
2.877155439999999897e-01 4.207305490000000092e-01 3.997287319999999755e-01
2.934948290000000126e-01 4.238599160000000032e-01 4.008228099999999738e-01
2.992448810000000181e-01 4.269898460000000062e-01 4.019296459999999738e-01
3.049671190000000087e-01 4.301207839999999782e-01 4.030475589999999997e-01
3.106623559999999729e-01 4.332532519999999776e-01 4.041754169999999813e-01
3.163323450000000148e-01 4.363875919999999908e-01 4.053110730000000217e-01
3.219781159999999809e-01 4.395242389999999832e-01 4.064530670000000012e-01
3.276013199999999737e-01 4.426634950000000179e-01 4.075992569999999926e-01
3.332032759999999927e-01 4.458056939999999746e-01 4.087478190000000122e-01
3.387857490000000249e-01 4.489510580000000139e-01 4.098964370000000024e-01
3.443502310000000066e-01 4.520998299999999803e-01 4.110430860000000020e-01
3.498987780000000214e-01 4.552521170000000117e-01 4.121851449999999750e-01
3.554329840000000074e-01 4.584080739999999987e-01 4.133205280000000204e-01
3.609552149999999959e-01 4.615676799999999802e-01 4.144463489999999917e-01
3.664674540000000258e-01 4.647309410000000085e-01 4.155602170000000095e-01
3.719721029999999984e-01 4.678977449999999760e-01 4.166593619999999776e-01
3.774717220000000095e-01 4.710679019999999828e-01 4.177409469999999736e-01
3.829686970000000246e-01 4.742412100000000241e-01 4.188024730000000084e-01
3.884660149999999978e-01 4.774172979999999900e-01 4.198408969999999907e-01
3.939665489999999992e-01 4.805957659999999798e-01 4.208534829999999727e-01
3.994731910000000052e-01 4.837761540000000138e-01 4.218376770000000220e-01
4.049892469999999967e-01 4.869578629999999908e-01 4.227906220000000048e-01
4.105179540000000182e-01 4.901402510000000268e-01 4.237097710000000128e-01
4.160625079999999976e-01 4.933226230000000156e-01 4.245928489999999944e-01
4.216263960000000144e-01 4.965041709999999942e-01 4.254374369999999739e-01
4.272130049999999790e-01 4.996840450000000211e-01 4.262414560000000185e-01
4.328256540000000041e-01 5.028613579999999805e-01 4.270031109999999908e-01
4.384676659999999782e-01 5.060351680000000352e-01 4.277207820000000216e-01
4.441423090000000129e-01 5.092044940000000075e-01 4.283930599999999922e-01
4.498526729999999807e-01 5.123683530000000541e-01 4.290188830000000175e-01
4.556016480000000257e-01 5.155257619999999985e-01 4.295975249999999801e-01
4.613920009999999960e-01 5.186757330000000277e-01 4.301284470000000248e-01
4.672262380000000159e-01 5.218173099999999787e-01 4.306114440000000099e-01
4.731065939999999914e-01 5.249495760000000288e-01 4.310466029999999726e-01
4.790350210000000053e-01 5.280716640000000517e-01 4.314342789999999761e-01
4.850132030000000039e-01 5.311827639999999739e-01 4.317750399999999988e-01
4.910424950000000233e-01 5.342821389999999893e-01 4.320696980000000020e-01
4.971239490000000094e-01 5.373691299999999726e-01 4.323192519999999872e-01
5.032583590000000440e-01 5.404431509999999550e-01 4.325247899999999923e-01
5.094461550000000116e-01 5.435037209999999952e-01 4.326876199999999950e-01
5.156875090000000439e-01 5.465504420000000252e-01 4.328091009999999739e-01
5.219823609999999503e-01 5.495830000000000437e-01 4.328906100000000090e-01
5.283304580000000028e-01 5.526011530000000116e-01 4.329334779999999827e-01
5.347311940000000208e-01 5.556047849999999899e-01 4.329392029999999947e-01
5.411838410000000543e-01 5.585938400000000081e-01 4.329091560000000172e-01
5.476876459999999724e-01 5.615683019999999637e-01 4.328444590000000147e-01
5.542415339999999802e-01 5.645282750000000238e-01 4.327463819999999850e-01
5.608443149999999822e-01 5.674739300000000153e-01 4.326160889999999815e-01
5.674948969999999981e-01 5.704054440000000392e-01 4.324543759999999737e-01
5.741920369999999885e-01 5.733230700000000457e-01 4.322620099999999743e-01
5.809342469999999592e-01 5.762271639999999584e-01 4.320398520000000020e-01
5.877203770000000160e-01 5.791180190000000394e-01 4.317881350000000173e-01
5.945490289999999511e-01 5.819960290000000258e-01 4.315072169999999985e-01
6.014186230000000410e-01 5.848616789999999677e-01 4.311975120000000050e-01
6.083282840000000524e-01 5.877152669999999857e-01 4.308583630000000220e-01
6.152761789999999786e-01 5.905574169999999734e-01 4.304901629999999813e-01
6.222612889999999952e-01 5.933885300000000251e-01 4.300921070000000013e-01
6.292821790000000526e-01 5.962091680000000116e-01 4.296637549999999806e-01
6.363375799999999582e-01 5.990198679999999554e-01 4.292042839999999915e-01
6.434262680000000234e-01 6.018211820000000101e-01 4.287126450000000033e-01
6.505469609999999792e-01 6.046137129999999971e-01 4.281876740000000181e-01
6.576982959999999601e-01 6.073981189999999586e-01 4.276281140000000036e-01
6.648793499999999801e-01 6.101749450000000241e-01 4.270319269999999778e-01
6.720883109999999938e-01 6.129450659999999829e-01 4.263979829999999804e-01
6.793244889999999758e-01 6.157090120000000555e-01 4.257234360000000106e-01
6.865862440000000122e-01 6.184676740000000228e-01 4.250063749999999918e-01
6.938720200000000338e-01 6.212219589999999902e-01 4.242444519999999941e-01
7.011804099999999762e-01 6.239727659999999565e-01 4.234347489999999992e-01
7.085103619999999491e-01 6.267209099999999644e-01 4.225734110000000099e-01
7.158596699999999480e-01 6.294676750000000043e-01 4.216576510000000222e-01
7.232264929999999703e-01 6.322142760000000195e-01 4.206836199999999804e-01
7.306087629999999944e-01 6.349620780000000408e-01 4.196471159999999867e-01
7.380041250000000108e-01 6.377126269999999764e-01 4.185435679999999770e-01
7.454098630000000059e-01 6.404676919999999773e-01 4.173680280000000020e-01
7.528228120000000079e-01 6.432293089999999713e-01 4.161151639999999818e-01
7.602399079999999643e-01 6.459995939999999548e-01 4.147782440000000181e-01
7.676564890000000529e-01 6.487813949999999830e-01 4.133515260000000247e-01
7.750671940000000149e-01 6.515779839999999989e-01 4.118287429999999971e-01
7.824671970000000032e-01 6.543926150000000108e-01 4.102007639999999955e-01
7.898481760000000129e-01 6.572300760000000519e-01 4.084619190000000066e-01
7.972028420000000226e-01 6.600950150000000072e-01 4.066021450000000259e-01
8.045202799999999765e-01 6.629937360000000002e-01 4.046146130000000118e-01
8.117882509999999607e-01 6.659333710000000517e-01 4.024915419999999799e-01
8.189920309999999537e-01 6.689223480000000555e-01 4.002260440000000030e-01
8.261138860000000195e-01 6.719706140000000216e-01 3.978132349999999873e-01
8.331327720000000214e-01 6.750897390000000220e-01 3.952513730000000169e-01
8.400247259999999994e-01 6.782927250000000408e-01 3.925420310000000135e-01
8.467618420000000423e-01 6.815942440000000158e-01 3.896949350000000201e-01
8.533144550000000272e-01 6.850096190000000140e-01 3.867263750000000111e-01
8.596519870000000063e-01 6.885541689999999937e-01 3.836624750000000028e-01
8.657457790000000486e-01 6.922417589999999565e-01 3.805381520000000184e-01
8.715718909999999875e-01 6.960833539999999875e-01 3.773959889999999873e-01
8.771139869999999839e-01 7.000856490000000321e-01 3.742825889999999989e-01
8.823652969999999929e-01 7.042503140000000439e-01 3.712427839999999923e-01
8.873285910000000554e-01 7.085740870000000191e-01 3.683173820000000265e-01
8.920152110000000301e-01 7.130496520000000338e-01 3.655362099999999725e-01
8.964424600000000520e-01 7.176668870000000311e-01 3.629204329999999867e-01
9.006311569999999600e-01 7.224142620000000292e-01 3.604807789999999734e-01
9.046035660000000256e-01 7.272797349999999827e-01 3.582218180000000252e-01
9.083813330000000130e-01 7.322520040000000119e-01 3.561391179999999768e-01
9.119853820000000111e-01 7.373201050000000034e-01 3.542286530000000044e-01
9.154339809999999522e-01 7.424748410000000520e-01 3.524788480000000113e-01
9.187436209999999548e-01 7.477078990000000092e-01 3.508790629999999910e-01
9.219298040000000194e-01 7.530113689999999860e-01 3.494216609999999945e-01
9.250041919999999473e-01 7.583796990000000182e-01 3.480917159999999955e-01
9.279785390000000467e-01 7.638070049999999833e-01 3.468810190000000127e-01
9.308615740000000249e-01 7.692891790000000451e-01 3.457771069999999725e-01
9.336622509999999986e-01 7.748218089999999725e-01 3.447724979999999828e-01
9.363880810000000388e-01 7.804012820000000294e-01 3.438591169999999919e-01
9.390445400000000387e-01 7.860251179999999671e-01 3.430269850000000065e-01
9.416381019999999769e-01 7.916901629999999468e-01 3.422709569999999868e-01
9.441728109999999452e-01 7.973946469999999564e-01 3.415825270000000247e-01
9.466521479999999711e-01 8.031370540000000169e-01 3.409540520000000074e-01
9.490798969999999501e-01 8.089156480000000427e-01 3.403801040000000167e-01
9.514609840000000096e-01 8.147280350000000171e-01 3.398585639999999741e-01
9.537953009999999843e-01 8.205746149999999517e-01 3.393789750000000272e-01
9.560882410000000053e-01 8.264527029999999552e-01 3.389420470000000241e-01
9.583400890000000061e-01 8.323624229999999624e-01 3.385400410000000138e-01
9.605521129999999852e-01 8.383033199999999630e-01 3.381678989999999940e-01
9.627283319999999645e-01 8.442734589999999484e-01 3.378257889999999874e-01
9.648691929999999584e-01 8.502728179999999858e-01 3.375083779999999978e-01
9.669753269999999956e-01 8.563012530000000400e-01 3.372112420000000221e-01
9.690480799999999784e-01 8.623582330000000296e-01 3.369315869999999769e-01
9.710885830000000052e-01 8.684433329999999840e-01 3.366666549999999813e-01
9.730977729999999992e-01 8.745562260000000476e-01 3.364137229999999978e-01
9.750763999999999543e-01 8.806966739999999572e-01 3.361700990000000000e-01
9.770250440000000092e-01 8.868645219999999885e-01 3.359331130000000054e-01
9.789441209999999449e-01 8.930596899999999616e-01 3.357001190000000190e-01
9.808339010000000080e-01 8.992821650000000222e-01 3.354684829999999840e-01
9.826945089999999938e-01 9.055319960000000057e-01 3.352355830000000037e-01
9.845284149999999901e-01 9.118080899999999600e-01 3.350023830000000147e-01
9.863346450000000099e-01 9.181110390000000177e-01 3.347649879999999856e-01
9.881119870000000249e-01 9.244415280000000124e-01 3.345193659999999847e-01
9.898600910000000530e-01 9.307998100000000052e-01 3.342628919999999781e-01
9.915835020000000055e-01 9.371838200000000008e-01 3.340000240000000065e-01
9.932781870000000346e-01 9.435955660000000522e-01 3.337231150000000146e-01
9.949426620000000332e-01 9.500358119999999795e-01 3.334283129999999762e-01
