0.000000000000000000e+00 0.000000000000000000e+00 0.000000000000000000e+00
3.209379930000000238e-04 2.050537319999999923e-04 1.876249150000000078e-04
1.154203599999999901e-03 6.980880530000000339e-04 6.313130770000000089e-04
2.469833829999999990e-03 1.421604830000000076e-03 1.271999019999999923e-03
4.264783389999999598e-03 2.347456850000000008e-03 2.080291069999999892e-03
6.542507989999999871e-03 3.456564169999999832e-03 3.036282610000000121e-03
9.309252880000000452e-03 4.734423009999999717e-03 4.124958179999999898e-03
1.257247159999999933e-02 6.169374410000000135e-03 5.334422539999999699e-03
1.634100770000000008e-02 7.751420910000000018e-03 6.654577509999999758e-03
2.062349689999999972e-02 9.472130929999999366e-03 8.077143650000000175e-03
2.543007510000000124e-02 1.132366980000000002e-02 9.594462329999999331e-03
3.076985980000000037e-02 1.329939249999999989e-02 1.120032340000000001e-02
3.665376020000000318e-02 1.539271459999999939e-02 1.288854130000000042e-02
4.299907129999999689e-02 1.759806900000000091e-02 1.465419559999999941e-02
4.934442879999999948e-02 1.990972939999999941e-02 1.649216590000000121e-02
5.565188279999999654e-02 2.232274529999999854e-02 1.839830539999999862e-02
6.192717400000000150e-02 2.483211849999999998e-02 2.036843279999999909e-02
6.817505079999999773e-02 2.743313290000000057e-02 2.239874650000000036e-02
7.439904499999999699e-02 3.012155659999999832e-02 2.448605510000000096e-02
8.060369389999999523e-02 3.289252869999999968e-02 2.662648839999999864e-02
8.679082300000000305e-02 3.574255400000000277e-02 2.881780009999999892e-02
9.296444600000000613e-02 3.866681450000000048e-02 3.105629420000000085e-02
9.912614379999999670e-02 4.163122190000000111e-02 3.333986609999999712e-02
1.052781430000000046e-01 4.452925419999999995e-02 3.566598449999999754e-02
1.114232940000000061e-01 4.736939500000000164e-02 3.803157869999999885e-02
1.175622689999999970e-01 5.015438829999999820e-02 4.043527300000000074e-02
1.236973660000000030e-01 5.288557509999999851e-02 4.279326399999999753e-02
1.298302540000000060e-01 5.556442899999999852e-02 4.510460589999999714e-02
1.359615859999999954e-01 5.819289109999999793e-02 4.737205259999999890e-02
1.420931840000000113e-01 6.077186209999999728e-02 4.959693800000000014e-02
1.482264839999999917e-01 6.330230470000000609e-02 5.178071189999999824e-02
1.543618659999999865e-01 6.578577310000000011e-02 5.392552850000000009e-02
1.605003889999999933e-01 6.822317449999999728e-02 5.603281119999999754e-02
1.666441039999999874e-01 7.061451620000000484e-02 5.810300520000000191e-02
1.727928860000000066e-01 7.296129880000000456e-02 6.013825550000000131e-02
1.789475769999999966e-01 7.526418640000000215e-02 6.213977889999999782e-02
1.851090079999999916e-01 7.752373819999999749e-02 6.410869760000000028e-02
1.912787320000000069e-01 7.973982890000000379e-02 6.604542619999999309e-02
1.974567979999999889e-01 8.191341940000000654e-02 6.795156659999999904e-02
2.036437919999999901e-01 8.404496810000000595e-02 6.982819210000000554e-02
2.098403859999999899e-01 8.613477939999999999e-02 7.167623210000000078e-02
2.160472210000000115e-01 8.818310320000000146e-02 7.349657960000000045e-02
2.222650519999999907e-01 9.019001549999999812e-02 7.528997319999999882e-02
2.284947159999999866e-01 9.215544239999999554e-02 7.705702920000000178e-02
2.347363160000000004e-01 9.407987389999999950e-02 7.879894440000000111e-02
2.409903840000000019e-01 9.596337180000000244e-02 8.051650570000000451e-02
2.472574329999999987e-01 9.780595559999999411e-02 8.221048079999999925e-02
2.535379540000000098e-01 9.960760389999999409e-02 8.388162130000000050e-02
2.598324180000000094e-01 1.013682560000000038e-01 8.553066530000000278e-02
2.661412770000000094e-01 1.030878130000000004e-01 8.715834029999999788e-02
2.724649639999999762e-01 1.047661409999999932e-01 8.876536490000000446e-02
2.788038970000000227e-01 1.064030680000000034e-01 9.035245199999999977e-02
2.851584750000000223e-01 1.079983880000000007e-01 9.192031059999999920e-02
2.915290810000000232e-01 1.095518619999999999e-01 9.346964800000000240e-02
2.979160829999999982e-01 1.110632180000000052e-01 9.500117230000000579e-02
3.043198309999999851e-01 1.125321509999999969e-01 9.651559440000000156e-02
3.107406609999999736e-01 1.139583239999999997e-01 9.801362980000000169e-02
3.171788939999999890e-01 1.153413689999999991e-01 9.949600120000000325e-02
3.236348600000000242e-01 1.166808619999999963e-01 1.009634189999999987e-01
3.301095379999999802e-01 1.179756369999999943e-01 1.024160479999999956e-01
3.366025870000000086e-01 1.192258689999999982e-01 1.038551639999999998e-01
3.431142640000000021e-01 1.204310630000000049e-01 1.052815359999999950e-01
3.496448140000000260e-01 1.215906949999999986e-01 1.066959549999999951e-01
3.561947990000000064e-01 1.227038359999999967e-01 1.080989509999999987e-01
3.627650330000000145e-01 1.237691959999999980e-01 1.094908609999999949e-01
3.693548810000000238e-01 1.247870779999999957e-01 1.108732270000000047e-01
3.759645750000000231e-01 1.257567699999999900e-01 1.122468850000000046e-01
3.825957939999999891e-01 1.266757799999999878e-01 1.136115119999999978e-01
3.892472160000000070e-01 1.275450899999999999e-01 1.149692499999999951e-01
3.959198420000000218e-01 1.283628769999999863e-01 1.163203679999999934e-01
4.026140269999999854e-01 1.291280069999999891e-01 1.176656900000000033e-01
4.093294379999999899e-01 1.298401399999999928e-01 1.190066129999999972e-01
4.160672180000000164e-01 1.304970099999999966e-01 1.203433909999999940e-01
4.228267310000000112e-01 1.310985269999999925e-01 1.216777170000000047e-01
4.296087659999999753e-01 1.316427029999999998e-01 1.230101990000000006e-01
4.364135550000000086e-01 1.321281669999999908e-01 1.243419250000000059e-01
4.432405970000000139e-01 1.325544650000000102e-01 1.256745860000000048e-01
4.500913699999999906e-01 1.329183449999999933e-01 1.270084069999999898e-01
4.569652849999999988e-01 1.332192769999999971e-01 1.283452459999999962e-01
4.638624040000000059e-01 1.334557510000000113e-01 1.296865160000000017e-01
4.707830519999999797e-01 1.336257630000000085e-01 1.310334940000000004e-01
4.777277429999999825e-01 1.337268920000000139e-01 1.323873929999999921e-01
4.846967240000000232e-01 1.337569449999999882e-01 1.337497059999999960e-01
4.916898199999999997e-01 1.337142309999999890e-01 1.351223079999999965e-01
4.987072149999999815e-01 1.335963639999999952e-01 1.365069060000000112e-01
5.057490449999999527e-01 1.334008580000000110e-01 1.379053389999999879e-01
5.128154379999999568e-01 1.331250459999999969e-01 1.393195610000000084e-01
5.199070989999999837e-01 1.327650780000000086e-01 1.407512720000000106e-01
5.270235100000000283e-01 1.323188949999999919e-01 1.422031239999999863e-01
5.341645520000000147e-01 1.317835699999999888e-01 1.436776409999999948e-01
5.413304150000000092e-01 1.311553669999999949e-01 1.451773090000000044e-01
5.485218880000000130e-01 1.304291109999999865e-01 1.467044489999999868e-01
5.557375270000000089e-01 1.296033689999999960e-01 1.482629520000000034e-01
5.629789290000000168e-01 1.286706880000000053e-01 1.498551180000000094e-01
5.702446989999999660e-01 1.276288160000000060e-01 1.514852780000000010e-01
5.775348350000000242e-01 1.264724339999999947e-01 1.531572320000000043e-01
5.848496010000000522e-01 1.251950960000000057e-01 1.548749990000000132e-01
5.921885639999999729e-01 1.237911369999999955e-01 1.566433710000000035e-01
5.995509719999999598e-01 1.222549349999999951e-01 1.584677349999999985e-01
6.069368859999999533e-01 1.205783190000000032e-01 1.603536150000000049e-01
6.143451340000000149e-01 1.187549680000000024e-01 1.623077109999999934e-01
6.217742779999999581e-01 1.167783520000000019e-01 1.643374870000000043e-01
6.292245810000000050e-01 1.146366739999999940e-01 1.664506030000000025e-01
6.366933689999999535e-01 1.123240509999999942e-01 1.686568059999999925e-01
6.441793249999999693e-01 1.098298899999999995e-01 1.709665150000000133e-01
6.516803089999999576e-01 1.071440619999999982e-01 1.733918680000000045e-01
6.591931340000000139e-01 1.042575790000000030e-01 1.759470039999999902e-01
6.667141119999999699e-01 1.011610530000000008e-01 1.786482829999999911e-01
6.742383100000000073e-01 9.784686550000000482e-02 1.815149110000000010e-01
6.817599300000000140e-01 9.430810130000000235e-02 1.845695639999999915e-01
6.892703270000000160e-01 9.054563660000000680e-02 1.878392520000000121e-01
6.967581379999999713e-01 8.656946860000000465e-02 1.913561229999999891e-01
7.042087040000000187e-01 8.240326239999999636e-02 1.951587069999999868e-01
7.116014910000000304e-01 7.809905409999999548e-02 1.992927600000000132e-01
7.189091920000000302e-01 7.374952889999999983e-02 2.038123049999999992e-01
7.260936080000000015e-01 6.952010000000000134e-02 2.087780320000000023e-01
7.331049120000000530e-01 6.567265519999999912e-02 2.142547449999999964e-01
7.398783749999999770e-01 6.260442360000000039e-02 2.202995570000000070e-01
7.463395010000000163e-01 6.082966549999999778e-02 2.269459100000000007e-01
7.524146139999999816e-01 6.088784209999999891e-02 2.341793420000000125e-01
7.580505709999999508e-01 6.314629870000000589e-02 2.419249749999999866e-01
7.632309969999999666e-01 6.762798459999999623e-02 2.500585770000000041e-01
7.679777970000000176e-01 7.401466830000000274e-02 2.584406120000000140e-01
7.723377099999999551e-01 8.181696939999999474e-02 2.669497539999999836e-01
7.763657569999999897e-01 9.055391329999999683e-02 2.754966130000000013e-01
7.801136130000000390e-01 9.984508620000000223e-02 2.840245960000000180e-01
7.836255899999999830e-01 1.094223809999999991e-01 2.924988749999999915e-01
7.869371050000000256e-01 1.191112589999999971e-01 3.009017540000000213e-01
7.900766740000000343e-01 1.288014869999999923e-01 3.092234429999999867e-01
7.930666140000000031e-01 1.384270320000000054e-01 3.174605010000000060e-01
7.959244149999999962e-01 1.479502629999999985e-01 3.256130329999999962e-01
7.986644680000000163e-01 1.573502069999999919e-01 3.336818779999999873e-01
8.012979839999999632e-01 1.666179309999999969e-01 3.416697619999999880e-01
8.038346210000000269e-01 1.757502230000000110e-01 3.495787859999999747e-01
8.062818880000000021e-01 1.847490740000000131e-01 3.574121809999999955e-01
8.086465099999999850e-01 1.936180150000000044e-01 3.651723110000000272e-01
8.109338329999999928e-01 2.023626580000000008e-01 3.728620750000000150e-01
8.131487059999999989e-01 2.109887900000000094e-01 3.804837449999999843e-01
8.152952260000000395e-01 2.195026850000000029e-01 3.880396119999999782e-01
8.173768839999999702e-01 2.279107569999999916e-01 3.955319139999999845e-01
8.193973599999999635e-01 2.362183529999999920e-01 4.029619110000000060e-01
8.213589110000000248e-01 2.444321949999999910e-01 4.103321389999999846e-01
8.232646660000000338e-01 2.525570070000000000e-01 4.176434909999999778e-01
8.251165070000000545e-01 2.605986339999999957e-01 4.248979869999999770e-01
8.269167290000000170e-01 2.685617249999999734e-01 4.320967669999999927e-01
8.286675359999999824e-01 2.764505340000000255e-01 4.392407999999999868e-01
8.303706180000000048e-01 2.842694969999999821e-01 4.463313780000000008e-01
8.320276460000000096e-01 2.920226140000000137e-01 4.533695839999999921e-01
8.336402830000000375e-01 2.997134870000000006e-01 4.603563130000000170e-01
8.352102200000000032e-01 3.073453420000000214e-01 4.672922899999999991e-01
8.367387240000000448e-01 3.149215630000000155e-01 4.741785139999999954e-01
8.382271220000000467e-01 3.224451629999999791e-01 4.810157950000000238e-01
8.396767219999999865e-01 3.299189009999999866e-01 4.878048500000000121e-01
8.410892700000000000e-01 3.373448339999999823e-01 4.945459349999999921e-01
8.424654019999999743e-01 3.447259859999999843e-01 5.012401939999999723e-01
8.438067399999999996e-01 3.520641339999999730e-01 5.078878519999999730e-01
8.451141789999999654e-01 3.593616330000000136e-01 5.144896869999999733e-01
8.463891110000000273e-01 3.666201669999999968e-01 5.210460209999999703e-01
8.476322880000000115e-01 3.738419040000000027e-01 5.275576299999999996e-01
8.488453599999999932e-01 3.810280059999999747e-01 5.340245719999999752e-01
8.500288860000000390e-01 3.881805569999999816e-01 5.404476820000000403e-01
8.511840349999999500e-01 3.953009370000000189e-01 5.468273080000000119e-01
8.523121750000000052e-01 4.023902589999999724e-01 5.531636500000000067e-01
8.534139950000000363e-01 4.094501509999999844e-01 5.594573459999999665e-01
8.544905520000000143e-01 4.164818189999999754e-01 5.657087600000000327e-01
8.555428889999999731e-01 4.234864039999999830e-01 5.719182499999999614e-01
8.565721880000000121e-01 4.304648589999999775e-01 5.780860759999999487e-01
8.575793250000000034e-01 4.374183340000000197e-01 5.842126779999999853e-01
8.585652590000000250e-01 4.443478370000000233e-01 5.902984249999999600e-01
8.595309979999999905e-01 4.512542869999999762e-01 5.963436500000000029e-01
8.604775409999999569e-01 4.581385539999999756e-01 6.023486810000000524e-01
8.614058860000000095e-01 4.650014639999999755e-01 6.083138439999999925e-01
8.623170270000000137e-01 4.718438019999999788e-01 6.142394580000000159e-01
8.632119569999999742e-01 4.786663130000000099e-01 6.201258379999999848e-01
8.640916699999999784e-01 4.854697060000000008e-01 6.259732959999999569e-01
8.649571600000000027e-01 4.922546549999999854e-01 6.317821380000000486e-01
8.658094240000000497e-01 4.990218009999999871e-01 6.375526670000000173e-01
8.666494630000000088e-01 5.057717539999999623e-01 6.432851830000000382e-01
8.674782810000000177e-01 5.125050949999999661e-01 6.489799819999999553e-01
8.682968859999999900e-01 5.192223780000000399e-01 6.546373559999999481e-01
8.691062929999999742e-01 5.259241289999999625e-01 6.602575929999999760e-01
8.699075229999999603e-01 5.326108529999999952e-01 6.658409800000000267e-01
8.707016020000000189e-01 5.392830280000000531e-01 6.713877990000000073e-01
8.714895660000000488e-01 5.459411119999999507e-01 6.768983299999999925e-01
8.722724649999999968e-01 5.525855379999999872e-01 6.823728489999999480e-01
8.730514010000000047e-01 5.592166899999999607e-01 6.878116130000000439e-01
8.738273699999999922e-01 5.658350090000000554e-01 6.932149170000000415e-01
8.746014429999999784e-01 5.724408760000000429e-01 6.985830290000000220e-01
8.753746980000000066e-01 5.790346549999999537e-01 7.039162159999999835e-01
8.761482259999999744e-01 5.856166940000000487e-01 7.092147429999999808e-01
8.769231290000000234e-01 5.921873269999999856e-01 7.144788709999999599e-01
8.777005260000000364e-01 5.987468660000000442e-01 7.197088579999999514e-01
8.784815679999999904e-01 6.052956010000000164e-01 7.249049570000000164e-01
8.792673469999999769e-01 6.118338500000000124e-01 7.300674339999999596e-01
8.800590160000000273e-01 6.183618889999999979e-01 7.351965400000000095e-01
8.808577370000000295e-01 6.248799839999999994e-01 7.402925259999999508e-01
8.816646900000000286e-01 6.313883869999999954e-01 7.453556399999999860e-01
8.824810709999999503e-01 6.378873379999999704e-01 7.503861269999999584e-01
8.833080819999999944e-01 6.443770709999999680e-01 7.553842320000000443e-01
8.841469360000000499e-01 6.508578090000000094e-01 7.603501980000000326e-01
8.849988749999999627e-01 6.573297609999999569e-01 7.652842629999999646e-01
8.858651539999999880e-01 6.637931230000000404e-01 7.701866640000000208e-01
8.867470499999999811e-01 6.702480840000000217e-01 7.750576350000000225e-01
8.876458360000000214e-01 6.766948280000000260e-01 7.798974109999999849e-01
8.885628249999999451e-01 6.831335229999999648e-01 7.847062209999999816e-01
8.894993580000000177e-01 6.895643190000000367e-01 7.894842909999999492e-01
8.904567860000000001e-01 6.959873629999999700e-01 7.942318470000000463e-01
8.914364839999999734e-01 7.024027880000000001e-01 7.989491130000000441e-01
8.924398500000000345e-01 7.088107209999999769e-01 8.036363109999999921e-01
8.934682659999999554e-01 7.152112929999999702e-01 8.082936609999999966e-01
8.945231919999999670e-01 7.216046019999999839e-01 8.129213790000000550e-01
8.956061149999999804e-01 7.279907300000000303e-01 8.175196820000000253e-01
8.967185319999999571e-01 7.343697580000000391e-01 8.220887850000000441e-01
8.978619709999999809e-01 7.407417549999999462e-01 8.266288999999999998e-01
8.990379880000000101e-01 7.471067780000000269e-01 8.311402420000000291e-01
9.002481709999999859e-01 7.534648699999999533e-01 8.356230230000000203e-01
9.014941400000000549e-01 7.598160619999999588e-01 8.400774530000000295e-01
9.027775030000000367e-01 7.661603949999999941e-01 8.445037429999999734e-01
9.041000070000000388e-01 7.724978439999999891e-01 8.489021079999999886e-01
9.054633890000000074e-01 7.788283929999999522e-01 8.532727620000000179e-01
9.068694280000000330e-01 7.851520090000000396e-01 8.576159220000000305e-01
9.083199530000000133e-01 7.914686420000000000e-01 8.619318080000000215e-01
9.098168380000000166e-01 7.977782209999999541e-01 8.662206449999999558e-01
9.113620140000000536e-01 8.040806520000000068e-01 8.704826610000000464e-01
9.129574719999999921e-01 8.103758199999999690e-01 8.747180940000000016e-01
9.146052649999999451e-01 8.166635819999999990e-01 8.789271880000000259e-01
9.163075179999999875e-01 8.229437680000000199e-01 8.831102010000000391e-01
9.180664320000000433e-01 8.292161759999999715e-01 8.872674050000000090e-01
9.198842969999999619e-01 8.354805680000000345e-01 8.913990880000000061e-01
9.217634940000000165e-01 8.417366680000000212e-01 8.955055610000000055e-01
9.237065129999999513e-01 8.479841519999999910e-01 8.995871640000000502e-01
9.257159649999999740e-01 8.542226510000000550e-01 9.036442740000000251e-01
9.277945930000000008e-01 8.604517339999999681e-01 9.076773110000000422e-01
9.299452950000000051e-01 8.666709059999999631e-01 9.116867539999999881e-01
9.321711049999999998e-01 8.728796140000000259e-01 9.156731489999999640e-01
9.344752670000000538e-01 8.790772089999999706e-01 9.196371380000000206e-01
9.368613239999999953e-01 8.852629079999999595e-01 9.235795239999999851e-01
9.393330220000000175e-01 8.914358329999999553e-01 9.275012719999999877e-01
9.418943929999999964e-01 8.975949699999999920e-01 9.314035830000000349e-01
9.445497790000000338e-01 9.037391500000000466e-01 9.352879899999999580e-01
9.473037469999999738e-01 9.098670770000000241e-01 9.391564220000000462e-01
9.501613599999999549e-01 9.159771829999999726e-01 9.430115270000000161e-01
9.531279070000000520e-01 9.220677250000000047e-01 9.468568240000000413e-01
9.562087390000000298e-01 9.281368150000000039e-01 9.506970599999999827e-01
9.594088120000000552e-01 9.341825569999999690e-01 9.545386049999999845e-01
9.627324630000000383e-01 9.402030470000000140e-01 9.583903299999999570e-01
9.661817729999999660e-01 9.461969780000000219e-01 9.622639990000000365e-01
9.697546649999999602e-01 9.521643520000000471e-01 9.661747090000000204e-01
9.734426080000000425e-01 9.581073700000000137e-01 9.701409269999999863e-01
9.772270549999999556e-01 9.640320660000000208e-01 9.741821870000000327e-01
9.810777189999999592e-01 9.699494140000000098e-01 9.783146790000000204e-01
9.849543160000000519e-01 9.758753000000000011e-01 9.825443910000000169e-01
9.888132640000000251e-01 9.818284910000000254e-01 9.868606149999999966e-01
9.926184430000000170e-01 9.878264289999999503e-01 9.912352389999999902e-01
9.963487269999999896e-01 9.938816489999999781e-01 9.956286640000000521e-01
1.000000000000000000e+00 1.000000000000000000e+00 1.000000000000000000e+00
