1.526956600000000108e-01 1.594210000000000071e-02 6.988880999999999566e-02
1.582521799999999923e-01 1.698612999999999859e-02 7.448609999999999953e-02
1.638155900000000109e-01 1.801391000000000103e-02 7.904903000000000624e-02
1.693882399999999955e-01 1.902024000000000076e-02 8.357670000000000377e-02
1.749722700000000131e-01 2.000000000000000042e-02 8.806795000000000595e-02
1.805693300000000001e-01 2.094854000000000160e-02 9.252114999999999645e-02
1.861812499999999926e-01 2.186079000000000147e-02 9.693475000000000008e-02
1.918096400000000035e-01 2.273183999999999969e-02 1.013069399999999981e-01
1.974557100000000065e-01 2.355733999999999953e-02 1.056354600000000005e-01
2.031208599999999864e-01 2.433246999999999841e-02 1.099181199999999942e-01
2.088064699999999940e-01 2.505241000000000065e-02 1.141525399999999968e-01
2.145133100000000126e-01 2.571326000000000167e-02 1.183358199999999943e-01
2.202423199999999914e-01 2.631087000000000009e-02 1.224650300000000025e-01
2.259942600000000024e-01 2.684138999999999969e-02 1.265369699999999986e-01
2.317697300000000071e-01 2.730126000000000080e-02 1.305482199999999926e-01
2.375691799999999909e-01 2.768730999999999970e-02 1.344951100000000010e-01
2.433932199999999935e-01 2.799613999999999922e-02 1.383738599999999874e-01
2.492417100000000052e-01 2.822590000000000168e-02 1.421802299999999908e-01
2.551145100000000165e-01 2.837494999999999948e-02 1.459098699999999971e-01
2.610118900000000242e-01 2.844102999999999909e-02 1.495583500000000066e-01
2.669329100000000232e-01 2.842451000000000005e-02 1.531208300000000133e-01
2.728775099999999898e-01 2.832433000000000173e-02 1.565924700000000114e-01
2.788444299999999765e-01 2.814219999999999916e-02 1.599681900000000101e-01
2.848327399999999732e-01 2.787954999999999947e-02 1.632428599999999896e-01
2.908413400000000038e-01 2.753848999999999880e-02 1.664112399999999881e-01
2.968685400000000141e-01 2.712298000000000139e-02 1.694681000000000104e-01
3.029125200000000184e-01 2.663768999999999859e-02 1.724082500000000129e-01
3.089712199999999909e-01 2.608836000000000141e-02 1.752266000000000101e-01
3.150423900000000055e-01 2.548173999999999925e-02 1.779182300000000105e-01
3.211234800000000167e-01 2.482581999999999844e-02 1.804784799999999967e-01
3.272115400000000229e-01 2.413012999999999963e-02 1.829030700000000009e-01
3.333034999999999748e-01 2.340514000000000136e-02 1.851881700000000130e-01
3.393963799999999975e-01 2.266162000000000037e-02 1.873302699999999932e-01
3.454864300000000110e-01 2.191285999999999928e-02 1.893267800000000001e-01
3.515703800000000157e-01 2.117155999999999899e-02 1.911754200000000126e-01
3.576443799999999840e-01 2.045243000000000061e-02 1.928749899999999962e-01
3.637049099999999924e-01 1.976980000000000057e-02 1.944247299999999901e-01
3.697482400000000058e-01 1.913909999999999917e-02 1.958249300000000082e-01
3.757707699999999762e-01 1.857585000000000139e-02 1.970765800000000012e-01
3.817690400000000039e-01 1.809548000000000059e-02 1.981814600000000037e-01
3.877397399999999994e-01 1.771346999999999852e-02 1.991420899999999938e-01
3.936797300000000055e-01 1.744507000000000002e-02 1.999617700000000109e-01
3.995861499999999733e-01 1.730502999999999902e-02 2.006443900000000058e-01
4.054563999999999946e-01 1.730755999999999961e-02 2.011943499999999940e-01
4.112881400000000243e-01 1.746624999999999914e-02 2.016165900000000122e-01
4.170793400000000206e-01 1.779394999999999935e-02 2.019163599999999892e-01
4.228282800000000008e-01 1.830274000000000137e-02 2.020992000000000066e-01
4.285335100000000064e-01 1.900390999999999886e-02 2.021708100000000063e-01
4.341938499999999923e-01 1.990799999999999861e-02 2.021370299999999953e-01
4.398083899999999935e-01 2.102481000000000141e-02 2.020037299999999925e-01
4.453765000000000085e-01 2.236329000000000095e-02 2.017766000000000004e-01
4.508977200000000018e-01 2.393183999999999936e-02 2.014613299999999940e-01
4.563717500000000205e-01 2.573831999999999856e-02 2.010635799999999918e-01
4.617986000000000035e-01 2.778978000000000004e-02 2.005884500000000015e-01
4.671782600000000119e-01 3.009310000000000110e-02 2.000412900000000105e-01
4.725109699999999746e-01 3.265446999999999794e-02 1.994267799999999979e-01
4.777969899999999770e-01 3.547995000000000315e-02 1.987497099999999961e-01
4.830367500000000147e-01 3.857508999999999938e-02 1.980142699999999922e-01
4.882306299999999988e-01 4.190477000000000091e-02 1.972248400000000124e-01
4.933792000000000177e-01 4.533361000000000335e-02 1.963850099999999987e-01
4.984829499999999802e-01 4.885559999999999903e-02 1.954985499999999932e-01
5.035424499999999748e-01 5.246015999999999874e-02 1.945689100000000116e-01
5.085582899999999684e-01 5.613793999999999729e-02 1.935990800000000067e-01
5.135310600000000392e-01 5.988082000000000127e-02 1.925920299999999974e-01
5.184613399999999928e-01 6.368174999999999530e-02 1.915505200000000019e-01
5.233496800000000393e-01 6.753460999999999492e-02 1.904772499999999869e-01
5.281966799999999740e-01 7.143405999999999367e-02 1.893744400000000050e-01
5.330028700000000175e-01 7.537552000000000141e-02 1.882442900000000086e-01
5.377688099999999860e-01 7.935504999999999642e-02 1.870888800000000129e-01
5.424949799999999600e-01 8.336925000000000585e-02 1.859101099999999895e-01
5.471818699999999591e-01 8.741519999999999846e-02 1.847097699999999953e-01
5.518299500000000135e-01 9.149039999999999950e-02 1.834895199999999893e-01
5.564396400000000131e-01 9.559270999999999741e-02 1.822509300000000054e-01
5.610113500000000197e-01 9.972029999999999783e-02 1.809955400000000103e-01
5.655454500000000051e-01 1.038716199999999978e-01 1.797246999999999872e-01
5.700422800000000123e-01 1.080453499999999983e-01 1.784396500000000052e-01
5.745021799999999734e-01 1.122403899999999954e-01 1.771416199999999996e-01
5.789254299999999631e-01 1.164558100000000068e-01 1.758317500000000089e-01
5.833122699999999661e-01 1.206908099999999956e-01 1.745113699999999990e-01
5.876629599999999565e-01 1.249447699999999967e-01 1.731814000000000131e-01
5.919776900000000008e-01 1.292171599999999976e-01 1.718428200000000072e-01
5.962566400000000044e-01 1.335075500000000026e-01 1.704967799999999867e-01
6.004999500000000046e-01 1.378156000000000103e-01 1.691442499999999960e-01
6.047077499999999883e-01 1.421410899999999977e-01 1.677860499999999921e-01
6.088801400000000141e-01 1.464837700000000131e-01 1.664233900000000044e-01
6.130171800000000504e-01 1.508435599999999877e-01 1.650570100000000040e-01
6.171189200000000152e-01 1.552203500000000069e-01 1.636879699999999882e-01
6.211853699999999590e-01 1.596141100000000035e-01 1.623172499999999963e-01
6.252165400000000428e-01 1.640248599999999946e-01 1.609457400000000038e-01
6.292123899999999548e-01 1.684525900000000131e-01 1.595745899999999884e-01
6.331728599999999485e-01 1.728974299999999908e-01 1.582046699999999917e-01
6.370978899999999445e-01 1.773594000000000004e-01 1.568371899999999874e-01
6.409873699999999452e-01 1.818386700000000078e-01 1.554731500000000044e-01
6.448411800000000138e-01 1.863353399999999882e-01 1.541137599999999885e-01
6.486591900000000521e-01 1.908495500000000067e-01 1.527602100000000074e-01
6.524412099999999937e-01 1.953814899999999910e-01 1.514137299999999964e-01
6.561870899999999729e-01 1.999312799999999890e-01 1.500757600000000025e-01
6.598965799999999549e-01 2.044991600000000131e-01 1.487475500000000062e-01
6.635695000000000343e-01 2.090852599999999950e-01 1.474307499999999993e-01
6.672055700000000256e-01 2.136898100000000078e-01 1.461268400000000078e-01
6.708045299999999544e-01 2.183130100000000018e-01 1.448375000000000079e-01
6.743661100000000186e-01 2.229550200000000038e-01 1.435646100000000092e-01
6.778899900000000533e-01 2.276160899999999931e-01 1.423099600000000131e-01
6.813758500000000051e-01 2.322963899999999915e-01 1.410756300000000074e-01
6.848233700000000423e-01 2.369961399999999940e-01 1.398638000000000103e-01
6.882321700000000320e-01 2.417155400000000065e-01 1.386766899999999914e-01
6.916018800000000022e-01 2.464547800000000122e-01 1.375168200000000118e-01
6.949321299999999813e-01 2.512140600000000168e-01 1.363867699999999905e-01
6.982224900000000289e-01 2.559935799999999984e-01 1.352892800000000117e-01
7.014725499999999725e-01 2.607935100000000062e-01 1.342273400000000005e-01
7.046818700000000435e-01 2.656140399999999957e-01 1.332040700000000077e-01
7.078500100000000295e-01 2.704553499999999833e-01 1.322227500000000000e-01
7.109764899999999610e-01 2.753175900000000009e-01 1.312869100000000067e-01
7.140608600000000195e-01 2.802009200000000200e-01 1.304002599999999901e-01
7.171026200000000239e-01 2.851054900000000170e-01 1.295667100000000016e-01
7.201012700000000155e-01 2.900314299999999790e-01 1.287903499999999979e-01
7.230563100000000354e-01 2.949788700000000041e-01 1.280755399999999877e-01
7.259672299999999634e-01 2.999478999999999895e-01 1.274267600000000000e-01
7.288335099999999622e-01 3.049386399999999830e-01 1.268487399999999876e-01
7.316546200000000333e-01 3.099511500000000086e-01 1.263463900000000029e-01
7.344300299999999559e-01 3.149855100000000241e-01 1.259247900000000087e-01
7.371592200000000039e-01 3.200417400000000190e-01 1.255892000000000119e-01
7.398416500000000173e-01 3.251198800000000277e-01 1.253450100000000067e-01
7.424767899999999976e-01 3.302199399999999896e-01 1.251977700000000138e-01
7.450641300000000466e-01 3.353418799999999811e-01 1.251530899999999946e-01
7.476031499999999941e-01 3.404856700000000180e-01 1.252167100000000088e-01
7.500933300000000026e-01 3.456512500000000210e-01 1.253943600000000103e-01
7.525341899999999917e-01 3.508385099999999923e-01 1.256918200000000096e-01
7.549252499999999921e-01 3.560473299999999952e-01 1.261148400000000058e-01
7.572660300000000344e-01 3.612775599999999976e-01 1.266690799999999895e-01
7.595561199999999458e-01 3.665290099999999884e-01 1.273601299999999881e-01
7.617950999999999473e-01 3.718014499999999778e-01 1.281934000000000129e-01
7.639825799999999667e-01 3.770946399999999810e-01 1.291741399999999929e-01
7.661182100000000217e-01 3.824082799999999893e-01 1.303073399999999937e-01
7.682016999999999873e-01 3.877420300000000153e-01 1.315977399999999908e-01
7.702327700000000110e-01 3.930955199999999761e-01 1.330497700000000116e-01
7.722112199999999760e-01 3.984683299999999817e-01 1.346675099999999903e-01
7.741368699999999770e-01 4.038600099999999915e-01 1.364546899999999896e-01
7.760096199999999556e-01 4.092700400000000016e-01 1.384146300000000107e-01
7.778294500000000333e-01 4.146978700000000240e-01 1.405502399999999930e-01
7.795963700000000385e-01 4.201428999999999858e-01 1.428639999999999910e-01
7.813104899999999686e-01 4.256044999999999967e-01 1.453579500000000135e-01
7.829720100000000516e-01 4.310819300000000021e-01 1.480337100000000128e-01
7.845811900000000394e-01 4.365744699999999923e-01 1.508924199999999993e-01
7.861383800000000255e-01 4.420813199999999998e-01 1.539348399999999895e-01
7.876440599999999792e-01 4.476016299999999726e-01 1.571612500000000023e-01
7.890987900000000499e-01 4.531344900000000009e-01 1.605715500000000073e-01
7.905032100000000117e-01 4.586789900000000086e-01 1.641652399999999901e-01
7.918580899999999589e-01 4.642341400000000173e-01 1.679414499999999921e-01
7.931643699999999519e-01 4.697988399999999953e-01 1.718989400000000001e-01
7.944229900000000510e-01 4.753720900000000249e-01 1.760361300000000129e-01
7.956350500000000103e-01 4.809527800000000242e-01 1.803511700000000051e-01
7.968017899999999543e-01 4.865397499999999931e-01 1.848418699999999915e-01
7.979246399999999628e-01 4.921317700000000239e-01 1.895057500000000006e-01
7.990049599999999863e-01 4.977277099999999899e-01 1.943401600000000118e-01
8.000443200000000310e-01 5.033263399999999832e-01 1.993421800000000077e-01
8.010444100000000400e-01 5.089264199999999905e-01 2.045086899999999930e-01
8.020070099999999647e-01 5.145267199999999930e-01 2.098364000000000062e-01
8.029341300000000237e-01 5.201258899999999796e-01 2.153217199999999942e-01
8.038276600000000549e-01 5.257227599999999557e-01 2.209610899999999989e-01
8.046896700000000235e-01 5.313160900000000186e-01 2.267507699999999904e-01
8.055223200000000139e-01 5.369046400000000441e-01 2.326868699999999901e-01
8.063278299999999676e-01 5.424872099999999975e-01 2.387654300000000007e-01
8.071085099999999457e-01 5.480626100000000056e-01 2.449823700000000049e-01
8.078667000000000487e-01 5.536296800000000129e-01 2.513335800000000009e-01
8.086048099999999517e-01 5.591873200000000432e-01 2.578148800000000240e-01
8.093252600000000463e-01 5.647344399999999487e-01 2.644220700000000090e-01
8.100304999999999866e-01 5.702700299999999833e-01 2.711509200000000175e-01
8.107229900000000322e-01 5.757931099999999969e-01 2.779972099999999946e-01
8.114051799999999481e-01 5.813027699999999687e-01 2.849567299999999914e-01
8.120797199999999494e-01 5.867980600000000102e-01 2.920250899999999872e-01
8.127490800000000126e-01 5.922781499999999477e-01 2.991980599999999879e-01
8.134155199999999475e-01 5.977424099999999463e-01 3.064717299999999978e-01
8.140813700000000264e-01 6.031901800000000202e-01 3.138420800000000233e-01
8.147492600000000307e-01 6.086207099999999537e-01 3.213047800000000120e-01
8.154216699999999873e-01 6.140333799999999620e-01 3.288556899999999783e-01
8.161003599999999691e-01 6.194279499999999494e-01 3.364915700000000176e-01
8.167881700000000356e-01 6.248036799999999724e-01 3.442078399999999871e-01
8.174869500000000455e-01 6.301603700000000252e-01 3.520012100000000088e-01
8.181988500000000331e-01 6.354976700000000145e-01 3.598679799999999762e-01
8.189261100000000404e-01 6.408152599999999977e-01 3.678043999999999758e-01
8.196706000000000270e-01 6.461129700000000087e-01 3.758071599999999735e-01
8.204341099999999942e-01 6.513907199999999786e-01 3.838731300000000068e-01
8.212190900000000404e-01 6.566481499999999860e-01 3.919982300000000031e-01
8.220265599999999617e-01 6.618855399999999944e-01 4.001804199999999812e-01
8.228587000000000540e-01 6.671026700000000087e-01 4.084159900000000065e-01
8.237174400000000229e-01 6.722994899999999996e-01 4.167016299999999895e-01
8.246038399999999768e-01 6.774762699999999915e-01 4.250352499999999756e-01
8.255194900000000224e-01 6.826330900000000534e-01 4.334140100000000162e-01
8.264659399999999545e-01 6.877700700000000111e-01 4.418351600000000046e-01
8.274448399999999593e-01 6.928872799999999943e-01 4.502957399999999999e-01
8.284574700000000291e-01 6.979849399999999982e-01 4.587933699999999781e-01
8.295048999999999895e-01 7.030633800000000155e-01 4.673259799999999742e-01
8.305883699999999648e-01 7.081228299999999809e-01 4.758912699999999774e-01
8.317090499999999498e-01 7.131635699999999689e-01 4.844870399999999799e-01
8.328680099999999920e-01 7.181859200000000332e-01 4.931111899999999770e-01
8.340662899999999880e-01 7.231901899999999550e-01 5.017617300000000169e-01
8.353050300000000039e-01 7.281766800000000206e-01 5.104364700000000310e-01
8.365853300000000159e-01 7.331456899999999610e-01 5.191332100000000116e-01
8.379077900000000412e-01 7.380976799999999782e-01 5.278507000000000060e-01
8.392731700000000128e-01 7.430330600000000230e-01 5.365873199999999787e-01
8.406822099999999853e-01 7.479522499999999852e-01 5.453415600000000030e-01
8.421358799999999478e-01 7.528555700000000295e-01 5.541114200000000212e-01
8.436354000000000353e-01 7.577432899999999583e-01 5.628944399999999959e-01
8.451805900000000094e-01 7.626160800000000295e-01 5.716907300000000358e-01
8.467721799999999854e-01 7.674743299999999824e-01 5.804987099999999733e-01
8.484118099999999885e-01 7.723181799999999653e-01 5.893150499999999514e-01
8.500987199999999744e-01 7.771484400000000514e-01 5.981409800000000443e-01
8.518344199999999811e-01 7.819652700000000456e-01 6.069733400000000278e-01
8.536189800000000272e-01 7.867692400000000363e-01 6.158118000000000203e-01
8.554530000000000189e-01 7.915607399999999849e-01 6.246549599999999813e-01
8.573370799999999736e-01 7.963401900000000033e-01 6.335013699999999526e-01
8.592715699999999845e-01 8.011080400000000212e-01 6.423501200000000244e-01
8.612568200000000340e-01 8.058647399999999683e-01 6.512003100000000044e-01
8.632937200000000422e-01 8.106106199999999484e-01 6.600498399999999988e-01
8.653817499999999496e-01 8.153463300000000080e-01 6.688996999999999860e-01
8.675226999999999800e-01 8.200719499999999940e-01 6.777457999999999538e-01
8.697158299999999675e-01 8.247881599999999924e-01 6.865896000000000221e-01
8.719615200000000454e-01 8.294953800000000044e-01 6.954301800000000089e-01
8.742613299999999477e-01 8.341937499999999561e-01 7.042638599999999638e-01
8.766145899999999713e-01 8.388838899999999654e-01 7.130920800000000170e-01
8.790217700000000356e-01 8.435661800000000543e-01 7.219137700000000102e-01
8.814835199999999649e-01 8.482409300000000041e-01 7.307273399999999475e-01
8.840007500000000018e-01 8.529084200000000004e-01 7.395306799999999958e-01
8.865733000000000086e-01 8.575691100000000233e-01 7.483242700000000136e-01
8.892017300000000235e-01 8.622233200000000153e-01 7.571069599999999955e-01
8.918866199999999633e-01 8.668713399999999902e-01 7.658776099999999865e-01
8.946285899999999458e-01 8.715134599999999621e-01 7.746350400000000525e-01
8.974284399999999939e-01 8.761499000000000370e-01 7.833777800000000235e-01
9.002870499999999776e-01 8.807808900000000385e-01 7.921042200000000255e-01
9.032049800000000461e-01 8.854066499999999618e-01 8.008137899999999698e-01
9.061832199999999560e-01 8.900273399999999446e-01 8.095050799999999880e-01
9.092228799999999556e-01 8.946430499999999952e-01 8.181765600000000527e-01
9.123252699999999660e-01 8.992538300000000318e-01 8.268265500000000490e-01
9.154918899999999748e-01 9.038596399999999642e-01 8.354531699999999672e-01
9.187245400000000339e-01 9.084603700000000170e-01 8.440542800000000456e-01
9.220253200000000371e-01 9.130558199999999625e-01 8.526274400000000142e-01
9.253967400000000509e-01 9.176456699999999689e-01 8.611697299999999666e-01
9.288418299999999794e-01 9.222294500000000061e-01 8.696776699999999583e-01
9.323641799999999868e-01 9.268065500000000068e-01 8.781469800000000214e-01
9.359680999999999695e-01 9.313761900000000482e-01 8.865723300000000195e-01
9.396588399999999952e-01 9.359374299999999591e-01 8.949463500000000016e-01
9.434422799999999665e-01 9.404891899999999749e-01 9.032605799999999796e-01
9.473250800000000416e-01 9.450303599999999582e-01 9.115040599999999493e-01
9.513144100000000547e-01 9.495599799999999702e-01 9.196623000000000436e-01
9.554170300000000005e-01 9.540776800000000391e-01 9.277167600000000292e-01
9.596375799999999900e-01 9.585843699999999634e-01 9.356447100000000461e-01
9.639756900000000517e-01 9.630832700000000468e-01 9.434201300000000234e-01
9.684221400000000424e-01 9.675812099999999694e-01 9.510159700000000438e-01
9.729546599999999712e-01 9.720891200000000287e-01 9.584152000000000227e-01
9.775377899999999620e-01 9.766215099999999705e-01 9.656162700000000543e-01
9.821284200000000020e-01 9.811933999999999934e-01 9.726419099999999984e-01
9.866870699999999994e-01 9.858160000000000256e-01 9.795372700000000155e-01
9.911883299999999508e-01 9.904935499999999449e-01 9.863605300000000131e-01
9.956241500000000411e-01 9.952236899999999942e-01 9.931672400000000067e-01
1.000000000000000000e+00 1.000000000000000000e+00 1.000000000000000000e+00
9.928673399999999871e-01 9.959937100000000321e-01 9.961481199999999703e-01
9.857013999999999498e-01 9.920179099999999472e-01 9.923401899999999554e-01
9.785051500000000457e-01 9.880709300000000139e-01 9.885765300000000089e-01
9.712808099999999945e-01 9.841514099999999488e-01 9.848574700000000126e-01
9.640300600000000220e-01 9.802582100000000187e-01 9.811833199999999700e-01
9.567541999999999991e-01 9.763903299999999730e-01 9.775544000000000455e-01
9.494542299999999546e-01 9.725469100000000422e-01 9.739710599999999996e-01
9.421309500000000225e-01 9.687271400000000421e-01 9.704336099999999465e-01
9.347841700000000253e-01 9.649305799999999822e-01 9.669427800000000017e-01
9.274148399999999626e-01 9.611563899999999716e-01 9.634987099999999804e-01
9.200235700000000127e-01 9.574038599999999954e-01 9.601016700000000181e-01
9.126106600000000180e-01 9.536723799999999862e-01 9.567520499999999650e-01
9.051753000000000160e-01 9.499617200000000095e-01 9.534507100000000346e-01
8.977180799999999739e-01 9.462711499999999498e-01 9.501978700000000000e-01
8.902396099999999590e-01 9.425999699999999537e-01 9.469937099999999885e-01
8.827388900000000538e-01 9.389480000000000048e-01 9.438391999999999893e-01
8.752161499999999705e-01 9.353146199999999855e-01 9.407346899999999845e-01
8.676722300000000443e-01 9.316990699999999626e-01 9.376802499999999929e-01
8.601048799999999606e-01 9.281014899999999734e-01 9.346774500000000208e-01
8.525162499999999755e-01 9.245206999999999731e-01 9.317257199999999795e-01
8.449044199999999893e-01 9.209567499999999907e-01 9.288265199999999888e-01
8.372706199999999654e-01 9.174087300000000056e-01 9.259796999999999612e-01
8.296132999999999980e-01 9.138765300000000202e-01 9.231865799999999789e-01
8.219338800000000056e-01 9.103591899999999848e-01 9.204469299999999965e-01
8.142300999999999567e-01 9.068568099999999577e-01 9.177624899999999863e-01
8.065037699999999532e-01 9.033682899999999627e-01 9.151328199999999580e-01
7.987536299999999923e-01 8.998934200000000549e-01 9.125591800000000253e-01
7.909794799999999571e-01 8.964316700000000138e-01 9.100422500000000525e-01
7.831819899999999945e-01 8.929822699999999669e-01 9.075822500000000348e-01
7.753605500000000372e-01 8.895447800000000349e-01 9.051801400000000219e-01
7.675144099999999803e-01 8.861188100000000345e-01 9.028369899999999504e-01
7.596444399999999764e-01 8.827035100000000245e-01 9.005529599999999579e-01
7.517505300000000279e-01 8.792982900000000379e-01 8.983287800000000489e-01
7.438326200000000554e-01 8.759025499999999465e-01 8.961652100000000454e-01
7.358907199999999982e-01 8.725156400000000367e-01 8.940629799999999516e-01
7.279249199999999753e-01 8.691369100000000403e-01 8.920227800000000151e-01
7.199352100000000476e-01 8.657657100000000217e-01 8.900454399999999655e-01
7.119221900000000103e-01 8.624012399999999579e-01 8.881314200000000048e-01
7.038862299999999461e-01 8.590427600000000163e-01 8.862813499999999678e-01
6.958275400000000221e-01 8.556895500000000210e-01 8.844959900000000097e-01
6.877467299999999728e-01 8.523407899999999593e-01 8.827759200000000472e-01
6.796445700000000034e-01 8.489956400000000514e-01 8.811216200000000498e-01
6.715219100000000552e-01 8.456532199999999833e-01 8.795335699999999868e-01
6.633797399999999955e-01 8.423126499999999961e-01 8.780121899999999702e-01
6.552192100000000519e-01 8.389729799999999793e-01 8.765578400000000325e-01
6.470406800000000347e-01 8.356334600000000501e-01 8.751714800000000016e-01
6.388461399999999513e-01 8.322929799999999601e-01 8.738529900000000517e-01
6.306375800000000309e-01 8.289504699999999948e-01 8.726022900000000027e-01
6.224156100000000080e-01 8.256051100000000309e-01 8.714203499999999547e-01
6.141830700000000531e-01 8.222556699999999941e-01 8.703065599999999513e-01
6.059417599999999959e-01 8.189011499999999666e-01 8.692611799999999667e-01
5.976940299999999873e-01 8.155404400000000331e-01 8.682840699999999634e-01
5.894424700000000517e-01 8.121724200000000060e-01 8.673750099999999463e-01
5.811902500000000193e-01 8.087958800000000226e-01 8.665333800000000197e-01
5.729396700000000120e-01 8.054097999999999535e-01 8.657593300000000491e-01
5.646949900000000078e-01 8.020128499999999994e-01 8.650514999999999732e-01
5.564594899999999456e-01 7.986039099999999724e-01 8.644093999999999944e-01
5.482366300000000026e-01 7.951818499999999679e-01 8.638325000000000031e-01
5.400311599999999546e-01 7.917453800000000541e-01 8.633192200000000538e-01
5.318474699999999888e-01 7.882933399999999535e-01 8.628683999999999799e-01
5.236902199999999841e-01 7.848245499999999542e-01 8.624786800000000531e-01
5.155643699999999940e-01 7.813378699999999899e-01 8.621485399999999633e-01
5.074750999999999568e-01 7.778321500000000555e-01 8.618763400000000185e-01
4.994279999999999831e-01 7.743062699999999632e-01 8.616601299999999686e-01
4.914289000000000018e-01 7.707591599999999987e-01 8.614978100000000305e-01
4.834837799999999741e-01 7.671897699999999931e-01 8.613871600000000406e-01
4.755988400000000227e-01 7.635971099999999678e-01 8.613258499999999485e-01
4.677803999999999851e-01 7.599802399999999736e-01 8.613114600000000287e-01
4.600350000000000272e-01 7.563383000000000189e-01 8.613413800000000453e-01
4.523693599999999981e-01 7.526704400000000517e-01 8.614128599999999469e-01
4.447902799999999823e-01 7.489759299999999564e-01 8.615230699999999464e-01
4.373045899999999930e-01 7.452540800000000409e-01 8.616691199999999551e-01
4.299192000000000013e-01 7.415042899999999548e-01 8.618480899999999556e-01
4.226410099999999836e-01 7.377260300000000326e-01 8.620569799999999727e-01
4.154768200000000244e-01 7.339188500000000115e-01 8.622929000000000288e-01
4.084335199999999944e-01 7.300823699999999805e-01 8.625527699999999687e-01
4.015178899999999884e-01 7.262163000000000368e-01 8.628335499999999492e-01
3.947365500000000194e-01 7.223204100000000238e-01 8.631322799999999740e-01
3.880959800000000071e-01 7.183945600000000153e-01 8.634460900000000549e-01
3.816025000000000111e-01 7.144386499999999529e-01 8.637721299999999713e-01
3.752622500000000194e-01 7.104527000000000481e-01 8.641075599999999968e-01
3.690811399999999742e-01 7.064367299999999572e-01 8.644497199999999770e-01
3.630648100000000156e-01 7.023908599999999502e-01 8.647960099999999484e-01
3.572186600000000212e-01 6.983152500000000540e-01 8.651439300000000054e-01
3.515477699999999817e-01 6.942101099999999914e-01 8.654911100000000079e-01
3.460569399999999796e-01 6.900756900000000194e-01 8.658353100000000246e-01
3.407506200000000041e-01 6.859122699999999906e-01 8.661743699999999713e-01
3.356329100000000065e-01 6.817201899999999481e-01 8.665062599999999726e-01
3.307075400000000220e-01 6.774997799999999959e-01 8.668291399999999980e-01
3.259778700000000029e-01 6.732514099999999946e-01 8.671412499999999746e-01
3.214468400000000115e-01 6.689754700000000165e-01 8.674409199999999487e-01
3.171169999999999822e-01 6.646723799999999516e-01 8.677266099999999538e-01
3.129904600000000259e-01 6.603425200000000439e-01 8.679969699999999788e-01
3.090688699999999955e-01 6.559863099999999614e-01 8.682507200000000314e-01
3.053534700000000157e-01 6.516041599999999878e-01 8.684866700000000161e-01
3.018449999999999744e-01 6.471964999999999524e-01 8.687037100000000178e-01
2.985437499999999966e-01 6.427637200000000384e-01 8.689008499999999469e-01
2.954495600000000000e-01 6.383062200000000352e-01 8.690772500000000234e-01
2.925617799999999935e-01 6.338243799999999650e-01 8.692321100000000023e-01
2.898792900000000117e-01 6.293185799999999608e-01 8.693647199999999797e-01
2.874005099999999979e-01 6.247891700000000048e-01 8.694744100000000309e-01
2.851234100000000216e-01 6.202365100000000186e-01 8.695606000000000169e-01
2.830454800000000160e-01 6.156609199999999449e-01 8.696227399999999497e-01
2.811638300000000035e-01 6.110626999999999587e-01 8.696604000000000001e-01
2.794751300000000160e-01 6.064421399999999629e-01 8.696731800000000456e-01
2.779756899999999975e-01 6.017995099999999820e-01 8.696607299999999929e-01
2.766614299999999860e-01 5.971350399999999503e-01 8.696227199999999602e-01
2.755279299999999765e-01 5.924489600000000245e-01 8.695588800000000340e-01
2.745704700000000109e-01 5.877414600000000489e-01 8.694689300000000287e-01
2.737840500000000010e-01 5.830127299999999790e-01 8.693526700000000496e-01
2.731634299999999849e-01 5.782629200000000136e-01 8.692098999999999798e-01
2.727031500000000053e-01 5.734921600000000286e-01 8.690404200000000356e-01
2.723975699999999778e-01 5.687005499999999714e-01 8.688440899999999578e-01
2.722409100000000026e-01 5.638881799999999611e-01 8.686207299999999520e-01
2.722272700000000212e-01 5.590551000000000270e-01 8.683702199999999705e-01
2.723506900000000064e-01 5.542013599999999762e-01 8.680924199999999757e-01
2.726051299999999733e-01 5.493269600000000308e-01 8.677871799999999913e-01
2.729845499999999925e-01 5.444318999999999686e-01 8.674543799999999694e-01
2.734829200000000182e-01 5.395161299999999827e-01 8.670938700000000443e-01
2.740942199999999995e-01 5.345796099999999829e-01 8.667055200000000070e-01
2.748125100000000098e-01 5.296222499999999611e-01 8.662891700000000528e-01
2.756318999999999853e-01 5.246439400000000308e-01 8.658446600000000437e-01
2.765466200000000208e-01 5.196445699999999723e-01 8.653718200000000138e-01
2.775509899999999974e-01 5.146239900000000311e-01 8.648704499999999573e-01
2.786394500000000107e-01 5.095820100000000297e-01 8.643403499999999795e-01
2.798065900000000217e-01 5.045184600000000019e-01 8.637812999999999741e-01
2.810471299999999784e-01 4.994331100000000134e-01 8.631930399999999670e-01
2.823559400000000275e-01 4.943257300000000187e-01 8.625753000000000448e-01
2.837280699999999989e-01 4.891960499999999934e-01 8.619277899999999715e-01
2.851586999999999872e-01 4.840438000000000240e-01 8.612501900000000266e-01
2.866431899999999922e-01 4.788686600000000015e-01 8.605421500000000057e-01
2.881770599999999849e-01 4.736703199999999780e-01 8.598032899999999978e-01
2.897559800000000241e-01 4.684484199999999765e-01 8.590331900000000021e-01
2.913758000000000181e-01 4.632026000000000199e-01 8.582313999999999776e-01
2.930324999999999736e-01 4.579324599999999856e-01 8.573974300000000159e-01
2.947222299999999739e-01 4.526375899999999786e-01 8.565307599999999466e-01
2.964413000000000187e-01 4.473175500000000082e-01 8.556308099999999639e-01
2.981861499999999832e-01 4.419718999999999731e-01 8.546969800000000506e-01
2.999533699999999969e-01 4.366001400000000254e-01 8.537286099999999989e-01
3.017396600000000206e-01 4.312017799999999790e-01 8.527249900000000160e-01
3.035418699999999914e-01 4.257762999999999964e-01 8.516853800000000474e-01
3.053569800000000001e-01 4.203231499999999787e-01 8.506089500000000303e-01
3.071820800000000240e-01 4.148417500000000091e-01 8.494948700000000130e-01
3.090143499999999932e-01 4.093315399999999937e-01 8.483422000000000462e-01
3.108510800000000018e-01 4.037918899999999867e-01 8.471499500000000404e-01
3.126896499999999857e-01 3.982221799999999812e-01 8.459170900000000382e-01
3.145275299999999996e-01 3.926217599999999863e-01 8.446424900000000235e-01
3.163622899999999905e-01 3.869899500000000270e-01 8.433249800000000018e-01
3.181915499999999897e-01 3.813260700000000170e-01 8.419632999999999701e-01
3.200129999999999919e-01 3.756293900000000074e-01 8.405561099999999675e-01
3.218244000000000105e-01 3.698991899999999888e-01 8.391019899999999643e-01
3.236235700000000270e-01 3.641347099999999726e-01 8.375994500000000231e-01
3.254084199999999760e-01 3.583351599999999859e-01 8.360469099999999765e-01
3.271767999999999899e-01 3.524997599999999953e-01 8.344426700000000530e-01
3.289266599999999818e-01 3.466277099999999778e-01 8.327849400000000291e-01
3.306559399999999815e-01 3.407182000000000266e-01 8.310718400000000061e-01
3.323626199999999975e-01 3.347703799999999785e-01 8.293013599999999874e-01
3.340447000000000277e-01 3.287834299999999876e-01 8.274713799999999786e-01
3.357001800000000147e-01 3.227564800000000123e-01 8.255796699999999877e-01
3.373270300000000277e-01 3.166886800000000002e-01 8.236238500000000462e-01
3.389234400000000202e-01 3.105790900000000021e-01 8.216014699999999449e-01
3.404873199999999822e-01 3.044268700000000161e-01 8.195098699999999736e-01
3.420165399999999800e-01 2.982312300000000138e-01 8.173462200000000122e-01
3.435090000000000088e-01 2.919913299999999934e-01 8.151075700000000035e-01
3.449628599999999823e-01 2.857062300000000055e-01 8.127908600000000039e-01
3.463759100000000091e-01 2.793751500000000165e-01 8.103927699999999845e-01
3.477457600000000149e-01 2.729974600000000251e-01 8.079097800000000218e-01
3.490704900000000110e-01 2.665722600000000053e-01 8.053382799999999619e-01
3.503476500000000105e-01 2.600989799999999796e-01 8.026743699999999704e-01
3.515747699999999809e-01 2.535770999999999997e-01 7.999139299999999952e-01
3.527497399999999783e-01 2.470059300000000124e-01 7.970526799999999579e-01
3.538695700000000222e-01 2.403853999999999991e-01 7.940860299999999983e-01
3.549320899999999779e-01 2.337149799999999888e-01 7.910091999999999679e-01
3.559341699999999942e-01 2.269948900000000047e-01 7.878170899999999977e-01
3.568730399999999747e-01 2.202252399999999888e-01 7.845043900000000514e-01
3.577459000000000056e-01 2.134063499999999947e-01 7.810654500000000500e-01
3.585492699999999755e-01 2.065392299999999903e-01 7.774943699999999902e-01
3.592798899999999906e-01 1.996250199999999864e-01 7.737849500000000269e-01
3.599345099999999853e-01 1.926652000000000087e-01 7.699306000000000205e-01
3.605092799999999875e-01 1.856621400000000033e-01 7.659245099999999473e-01
3.610002800000000067e-01 1.786188099999999890e-01 7.617595299999999625e-01
3.614034199999999752e-01 1.715389900000000023e-01 7.574281999999999959e-01
3.617143500000000178e-01 1.644274900000000095e-01 7.529227499999999740e-01
3.619284799999999969e-01 1.572903700000000127e-01 7.482351299999999705e-01
3.620409299999999830e-01 1.501351900000000017e-01 7.433570800000000034e-01
3.620467299999999833e-01 1.429711800000000033e-01 7.382799700000000076e-01
3.619403999999999955e-01 1.358098899999999887e-01 7.329951599999999790e-01
3.617160799999999954e-01 1.286655100000000107e-01 7.274940600000000535e-01
3.613679499999999933e-01 1.215551400000000060e-01 7.217678400000000494e-01
3.608897500000000091e-01 1.144996499999999945e-01 7.158079499999999706e-01
3.602748800000000196e-01 1.075242899999999946e-01 7.096062800000000337e-01
3.595166499999999932e-01 1.006593300000000052e-01 7.031551999999999802e-01
3.586082500000000173e-01 9.394083000000000294e-02 6.964476699999999632e-01
3.575425700000000040e-01 8.741134999999999877e-02 6.894782699999999487e-01
3.563126999999999822e-01 8.112039999999999529e-02 6.822426999999999797e-01
3.549118800000000129e-01 7.512464000000000641e-02 6.747385900000000269e-01
3.533336699999999886e-01 6.948732999999999993e-02 6.669658699999999607e-01
3.515721600000000224e-01 6.427681999999999840e-02 6.589272499999999644e-01
3.496222399999999730e-01 5.956370999999999888e-02 6.506286000000000014e-01
3.474798399999999843e-01 5.541635999999999784e-02 6.420792899999999692e-01
3.451422000000000101e-01 5.189492999999999884e-02 6.332923799999999881e-01
3.426081400000000055e-01 4.904439000000000021e-02 6.242846699999999860e-01
3.398782100000000139e-01 4.688785000000000175e-02 6.150765599999999944e-01
3.369548499999999724e-01 4.542167999999999900e-02 6.056916599999999651e-01
3.338424400000000181e-01 4.461401999999999729e-02 5.961562000000000250e-01
3.305471899999999907e-01 4.440735999999999989e-02 5.864982600000000490e-01
3.270769900000000119e-01 4.472460000000000324e-02 5.767468100000000542e-01
3.234411799999999948e-01 4.547712000000000282e-02 5.669308100000000072e-01
3.196501600000000165e-01 4.657301999999999970e-02 5.570781700000000392e-01
3.157150599999999918e-01 4.792402999999999941e-02 5.472150099999999462e-01
3.116474799999999767e-01 4.944885000000000252e-02 5.373659299999999917e-01
3.074589999999999823e-01 5.107806000000000152e-02 5.275520799999999788e-01
3.031610599999999822e-01 5.275302999999999937e-02 5.177923199999999726e-01
2.987645299999999726e-01 5.442732000000000125e-02 5.081018800000000057e-01
2.942798600000000042e-01 5.606321999999999695e-02 4.984942900000000066e-01
2.897168600000000205e-01 5.763199000000000100e-02 4.889803799999999923e-01
2.850845000000000184e-01 5.911251000000000005e-02 4.795684199999999953e-01
2.803909199999999879e-01 6.048992999999999731e-02 4.702643499999999976e-01
2.756433999999999829e-01 6.175448000000000048e-02 4.610720500000000110e-01
2.708488399999999796e-01 6.289865000000000039e-02 4.519950899999999883e-01
2.660132499999999789e-01 6.391845999999999639e-02 4.430351799999999729e-01
2.611421099999999829e-01 6.481188999999999700e-02 4.341932199999999908e-01
2.562399799999999783e-01 6.557967000000000657e-02 4.254682499999999923e-01
2.513112699999999755e-01 6.622224000000000166e-02 4.168599000000000054e-01
2.463598899999999980e-01 6.674117000000000244e-02 4.083670699999999987e-01
2.413892199999999877e-01 6.713884000000000518e-02 3.999880000000000102e-01
2.364021900000000120e-01 6.741821000000000619e-02 3.917204599999999926e-01
2.314013500000000056e-01 6.758264999999999412e-02 3.835617800000000188e-01
2.263888199999999906e-01 6.763578000000000645e-02 3.755090200000000267e-01
2.213672299999999982e-01 6.757936000000000498e-02 3.675609400000000027e-01
2.163379300000000116e-01 6.741775999999999325e-02 3.597136499999999959e-01
2.113026199999999966e-01 6.715379999999999960e-02 3.519646900000000245e-01
2.062625299999999995e-01 6.679084000000000410e-02 3.443109100000000256e-01
2.012193600000000138e-01 6.633068999999999771e-02 3.367506399999999900e-01
1.961735000000000007e-01 6.577758999999999689e-02 3.292795900000000109e-01
1.911259800000000009e-01 6.513381999999999505e-02 3.218953399999999743e-01
1.860779700000000092e-01 6.440102999999999800e-02 3.145960199999999762e-01
1.810299499999999950e-01 6.358186999999999867e-02 3.073786099999999966e-01
1.759822900000000134e-01 6.267883000000000482e-02 3.002401199999999992e-01
1.709354399999999941e-01 6.169383999999999979e-02 2.931780299999999784e-01
1.658897199999999905e-01 6.062872999999999873e-02 2.861898299999999784e-01
1.608453699999999875e-01 5.948517999999999861e-02 2.792730199999999829e-01
1.558028700000000100e-01 5.826412000000000257e-02 2.724258399999999747e-01
1.507621700000000009e-01 5.696715000000000112e-02 2.656456799999999951e-01
1.457230399999999981e-01 5.559582999999999886e-02 2.589298199999999772e-01
1.406853200000000026e-01 5.415132999999999752e-02 2.522758600000000184e-01
1.356492900000000057e-01 5.263380000000000142e-02 2.456824400000000019e-01
1.306148400000000098e-01 5.104377999999999693e-02 2.391475999999999880e-01
1.255809400000000020e-01 4.938292999999999849e-02 2.326679899999999912e-01
1.205483499999999986e-01 4.764989000000000030e-02 2.262435299999999982e-01
1.155157299999999970e-01 4.584618000000000027e-02 2.198707199999999917e-01
1.104832500000000051e-01 4.397075000000000289e-02 2.135488200000000003e-01
1.054498799999999958e-01 4.202398000000000244e-02 2.072752099999999875e-01
1.004156400000000005e-01 3.999827999999999717e-02 2.010492799999999969e-01
9.537888999999999395e-02 3.791701000000000099e-02 1.948678299999999919e-01
