1.40763450e-01 2.07118170e-02 1.12817715e-01
1.45949740e-01 2.18896761e-02 1.19200538e-01
1.51199356e-01 2.29819664e-02 1.25562399e-01
1.56516208e-01 2.39758733e-02 1.31898247e-01
1.61903977e-01 2.48584293e-02 1.38202728e-01
1.67365201e-01 2.56182360e-02 1.44468269e-01
1.72902349e-01 2.62437481e-02 1.50687342e-01
1.78516880e-01 2.67250816e-02 1.56850668e-01
1.84209649e-01 2.70534698e-02 1.62948112e-01
1.89980831e-01 2.72215752e-02 1.68968617e-01
1.95829825e-01 2.72238516e-02 1.74900159e-01
2.01755291e-01 2.70566535e-02 1.80729935e-01
2.07755153e-01 2.67184225e-02 1.86444466e-01
2.13826226e-01 2.62106010e-02 1.92029381e-01
2.19964964e-01 2.55363393e-02 1.97470351e-01
2.26166586e-01 2.47023870e-02 2.02752408e-01
2.32425965e-01 2.37174465e-02 2.07860936e-01
2.38736979e-01 2.25935986e-02 2.12781325e-01
2.45092946e-01 2.13454991e-02 2.17499531e-01
2.51486651e-01 1.99903510e-02 2.22002279e-01
2.57910405e-01 1.85477883e-02 2.26277298e-01
2.64356156e-01 1.70395925e-02 2.30313577e-01
2.70815615e-01 1.54893465e-02 2.34101604e-01
2.77280385e-01 1.39220380e-02 2.37633567e-01
2.83742094e-01 1.23636262e-02 2.40903522e-01
2.90192521e-01 1.08405872e-02 2.43907511e-01
2.96623719e-01 9.37945748e-03 2.46643629e-01
3.03028130e-01 8.00639202e-03 2.49112038e-01
3.09398682e-01 6.74675337e-03 2.51314924e-01
3.15728872e-01 5.62474738e-03 2.53256404e-01
3.22012830e-01 4.66311662e-03 2.54942380e-01
3.28245371e-01 3.88289987e-03 2.56380356e-01
3.34422012e-01 3.30326189e-03 2.57579219e-01
3.40538988e-01 2.94139368e-03 2.58549001e-01
3.46593238e-01 2.81248016e-03 2.59300624e-01
3.52582381e-01 2.92972862e-03 2.59845650e-01
3.58504558e-01 3.30468810e-03 2.60196238e-01
3.64358627e-01 3.94686780e-03 2.60364553e-01
3.70143924e-01 4.86427180e-03 2.60362842e-01
3.75860223e-01 6.06351120e-03 2.60203258e-01
3.81507682e-01 7.54996527e-03 2.59897729e-01
3.87086923e-01 9.32770759e-03 2.59457501e-01
3.92598753e-01 1.14000838e-02 2.58893570e-01
3.98044231e-01 1.37696488e-02 2.58216360e-01
4.03424618e-01 1.64383153e-02 2.57435668e-01
4.08741337e-01 1.94074927e-02 2.56560628e-01
4.13995931e-01 2.26782118e-02 2.55599686e-01
4.19190029e-01 2.62512371e-02 2.54560604e-01
4.24325206e-01 3.01272780e-02 2.53450958e-01
4.29403196e-01 3.43067798e-02 2.52277174e-01
4.34425682e-01 3.87902194e-02 2.51045316e-01
4.39394342e-01 4.34588590e-02 2.49760878e-01
4.44310776e-01 4.80992375e-02 2.48429169e-01
4.49176668e-01 5.27182884e-02 2.47054297e-01
4.53993572e-01 5.73156500e-02 2.45640435e-01
4.58763000e-01 6.18913379e-02 2.44191310e-01
4.63486417e-01 6.64456520e-02 2.42710228e-01
4.68165238e-01 7.09791071e-02 2.41200109e-01
4.72800819e-01 7.54923791e-02 2.39663513e-01
4.77394459e-01 7.99862643e-02 2.38102673e-01
4.81947394e-01 8.44616476e-02 2.36519521e-01
4.86460801e-01 8.89194772e-02 2.34915718e-01
4.90935755e-01 9.33606572e-02 2.33293270e-01
4.95373330e-01 9.77862219e-02 2.31653174e-01
4.99774528e-01 1.02197213e-01 2.29996339e-01
5.04140249e-01 1.06594518e-01 2.28324439e-01
5.08471405e-01 1.10979277e-01 2.26637462e-01
5.12768797e-01 1.15352355e-01 2.24936799e-01
5.17033206e-01 1.19714804e-01 2.23222581e-01
5.21265354e-01 1.24067617e-01 2.21495078e-01
5.25465904e-01 1.28411594e-01 2.19755358e-01
5.29635486e-01 1.32747772e-01 2.18003072e-01
5.33774674e-01 1.37077054e-01 2.16238387e-01
5.37884001e-01 1.41400311e-01 2.14461438e-01
5.41963957e-01 1.45718395e-01 2.12672277e-01
5.46014996e-01 1.50032112e-01 2.10871005e-01
5.50037524e-01 1.54342306e-01 2.09057401e-01
5.54031912e-01 1.58649791e-01 2.07231232e-01
5.57998492e-01 1.62955346e-01 2.05392293e-01
5.61937561e-01 1.67259734e-01 2.03540325e-01
5.65849382e-01 1.71563696e-01 2.01675041e-01
5.69734198e-01 1.75867911e-01 1.99796293e-01
5.73592195e-01 1.80173127e-01 1.97903542e-01
5.77423538e-01 1.84480041e-01 1.95996367e-01
5.81228360e-01 1.88789333e-01 1.94074317e-01
5.85006764e-01 1.93101667e-01 1.92136913e-01
5.88758826e-01 1.97417689e-01 1.90183671e-01
5.92484637e-01 2.01737919e-01 1.88214523e-01
5.96184177e-01 2.06063093e-01 1.86228459e-01
5.99857439e-01 2.10393817e-01 1.84224904e-01
6.03504420e-01 2.14730618e-01 1.82203538e-01
6.07125074e-01 2.19074063e-01 1.80163801e-01
6.10719284e-01 2.23424803e-01 1.78104736e-01
6.14286992e-01 2.27783303e-01 1.76026047e-01
6.17828064e-01 2.32150125e-01 1.73926993e-01
6.21342316e-01 2.36525879e-01 1.71806588e-01
6.24829671e-01 2.40910914e-01 1.69664786e-01
6.28289848e-01 2.45305916e-01 1.67500177e-01
6.31722700e-01 2.49711270e-01 1.65312455e-01
6.35127964e-01 2.54127529e-01 1.63100599e-01
6.38505408e-01 2.58555146e-01 1.60863913e-01
6.41854762e-01 2.62994596e-01 1.58601554e-01
6.45175731e-01 2.67446354e-01 1.56312614e-01
6.48468019e-01 2.71910859e-01 1.53996263e-01
6.51731290e-01 2.76388573e-01 1.51651511e-01
6.54965203e-01 2.80879930e-01 1.49277419e-01
6.58169397e-01 2.85385358e-01 1.46873000e-01
6.61343476e-01 2.89905303e-01 1.44437123e-01
6.64487064e-01 2.94440147e-01 1.41968844e-01
6.67599700e-01 2.98990360e-01 1.39466802e-01
6.70680999e-01 3.03556273e-01 1.36930091e-01
6.73730443e-01 3.08138365e-01 1.34357170e-01
6.76747602e-01 3.12736972e-01 1.31746963e-01
6.79731945e-01 3.17352524e-01 1.29097946e-01
6.82682964e-01 3.21985394e-01 1.26408733e-01
6.85600123e-01 3.26635959e-01 1.23677830e-01
6.88482847e-01 3.31304616e-01 1.20903575e-01
6.91330572e-01 3.35991718e-01 1.18084375e-01
6.94142676e-01 3.40697655e-01 1.15218385e-01
6.96918534e-01 3.45422792e-01 1.12303756e-01
6.99657492e-01 3.50167498e-01 1.09338500e-01
7.02358875e-01 3.54932135e-01 1.06320542e-01
7.05021960e-01 3.59717086e-01 1.03247579e-01
7.07646042e-01 3.64522686e-01 1.00117369e-01
7.10230320e-01 3.69349341e-01 9.69272371e-02
7.12774036e-01 3.74197379e-01 9.36746481e-02
7.15276350e-01 3.79067184e-01 9.03566807e-02
7.17736392e-01 3.83959132e-01 8.69702418e-02
7.20153315e-01 3.88873551e-01 8.35122476e-02
7.22526103e-01 3.93810892e-01 7.99788576e-02
7.24853912e-01 3.98771412e-01 7.63668221e-02
7.27135570e-01 4.03755640e-01 7.26714449e-02
7.29370203e-01 4.08763791e-01 6.88891058e-02
7.31556540e-01 4.13796407e-01 6.50143998e-02
7.33693612e-01 4.18853719e-01 6.10429740e-02
7.35780039e-01 4.23936280e-01 5.69685540e-02
7.37814788e-01 4.29044305e-01 5.27860497e-02
7.39796302e-01 4.34178407e-01 4.84878800e-02
7.41723514e-01 4.39338747e-01 4.40681832e-02
7.43594694e-01 4.44525989e-01 3.95084285e-02
7.45408633e-01 4.49740321e-01 3.49673604e-02
7.47163648e-01 4.54982269e-01 3.06183093e-02
7.48858102e-01 4.60252264e-01 2.64765122e-02
7.50490508e-01 4.65550570e-01 2.25594881e-02
7.52058818e-01 4.70877826e-01 1.88844850e-02
7.53561390e-01 4.76234300e-01 1.54723462e-02
7.54996416e-01 4.81620331e-01 1.23454553e-02
7.56361778e-01 4.87036418e-01 9.52761521e-03
7.57655348e-01 4.92483001e-01 7.04533015e-03
7.58875220e-01 4.97960290e-01 4.92861724e-03
7.60019210e-01 5.03468628e-01 3.20981350e-03
7.61085073e-01 5.09008324e-01 1.92458435e-03
7.62070515e-01 5.14579643e-01 1.11229685e-03
7.62973173e-01 5.20182819e-01 8.16359775e-04
7.63790714e-01 5.25817984e-01 1.08485256e-03
7.64520918e-01 5.31485117e-01 1.97104305e-03
7.65161519e-01 5.37184151e-01 3.53359123e-03
7.65710205e-01 5.42914962e-01 5.83717414e-03
7.66164932e-01 5.48677182e-01 8.95342633e-03
7.66523889e-01 5.54470228e-01 1.29613710e-02
7.66785504e-01 5.60293307e-01 1.79479890e-02
7.66948573e-01 5.66145351e-01 2.40088719e-02
7.67012143e-01 5.72025096e-01 3.12488345e-02
7.66975759e-01 5.77930952e-01 3.97826223e-02
7.66840453e-01 5.83860490e-01 4.90322652e-02
7.66607223e-01 5.89811315e-01 5.84554714e-02
7.66278678e-01 5.95780199e-01 6.80711617e-02
7.65858618e-01 6.01763368e-01 7.78887496e-02
7.65352071e-01 6.07756534e-01 8.79159105e-02
7.64765917e-01 6.13754637e-01 9.81577040e-02
7.64108685e-01 6.19752029e-01 1.08616531e-01
7.63390578e-01 6.25742529e-01 1.19291909e-01
7.62623825e-01 6.31719335e-01 1.30179745e-01
7.61822183e-01 6.37675333e-01 1.41272726e-01
7.61000878e-01 6.43603193e-01 1.52560154e-01
7.60176235e-01 6.49495583e-01 1.64028203e-01
7.59365514e-01 6.55345286e-01 1.75659899e-01
7.58585567e-01 6.61145784e-01 1.87437105e-01
7.57853867e-01 6.66890816e-01 1.99338602e-01
7.57186165e-01 6.72575321e-01 2.11344019e-01
7.56597022e-01 6.78195142e-01 2.23433008e-01
7.56100954e-01 6.83746544e-01 2.35583011e-01
7.55708821e-01 6.89227519e-01 2.47776266e-01
7.55430365e-01 6.94636719e-01 2.59995257e-01
7.55273584e-01 6.99973623e-01 2.72224111e-01
7.55244586e-01 7.05238515e-01 2.84449191e-01
7.55347857e-01 7.10432315e-01 2.96658853e-01
7.55587983e-01 7.15555979e-01 3.08839689e-01
7.55964883e-01 7.20611956e-01 3.20987968e-01
7.56480387e-01 7.25602057e-01 3.33094596e-01
7.57134108e-01 7.30528722e-01 3.45155035e-01
7.57926153e-01 7.35394191e-01 3.57162769e-01
7.58853968e-01 7.40201367e-01 3.69117833e-01
7.59916243e-01 7.44952708e-01 3.81016668e-01
7.61111167e-01 7.49650727e-01 3.92856711e-01
7.62436532e-01 7.54297950e-01 4.04636308e-01
7.63889814e-01 7.58896884e-01 4.16354614e-01
7.65468259e-01 7.63449993e-01 4.28011503e-01
7.67168949e-01 7.67959672e-01 4.39607472e-01
7.68988867e-01 7.72428234e-01 4.51143549e-01
7.70924949e-01 7.76857896e-01 4.62621211e-01
7.72976235e-01 7.81250474e-01 4.74034036e-01
7.75138025e-01 7.85608285e-01 4.85389939e-01
7.77408517e-01 7.89933121e-01 4.96686001e-01
7.79784807e-01 7.94226862e-01 5.07923847e-01
7.82264614e-01 7.98491247e-01 5.19102678e-01
7.84844372e-01 8.02728037e-01 5.30228009e-01
7.87523596e-01 8.06938745e-01 5.41290841e-01
7.90298164e-01 8.11125013e-01 5.52300155e-01
7.93165970e-01 8.15288299e-01 5.63255658e-01
7.96125101e-01 8.19430024e-01 5.74156079e-01
7.99173768e-01 8.23551599e-01 5.84999328e-01
8.02309229e-01 8.27654314e-01 5.95789535e-01
8.05529495e-01 8.31739435e-01 6.06526813e-01
8.08832619e-01 8.35808182e-01 6.17211342e-01
8.12216701e-01 8.39861730e-01 6.27843367e-01
8.15679891e-01 8.43901213e-01 6.38423178e-01
8.19220394e-01 8.47927720e-01 6.48951105e-01
8.22836477e-01 8.51942302e-01 6.59427503e-01
8.26526469e-01 8.55945965e-01 6.69852745e-01
8.30288765e-01 8.59939678e-01 6.80227208e-01
8.34121902e-01 8.63924423e-01 6.90550285e-01
8.38024580e-01 8.67901273e-01 7.00819422e-01
8.41995136e-01 8.71870925e-01 7.11038205e-01
8.46032245e-01 8.75834198e-01 7.21206967e-01
8.50134664e-01 8.79791880e-01 7.31325992e-01
8.54301408e-01 8.83745112e-01 7.41390226e-01
8.58531220e-01 8.87694462e-01 7.51402487e-01
8.62823030e-01 8.91640466e-01 7.61364979e-01
8.67175994e-01 8.95584159e-01 7.71273191e-01
8.71589228e-01 8.99526240e-01 7.81126605e-01
8.76061983e-01 9.03466926e-01 7.90929483e-01
8.80593583e-01 9.07407578e-01 8.00672983e-01
8.85183556e-01 9.11348177e-01 8.10362737e-01
8.89831484e-01 9.15289537e-01 8.19994889e-01
8.94537075e-01 9.19232312e-01 8.29566890e-01
8.99300380e-01 9.23176646e-01 8.39080241e-01
9.04121274e-01 9.27123560e-01 8.48527809e-01
9.09000372e-01 9.31072848e-01 8.57912522e-01
9.13937888e-01 9.35025545e-01 8.67225824e-01
9.18934956e-01 9.38981469e-01 8.76468296e-01
9.23992474e-01 9.42941297e-01 8.85632544e-01
9.29111858e-01 9.46905324e-01 8.94713122e-01
9.34295123e-01 9.50873524e-01 9.03705582e-01
9.39543370e-01 9.54847283e-01 9.12594763e-01
9.44859451e-01 9.58826220e-01 9.21376729e-01
9.50244084e-01 9.62812292e-01 9.30032347e-01
9.55697783e-01 9.66807184e-01 9.38546327e-01
9.61218813e-01 9.70813704e-01 9.46901059e-01
9.66798902e-01 9.74838268e-01 9.55068806e-01
9.72423674e-01 9.78888758e-01 9.63031353e-01
9.78066876e-01 9.82977326e-01 9.70774657e-01
9.83688469e-01 9.87120258e-01 9.78297711e-01
9.89241943e-01 9.91333133e-01 9.85631687e-01
9.94686102e-01 9.95626238e-01 9.92839001e-01
1.00000000e+00 1.00000000e+00 1.00000000e+00
