0.00000000e+00 0.00000000e+00 0.00000000e+00
3.73410169e-04 1.88169904e-04 1.55454595e-04
1.36212701e-03 6.30882580e-04 5.08499973e-04
2.95039934e-03 1.26560796e-03 9.98198223e-04
5.14840144e-03 2.05945290e-03 1.59408215e-03
7.97157969e-03 2.98895734e-03 2.27615563e-03
1.14374232e-02 4.03544860e-03 3.03001816e-03
1.55645572e-02 5.18308679e-03 3.84476115e-03
2.03723851e-02 6.41786484e-03 4.71188896e-03
2.58802533e-02 7.72725781e-03 5.62494259e-03
3.21079807e-02 9.09965168e-03 6.57885754e-03
3.90756034e-02 1.05241708e-02 7.56978513e-03
4.64320172e-02 1.19905132e-02 8.59491805e-03
5.37443441e-02 1.34880835e-02 9.65168993e-03
6.10278927e-02 1.50078392e-02 1.07395094e-02
6.82885449e-02 1.65406334e-02 1.18581553e-02
7.55338604e-02 1.80761341e-02 1.30069887e-02
8.27658383e-02 1.96065850e-02 1.41880839e-02
8.99901450e-02 2.11220585e-02 1.54023605e-02
9.72086251e-02 2.26146379e-02 1.66529208e-02
1.04425967e-01 2.40743598e-02 1.79420583e-02
1.11642828e-01 2.54938134e-02 1.92745670e-02
1.18862656e-01 2.68634117e-02 2.06545331e-02
1.26087365e-01 2.81744460e-02 2.20874972e-02
1.33317901e-01 2.94188855e-02 2.35802820e-02
1.40555861e-01 3.05880026e-02 2.51402719e-02
1.47802542e-01 3.16731393e-02 2.67759902e-02
1.55058946e-01 3.26657437e-02 2.84972238e-02
1.62325771e-01 3.35574172e-02 3.03151648e-02
1.69603405e-01 3.43399705e-02 3.22425701e-02
1.76891915e-01 3.50054898e-02 3.42939422e-02
1.84191028e-01 3.55464142e-02 3.64857311e-02
1.91501553e-01 3.59536332e-02 3.88360071e-02
1.98821793e-01 3.62213017e-02 4.13449228e-02
2.06151148e-01 3.63421330e-02 4.39484814e-02
2.13488096e-01 3.63101874e-02 4.66672969e-02
2.20831653e-01 3.61187256e-02 4.95141505e-02
2.28178790e-01 3.57643903e-02 5.25027527e-02
2.35527075e-01 3.52431381e-02 5.56471197e-02
2.42873360e-01 3.45524088e-02 5.89618517e-02
2.50213735e-01 3.36913973e-02 6.24620137e-02
2.57543498e-01 3.26613261e-02 6.61629752e-02
2.64857253e-01 3.14654680e-02 7.00802420e-02
2.72149747e-01 3.01075218e-02 7.42296155e-02
2.79412903e-01 2.85981983e-02 7.86258670e-02
2.86640169e-01 2.69460991e-02 8.32840680e-02
2.93822479e-01 2.51669195e-02 8.82174093e-02
3.00950864e-01 2.32779079e-02 9.34379641e-02
3.08015793e-01 2.12995955e-02 9.89558978e-02
3.15007294e-01 1.92558210e-02 1.04778942e-01
3.21915221e-01 1.71733354e-02 1.10912000e-01
3.28729541e-01 1.50812630e-02 1.17356867e-01
3.35440617e-01 1.30104557e-02 1.24112082e-01
3.42039590e-01 1.09923779e-02 1.31173210e-01
3.48518154e-01 9.05989409e-03 1.38532031e-01
3.54869253e-01 7.24490078e-03 1.46177862e-01
3.61086974e-01 5.57839848e-03 1.54097597e-01
3.67166544e-01 4.09027249e-03 1.62275969e-01
3.73104404e-01 2.80858858e-03 1.70696366e-01
3.78898092e-01 1.75965562e-03 1.79341142e-01
3.84546183e-01 9.67703297e-04 1.88192373e-01
3.90048070e-01 4.55460891e-04 1.97231716e-01
3.95403901e-01 2.43887199e-04 2.06441169e-01
4.00614436e-01 3.52333896e-04 2.15803416e-01
4.05680863e-01 7.99115842e-04 2.25301565e-01
4.10604721e-01 1.60157009e-03 2.34919451e-01
4.15387794e-01 2.77627331e-03 2.44641688e-01
4.20032036e-01 4.33922646e-03 2.54453715e-01
4.24539498e-01 6.30591090e-03 2.64342032e-01
4.28912276e-01 8.69167956e-03 2.74293712e-01
4.33152478e-01 1.15117214e-02 2.84296627e-01
4.37262179e-01 1.47811036e-02 2.94339575e-01
4.41243411e-01 1.85149425e-02 3.04412012e-01
4.45098141e-01 2.27284282e-02 3.14504073e-01
4.48828281e-01 2.74368891e-02 3.24606385e-01
4.52435745e-01 3.26558340e-02 3.34709717e-01
4.55922201e-01 3.84006638e-02 3.44806614e-01
4.59289390e-01 4.44952500e-02 3.54889069e-01
4.62538965e-01 5.05815679e-02 3.64949753e-01
4.65672396e-01 5.66662469e-02 3.74982377e-01
4.68691297e-01 6.27517581e-02 3.84980031e-01
4.71596970e-01 6.88402540e-02 3.94937401e-01
4.74390873e-01 7.49335480e-02 4.04848596e-01
4.77074303e-01 8.10332093e-02 4.14708559e-01
4.79648438e-01 8.71406175e-02 4.24512809e-01
4.82114693e-01 9.32567795e-02 4.34256210e-01
4.84474089e-01 9.93827086e-02 4.43935152e-01
4.86727754e-01 1.05519169e-01 4.53545793e-01
4.88876874e-01 1.11666704e-01 4.63084328e-01
4.90922530e-01 1.17825765e-01 4.72547459e-01
4.92865676e-01 1.23996743e-01 4.81932385e-01
4.94707324e-01 1.30179861e-01 4.91236319e-01
4.96448456e-01 1.36375239e-01 5.00456722e-01
4.98090039e-01 1.42582904e-01 5.09591268e-01
4.99633054e-01 1.48802771e-01 5.18637781e-01
5.01078319e-01 1.55034789e-01 5.27594581e-01
5.02426706e-01 1.61278787e-01 5.36460020e-01
5.03679062e-01 1.67534541e-01 5.45232644e-01
5.04836206e-01 1.73801784e-01 5.53911190e-01
5.05898932e-01 1.80080212e-01 5.62494574e-01
5.06868007e-01 1.86369486e-01 5.70981878e-01
5.07744171e-01 1.92669245e-01 5.79372348e-01
5.08528134e-01 1.98979104e-01 5.87665379e-01
5.09220580e-01 2.05298665e-01 5.95860511e-01
5.09822160e-01 2.11627516e-01 6.03957418e-01
5.10333495e-01 2.17965241e-01 6.11955900e-01
5.10755175e-01 2.24311418e-01 6.19855875e-01
5.11087752e-01 2.30665625e-01 6.27657373e-01
5.11331747e-01 2.37027445e-01 6.35360525e-01
5.11487640e-01 2.43396465e-01 6.42965557e-01
5.11555876e-01 2.49772281e-01 6.50472784e-01
5.11536856e-01 2.56154500e-01 6.57882600e-01
5.11430992e-01 2.62542708e-01 6.65195429e-01
5.11238548e-01 2.68936574e-01 6.72411854e-01
5.10959791e-01 2.75335746e-01 6.79532468e-01
5.10594943e-01 2.81739894e-01 6.86557919e-01
5.10144171e-01 2.88148703e-01 6.93488900e-01
5.09607593e-01 2.94561879e-01 7.00326144e-01
5.08985272e-01 3.00979147e-01 7.07070419e-01
5.08277221e-01 3.07400248e-01 7.13722513e-01
5.07483424e-01 3.13824932e-01 7.20283224e-01
5.06603714e-01 3.20253015e-01 7.26753419e-01
5.05637913e-01 3.26684308e-01 7.33133939e-01
5.04585777e-01 3.33118646e-01 7.39425635e-01
5.03446993e-01 3.39555881e-01 7.45629358e-01
5.02221180e-01 3.45995888e-01 7.51745950e-01
5.00907917e-01 3.52438547e-01 7.57776236e-01
4.99506630e-01 3.58883798e-01 7.63721055e-01
4.98016711e-01 3.65331578e-01 7.69581209e-01
4.96437474e-01 3.71781842e-01 7.75357476e-01
4.94768150e-01 3.78234566e-01 7.81050607e-01
4.93007894e-01 3.84689739e-01 7.86661318e-01
4.91155759e-01 3.91147373e-01 7.92190295e-01
4.89210707e-01 3.97607500e-01 7.97638182e-01
4.87171622e-01 4.04070156e-01 8.03005576e-01
4.85037293e-01 4.10535396e-01 8.08293030e-01
4.82806413e-01 4.17003284e-01 8.13501040e-01
4.80477547e-01 4.23473909e-01 8.18630059e-01
4.78049206e-01 4.29947350e-01 8.23680468e-01
4.75519783e-01 4.36423700e-01 8.28652591e-01
4.72887567e-01 4.42903061e-01 8.33546690e-01
4.70150740e-01 4.49385537e-01 8.38362956e-01
4.67307348e-01 4.55871248e-01 8.43101515e-01
4.64355321e-01 4.62360316e-01 8.47762414e-01
4.61292546e-01 4.68852836e-01 8.52345622e-01
4.58116755e-01 4.75348917e-01 8.56851030e-01
4.54825563e-01 4.81848665e-01 8.61278447e-01
4.51416465e-01 4.88352179e-01 8.65627597e-01
4.47886835e-01 4.94859551e-01 8.69898118e-01
4.44233819e-01 5.01370900e-01 8.74089554e-01
4.40454626e-01 5.07886268e-01 8.78201357e-01
4.36546271e-01 5.14405704e-01 8.82232883e-01
4.32505637e-01 5.20929248e-01 8.86183391e-01
4.28329479e-01 5.27456917e-01 8.90052037e-01
4.24014433e-01 5.33988708e-01 8.93837875e-01
4.19557011e-01 5.40524592e-01 8.97539852e-01
4.14953607e-01 5.47064512e-01 9.01156805e-01
4.10200502e-01 5.53608380e-01 9.04687461e-01
4.05293869e-01 5.60156072e-01 9.08130430e-01
4.00229784e-01 5.66707427e-01 9.11484206e-01
3.95004205e-01 5.73262249e-01 9.14747160e-01
3.89613073e-01 5.79820279e-01 9.17917543e-01
3.84052275e-01 5.86381209e-01 9.20993485e-01
3.78317646e-01 5.92944681e-01 9.23972982e-01
3.72404927e-01 5.99510299e-01 9.26853886e-01
3.66310026e-01 6.06077568e-01 9.29633934e-01
3.60028892e-01 6.12645933e-01 9.32310717e-01
3.53557621e-01 6.19214760e-01 9.34881688e-01
3.46892537e-01 6.25783327e-01 9.37344160e-01
3.40030280e-01 6.32350823e-01 9.39695299e-01
3.32967939e-01 6.38916330e-01 9.41932129e-01
3.25703199e-01 6.45478823e-01 9.44051525e-01
3.18234278e-01 6.52037206e-01 9.46050165e-01
3.10560111e-01 6.58590305e-01 9.47924508e-01
3.02682154e-01 6.65136575e-01 9.49671103e-01
2.94602989e-01 6.71674438e-01 9.51286236e-01
2.86326461e-01 6.78202313e-01 9.52765837e-01
2.77860138e-01 6.84718273e-01 9.54105875e-01
2.69216141e-01 6.91220047e-01 9.55302395e-01
2.60408283e-01 6.97705627e-01 9.56350621e-01
2.51460094e-01 7.04172171e-01 9.57246534e-01
2.42399485e-01 7.10617081e-01 9.57985235e-01
2.33266775e-01 7.17037084e-01 9.58562392e-01
2.24111651e-01 7.23429024e-01 9.58972855e-01
2.15003222e-01 7.29788895e-01 9.59212433e-01
2.06026386e-01 7.36112834e-01 9.59275961e-01
1.97292380e-01 7.42396292e-01 9.59158945e-01
1.88941680e-01 7.48634273e-01 9.58857150e-01
1.81147467e-01 7.54821441e-01 9.58366351e-01
1.74119694e-01 7.60951959e-01 9.57682735e-01
1.68104731e-01 7.67019466e-01 9.56803062e-01
1.63378912e-01 7.73017050e-01 9.55724872e-01
1.60233337e-01 7.78937248e-01 9.54446727e-01
1.58948864e-01 7.84772043e-01 9.52968502e-01
1.59763808e-01 7.90512904e-01 9.51291709e-01
1.62841476e-01 7.96150844e-01 9.49419875e-01
1.68247331e-01 8.01676537e-01 9.47358820e-01
1.75943727e-01 8.07080498e-01 9.45116750e-01
1.85802826e-01 8.12353056e-01 9.42706420e-01
1.97630689e-01 8.17484952e-01 9.40143098e-01
2.11195238e-01 8.22467434e-01 9.37446781e-01
2.26250199e-01 8.27292753e-01 9.34641321e-01
2.42551634e-01 8.31954547e-01 9.31754773e-01
2.59867899e-01 8.36448276e-01 9.28818849e-01
2.77984691e-01 8.40771590e-01 9.25868105e-01
2.96706338e-01 8.44924625e-01 9.22939311e-01
3.15857513e-01 8.48910101e-01 9.20069415e-01
3.35282378e-01 8.52733300e-01 9.17294717e-01
3.54843050e-01 8.56401972e-01 9.14650176e-01
3.74423690e-01 8.59925678e-01 9.12165907e-01
3.93925357e-01 8.63315622e-01 9.09868768e-01
4.13266910e-01 8.66584045e-01 9.07780859e-01
4.32384122e-01 8.69743682e-01 9.05919190e-01
4.51228471e-01 8.72807248e-01 9.04295684e-01
4.69761631e-01 8.75787531e-01 9.02919237e-01
4.87959428e-01 8.78696417e-01 9.01793563e-01
5.05805565e-01 8.81545237e-01 9.00919800e-01
5.23293431e-01 8.84344147e-01 9.00295555e-01
5.40418934e-01 8.87102935e-01 8.99917854e-01
5.57183353e-01 8.89830418e-01 8.99781809e-01
5.73592284e-01 8.92534430e-01 8.99881036e-01
5.89654702e-01 8.95221834e-01 9.00208045e-01
6.05382129e-01 8.97898573e-01 9.00754581e-01
6.20784092e-01 9.00570513e-01 9.01513362e-01
6.35870850e-01 9.03242962e-01 9.02476962e-01
6.50656783e-01 9.05919896e-01 9.03636583e-01
6.65155604e-01 9.08604923e-01 9.04983893e-01
6.79372949e-01 9.11303053e-01 9.06513578e-01
6.93325864e-01 9.14016293e-01 9.08216406e-01
7.07025283e-01 9.16747609e-01 9.10085494e-01
7.20481939e-01 9.19499645e-01 9.12114165e-01
7.33706454e-01 9.22274715e-01 9.14295918e-01
7.46709248e-01 9.25074839e-01 9.16624463e-01
7.59499976e-01 9.27901919e-01 9.19093896e-01
7.72083727e-01 9.30758823e-01 9.21699823e-01
7.84474080e-01 9.33645822e-01 9.24435373e-01
7.96680175e-01 9.36564095e-01 9.27295206e-01
8.08702150e-01 9.39517218e-01 9.30276653e-01
8.20555604e-01 9.42504059e-01 9.33372707e-01
8.32240419e-01 9.45527902e-01 9.36580890e-01
8.43769301e-01 9.48587998e-01 9.39895272e-01
8.55139746e-01 9.51688097e-01 9.43314050e-01
8.66364184e-01 9.54827159e-01 9.46831535e-01
8.77445363e-01 9.58007015e-01 9.50444613e-01
8.88383781e-01 9.61230147e-01 9.54150665e-01
8.99187427e-01 9.64496484e-01 9.57945228e-01
9.09858966e-01 9.67807583e-01 9.61825090e-01
9.20400581e-01 9.71165095e-01 9.65787035e-01
9.30813739e-01 9.74570860e-01 9.69827831e-01
9.41098038e-01 9.78027339e-01 9.73944383e-01
9.51255426e-01 9.81536158e-01 9.78132713e-01
9.61284513e-01 9.85100129e-01 9.82389014e-01
9.71182080e-01 9.88722782e-01 9.86709046e-01
9.80942148e-01 9.92408774e-01 9.91087965e-01
9.90554242e-01 9.96164613e-01 9.95520221e-01
1.00000000e+00 1.00000000e+00 1.00000000e+00
