0.00000000 0.00000000 0.00000000
0.00018693 0.00024314 0.00032722
0.00061792 0.00084959 0.00119961
0.00122235 0.00177209 0.00261491
0.00196126 0.00299121 0.00459723
0.00280517 0.00449550 0.00717986
0.00373132 0.00627698 0.01039731
0.00471980 0.00832976 0.01428802
0.00575150 0.01064946 0.01889699
0.00681109 0.01323216 0.02426659
0.00788387 0.01607455 0.03044325
0.00895369 0.01917392 0.03748321
0.01001003 0.02252714 0.04518313
0.01103754 0.02613179 0.05295511
0.01202679 0.02998480 0.06078714
0.01296411 0.03408347 0.06869381
0.01384129 0.03842447 0.07667723
0.01464471 0.04291694 0.08475225
0.01536913 0.04734430 0.09291678
0.01600057 0.05171332 0.10118735
0.01653421 0.05602565 0.10956348
0.01696321 0.06028257 0.11805026
0.01727634 0.06448493 0.12666159
0.01747069 0.06863300 0.13539818
0.01754200 0.07272670 0.14426513
0.01748621 0.07676549 0.15326911
0.01730057 0.08074841 0.16241676
0.01698397 0.08467408 0.17171465
0.01653713 0.08854062 0.18116920
0.01596306 0.09234573 0.19078664
0.01526742 0.09608661 0.20057289
0.01445900 0.09975996 0.21053346
0.01355034 0.10336197 0.22067324
0.01255833 0.10688831 0.23099638
0.01149597 0.11033281 0.24152018
0.01039748 0.11369048 0.25223743
0.00928915 0.11695347 0.26316348
0.00821699 0.12011477 0.27429412
0.00722520 0.12316408 0.28564361
0.00637774 0.12609122 0.29721177
0.00575192 0.12888441 0.30899806
0.00544127 0.13152973 0.32100242
0.00555946 0.13401002 0.33322756
0.00625591 0.13631014 0.34564820
0.00770468 0.13840665 0.35826210
0.01013127 0.14028015 0.37102529
0.01381023 0.14190707 0.38388984
0.01907805 0.14326772 0.39676907
0.02633410 0.14434869 0.40953454
0.03602378 0.14515398 0.42199275
0.04801657 0.14572157 0.43386851
0.06078988 0.14613374 0.44482799
0.07394755 0.14652411 0.45452622
0.08712182 0.14704697 0.46271786
0.09998901 0.14783154 0.46933376
0.11234242 0.14894809 0.47447617
0.12409718 0.15040821 0.47834711
0.13525273 0.15218501 0.48117510
0.14585209 0.15423404 0.48317207
0.15595601 0.15650661 0.48451682
0.16562703 0.15895719 0.48535349
0.17492109 0.16154669 0.48579687
0.18388778 0.16424229 0.48593739
0.19257140 0.16701670 0.48584520
0.20100813 0.16984828 0.48557637
0.20922763 0.17271991 0.48517628
0.21725709 0.17561748 0.48467974
0.22511890 0.17852995 0.48411511
0.23283197 0.18144862 0.48350554
0.24041377 0.18436633 0.48286860
0.24787922 0.18727743 0.48221861
0.25523993 0.19017780 0.48156866
0.26250819 0.19306367 0.48092724
0.26969379 0.19593229 0.48030227
0.27680615 0.19878131 0.47969934
0.28385286 0.20160904 0.47912386
0.29084243 0.20441371 0.47857817
0.29778103 0.20719425 0.47806570
0.30467507 0.20994961 0.47758818
0.31153091 0.21267874 0.47714612
0.31835398 0.21538086 0.47674007
0.32514943 0.21805528 0.47636999
0.33192182 0.22070144 0.47603572
0.33867605 0.22331864 0.47573589
0.34541654 0.22590628 0.47546904
0.35214743 0.22846379 0.47523347
0.35887267 0.23099062 0.47502711
0.36559600 0.23348625 0.47484762
0.37232101 0.23595014 0.47469234
0.37905110 0.23838176 0.47455839
0.38578953 0.24078061 0.47444262
0.39253935 0.24314619 0.47434167
0.39930349 0.24547801 0.47425197
0.40608468 0.24777561 0.47416976
0.41288551 0.25003856 0.47409111
0.41970839 0.25226644 0.47401193
0.42655557 0.25445887 0.47392798
0.43342910 0.25661553 0.47383493
0.44033088 0.25873612 0.47372831
0.44726263 0.26082039 0.47360358
0.45422588 0.26286817 0.47345616
0.46122200 0.26487930 0.47328137
0.46825219 0.26685371 0.47307453
0.47531744 0.26879138 0.47283097
0.48241859 0.27069236 0.47254601
0.48955628 0.27255677 0.47221504
0.49673101 0.27438478 0.47183348
0.50394308 0.27617664 0.47139683
0.51119266 0.27793267 0.47090067
0.51847975 0.27965324 0.47034069
0.52580421 0.28133879 0.46971271
0.53316576 0.28298983 0.46901267
0.54056400 0.28460694 0.46823664
0.54799838 0.28619072 0.46738086
0.55546827 0.28774188 0.46644173
0.56297291 0.28926114 0.46541580
0.57051144 0.29074930 0.46429979
0.57808294 0.29220721 0.46309061
0.58568638 0.29363577 0.46178531
0.59332065 0.29503591 0.46038114
0.60098460 0.29640865 0.45887550
0.60867699 0.29775503 0.45726597
0.61639653 0.29907615 0.45555028
0.62414189 0.30037317 0.45372633
0.63191166 0.30164729 0.45179215
0.63970439 0.30289979 0.44974594
0.64751879 0.30413186 0.44758573
0.65535342 0.30534483 0.44530975
0.66320648 0.30654029 0.44291695
0.67107635 0.30771981 0.44040604
0.67896132 0.30888499 0.43777583
0.68686044 0.31003700 0.43502378
0.69477126 0.31117814 0.43215011
0.70269188 0.31231034 0.42915397
0.71062137 0.31343494 0.42603261
0.71855693 0.31455467 0.42278680
0.72649701 0.31567149 0.41941483
0.73443956 0.31678776 0.41591574
0.74238229 0.31790615 0.41228903
0.75032310 0.31902930 0.40853357
0.75825975 0.32016003 0.40464826
0.76618925 0.32130190 0.40063352
0.77410985 0.32245761 0.39648649
0.78201822 0.32363125 0.39220771
0.78991134 0.32482682 0.38779658
0.79778618 0.32604848 0.38325211
0.80563943 0.32730078 0.37857337
0.81346753 0.32858868 0.37375950
0.82126659 0.32991758 0.36880979
0.82903236 0.33129336 0.36372368
0.83676021 0.33272247 0.35850081
0.84444505 0.33421195 0.35314116
0.85208130 0.33576947 0.34764502
0.85966368 0.33740274 0.34201018
0.86718495 0.33912130 0.33623938
0.87463846 0.34093454 0.33033145
0.88201579 0.34285351 0.32428957
0.88930869 0.34488947 0.31811377
0.89650743 0.34705515 0.31180705
0.90360116 0.34936443 0.30537392
0.91057804 0.35183223 0.29881969
0.91742531 0.35447452 0.29214944
0.92412801 0.35730903 0.28537467
0.93067021 0.36035443 0.27850703
0.93703412 0.36363070 0.27156297
0.94320052 0.36715888 0.26456128
0.94914806 0.37096098 0.25753019
0.95485401 0.37505943 0.25050228
0.96029419 0.37947656 0.24351994
0.96544350 0.38423362 0.23663638
0.97027663 0.38934997 0.22991402
0.97476907 0.39484143 0.22342891
0.97889846 0.40071874 0.21726971
0.98264601 0.40698617 0.21153525
0.98599828 0.41363991 0.20633301
0.98894859 0.42066717 0.20177398
0.99149771 0.42804647 0.19796528
0.99365448 0.43574805 0.19500429
0.99543492 0.44373589 0.19297067
0.99686100 0.45197006 0.19192114
0.99795909 0.46040895 0.19188662
0.99875774 0.46901196 0.19287149
0.99928611 0.47774107 0.19485625
0.99957277 0.48656185 0.19780155
0.99964464 0.49544419 0.20165323
0.99952633 0.50436250 0.20634753
0.99923980 0.51329555 0.21181593
0.99880512 0.52222541 0.21798869
0.99823937 0.53113809 0.22479816
0.99755837 0.54002168 0.23218002
0.99677508 0.54886747 0.24007547
0.99590145 0.55766818 0.24843079
0.99494796 0.56641820 0.25719788
0.99392377 0.57511331 0.26633416
0.99283728 0.58375015 0.27580187
0.99169643 0.59232595 0.28556741
0.99050686 0.60083969 0.29560287
0.98927637 0.60928906 0.30588120
0.98800941 0.61767406 0.31638142
0.98671162 0.62599397 0.32708363
0.98538878 0.63424807 0.33796980
0.98404518 0.64243663 0.34902520
0.98268542 0.65055971 0.36023626
0.98131399 0.65861751 0.37159084
0.97993520 0.66661031 0.38307811
0.97855326 0.67453848 0.39468824
0.97717281 0.68240219 0.40641177
0.97579734 0.69020221 0.41824123
0.97443077 0.69793910 0.43016934
0.97307752 0.70561316 0.44218864
0.97174154 0.71322497 0.45429272
0.97042622 0.72077534 0.46647626
0.96913651 0.72826438 0.47873231
0.96787525 0.73569318 0.49105687
0.96664730 0.74306191 0.50344360
0.96545600 0.75037144 0.51588832
0.96430524 0.75762239 0.52838637
0.96319971 0.76481506 0.54093211
0.96214259 0.77195039 0.55352207
0.96113790 0.77902897 0.56615175
0.96018976 0.78605135 0.57881664
0.95930235 0.79301809 0.59151211
0.95847923 0.79992998 0.60423452
0.95772435 0.80678767 0.61697970
0.95704164 0.81359182 0.62974354
0.95643502 0.82034310 0.64252193
0.95590836 0.82704220 0.65531081
0.95546556 0.83368980 0.66810614
0.95511046 0.84028660 0.68090387
0.95484689 0.84683333 0.69369997
0.95467870 0.85333067 0.70649036
0.95460971 0.85977934 0.71927096
0.95464376 0.86618003 0.73203767
0.95478472 0.87253344 0.74478630
0.95503676 0.87884014 0.75751219
0.95540374 0.88510081 0.77021123
0.95588966 0.89131607 0.78287916
0.95649880 0.89748641 0.79551143
0.95723586 0.90361220 0.80810305
0.95810596 0.90969367 0.82064865
0.95911418 0.91573097 0.83314363
0.96026680 0.92172388 0.84558221
0.96157166 0.92767166 0.85795724
0.96303729 0.93357323 0.87026267
0.96467563 0.93942638 0.88248949
0.96650247 0.94522763 0.89462688
0.96853968 0.95097142 0.90666052
0.97082028 0.95664882 0.91856639
0.97339245 0.96224649 0.93030608
0.97632743 0.96774591 0.94180395
0.97970998 0.97312985 0.95292266
0.98358025 0.97840716 0.96344568
0.98780208 0.98365186 0.97320110
0.99206183 0.98897727 0.98230896
0.99613449 0.99443445 0.99114147
1.00000000 1.00000000 1.00000000
