5.786928399999999861e-01 9.470045339999999534e-01 9.538350890000000248e-01
5.733009580000000271e-01 9.424481340000000484e-01 9.521858439999999479e-01
5.679041379999999473e-01 9.379061859999999751e-01 9.505502510000000127e-01
5.625018280000000370e-01 9.333784410000000031e-01 9.489295039999999792e-01
5.570940009999999498e-01 9.288646999999999876e-01 9.473232539999999480e-01
5.516802619999999768e-01 9.243647249999999982e-01 9.457322339999999494e-01
5.462604079999999751e-01 9.198782930000000135e-01 9.441566329999999674e-01
5.408342830000000268e-01 9.154051850000000101e-01 9.425964949999999787e-01
5.354014179999999623e-01 9.109451480000000378e-01 9.410527739999999808e-01
5.299618329999999933e-01 9.064979720000000407e-01 9.395250360000000356e-01
5.245151679999999761e-01 9.020634119999999534e-01 9.380139189999999738e-01
5.190611529999999973e-01 8.976412240000000153e-01 9.365198040000000113e-01
5.135997140000000405e-01 8.932311849999999831e-01 9.350425460000000299e-01
5.081305139999999776e-01 8.888330410000000459e-01 9.335827119999999812e-01
5.026532919999999738e-01 8.844465440000000012e-01 9.321406559999999564e-01
4.971679700000000146e-01 8.800714609999999993e-01 9.307162509999999944e-01
4.916743250000000232e-01 8.757075439999999489e-01 9.293097529999999606e-01
4.861719480000000204e-01 8.713545219999999647e-01 9.279219020000000206e-01
4.806607990000000274e-01 8.670121579999999772e-01 9.265524670000000462e-01
4.751406859999999788e-01 8.626801990000000364e-01 9.252016220000000013e-01
4.696113940000000153e-01 8.583583849999999460e-01 9.238695850000000487e-01
4.640726569999999995e-01 8.540464509999999843e-01 9.225567180000000533e-01
4.585242359999999739e-01 8.497441300000000419e-01 9.212632929999999831e-01
4.529660300000000195e-01 8.454511660000000317e-01 9.199892419999999849e-01
4.473978370000000204e-01 8.411672900000000119e-01 9.187347449999999638e-01
4.418194590000000255e-01 8.368922319999999582e-01 9.174999729999999687e-01
4.362307020000000257e-01 8.326257179999999591e-01 9.162850850000000547e-01
4.306313729999999840e-01 8.283674709999999664e-01 9.150902309999999762e-01
4.250212879999999971e-01 8.241172129999999596e-01 9.139155509999999927e-01
4.194002620000000237e-01 8.198746609999999491e-01 9.127611719999999540e-01
4.137681189999999898e-01 8.156395290000000298e-01 9.116272109999999929e-01
4.081246869999999860e-01 8.114115290000000202e-01 9.105137720000000545e-01
4.024698019999999876e-01 8.071903700000000459e-01 9.094209500000000057e-01
3.968033040000000233e-01 8.029757570000000122e-01 9.083488250000000264e-01
3.911250450000000045e-01 7.987673910000000488e-01 9.072974639999999980e-01
3.854348839999999776e-01 7.945649719999999805e-01 9.062669239999999737e-01
3.797326890000000121e-01 7.903681919999999694e-01 9.052572439999999609e-01
3.740183440000000026e-01 7.861767440000000384e-01 9.042684509999999731e-01
3.682917419999999775e-01 7.819903150000000469e-01 9.033005579999999757e-01
3.625527920000000126e-01 7.778085879999999674e-01 9.023535599999999990e-01
3.568014219999999792e-01 7.736312419999999968e-01 9.014274359999999708e-01
3.510374479999999742e-01 7.694579329999999828e-01 9.005224809999999858e-01
3.452608870000000163e-01 7.652883379999999569e-01 8.996385159999999992e-01
3.394717879999999965e-01 7.611221320000000068e-01 8.987753170000000180e-01
3.336701690000000164e-01 7.569589780000000045e-01 8.979327919999999796e-01
3.278558790000000167e-01 7.527984949999999564e-01 8.971113689999999918e-01
3.220291220000000010e-01 7.486403550000000351e-01 8.963106029999999835e-01
3.161900819999999834e-01 7.444842200000000298e-01 8.955301660000000163e-01
3.103386619999999874e-01 7.403296740000000487e-01 8.947706319999999547e-01
3.044752800000000148e-01 7.361763940000000117e-01 8.940312489999999723e-01
2.986001090000000024e-01 7.320239870000000426e-01 8.933120850000000335e-01
2.927134290000000250e-01 7.278720619999999863e-01 8.926130850000000283e-01
2.868157199999999962e-01 7.237202529999999800e-01 8.919337790000000377e-01
2.809073510000000273e-01 7.195681360000000248e-01 8.912742679999999806e-01
2.749889620000000034e-01 7.154153290000000442e-01 8.906340839999999925e-01
2.690612370000000086e-01 7.112614250000000027e-01 8.900129159999999873e-01
2.631248580000000170e-01 7.071059699999999726e-01 8.894108640000000232e-01
2.571809239999999774e-01 7.029485930000000105e-01 8.888270280000000190e-01
2.512304300000000046e-01 6.987888260000000296e-01 8.882614020000000332e-01
2.452746249999999961e-01 6.946262130000000479e-01 8.877137280000000352e-01
2.393150830000000118e-01 6.904603409999999775e-01 8.871832189999999674e-01
2.333535069999999878e-01 6.862907459999999515e-01 8.866694590000000487e-01
2.273918809999999902e-01 6.821169580000000510e-01 8.861719829999999964e-01
2.214324809999999866e-01 6.779384760000000121e-01 8.856904230000000044e-01
2.154779960000000050e-01 6.737548290000000550e-01 8.852240609999999510e-01
2.095315179999999999e-01 6.695655329999999905e-01 8.847721410000000120e-01
2.035965909999999934e-01 6.653700839999999728e-01 8.843339449999999546e-01
1.976772990000000008e-01 6.611679729999999644e-01 8.839086830000000283e-01
1.917783510000000136e-01 6.569586800000000171e-01 8.834954799999999997e-01
1.859051690000000090e-01 6.527416360000000140e-01 8.830936870000000161e-01
1.800640059999999987e-01 6.485163360000000266e-01 8.827020589999999833e-01
1.742620290000000127e-01 6.442822419999999495e-01 8.823194180000000220e-01
1.685074679999999936e-01 6.400388150000000387e-01 8.819444960000000222e-01
1.628098590000000012e-01 6.357854339999999826e-01 8.815763650000000284e-01
1.571800720000000040e-01 6.315215520000000415e-01 8.812134600000000040e-01
1.516304749999999868e-01 6.272466479999999622e-01 8.808539389999999747e-01
1.461755780000000005e-01 6.229600170000000325e-01 8.804968509999999693e-01
1.408313750000000086e-01 6.186612070000000463e-01 8.801396360000000030e-01
1.356166390000000110e-01 6.143495289999999498e-01 8.797809030000000030e-01
1.305522709999999975e-01 6.100244259999999530e-01 8.794183269999999997e-01
1.256617939999999933e-01 6.056853410000000437e-01 8.790494460000000121e-01
1.209717069999999978e-01 6.013316680000000414e-01 8.786718610000000540e-01
1.165115629999999985e-01 5.969627779999999717e-01 8.782830719999999980e-01
1.123134020000000066e-01 5.925781350000000058e-01 8.778799440000000232e-01
1.084119550000000043e-01 5.881771940000000143e-01 8.774591980000000513e-01
1.048442990000000019e-01 5.837594010000000111e-01 8.770174010000000298e-01
1.016491429999999974e-01 5.793242039999999538e-01 8.765508749999999516e-01
9.886509770000000141e-02 5.748711739999999848e-01 8.760552480000000086e-01
9.652994330000000400e-02 5.703998999999999597e-01 8.755258830000000048e-01
9.468006079999999325e-02 5.659098729999999522e-01 8.749582729999999531e-01
9.334587969999999513e-02 5.614008679999999973e-01 8.743466640000000512e-01
9.255346859999999398e-02 5.568725079999999883e-01 8.736856069999999752e-01
9.231937899999999309e-02 5.523247230000000174e-01 8.729684229999999934e-01
9.265243589999999640e-02 5.477573909999999824e-01 8.721883839999999832e-01
9.355187140000000012e-02 5.431705159999999921e-01 8.713381620000000272e-01
9.500669500000000212e-02 5.385643049999999654e-01 8.704096260000000473e-01
9.699740850000000691e-02 5.339390779999999559e-01 8.693941530000000029e-01
9.949601760000000017e-02 5.292954109999999934e-01 8.682822810000000446e-01
1.024680979999999936e-01 5.246341089999999596e-01 8.670638739999999567e-01
1.058754140000000010e-01 5.199561329999999870e-01 8.657283300000000459e-01
1.096757609999999966e-01 5.152628139999999579e-01 8.642641880000000443e-01
1.138257990000000053e-01 5.105557370000000095e-01 8.626594950000000539e-01
1.182804969999999983e-01 5.058369430000000389e-01 8.609015479999999609e-01
1.229958069999999987e-01 5.011087709999999529e-01 8.589773600000000231e-01
1.279281800000000024e-01 4.963739910000000144e-01 8.568736120000000067e-01
1.330349520000000119e-01 4.916358120000000054e-01 8.545768729999999591e-01
1.382746059999999944e-01 4.868978809999999768e-01 8.520738850000000308e-01
1.436071700000000062e-01 4.821642340000000249e-01 8.493519010000000202e-01
1.489942449999999974e-01 4.774392689999999995e-01 8.463990200000000019e-01
1.543979940000000106e-01 4.727278080000000271e-01 8.432045289999999804e-01
1.597834449999999962e-01 4.680347739999999868e-01 8.397594250000000038e-01
1.651163489999999956e-01 4.633653500000000092e-01 8.360567060000000383e-01
1.703652149999999865e-01 4.587246480000000126e-01 8.320917740000000062e-01
1.755008239999999997e-01 4.541176699999999733e-01 8.278626709999999944e-01
1.804966669999999995e-01 4.495491469999999823e-01 8.233702529999999964e-01
1.853294349999999868e-01 4.450233909999999904e-01 8.186181949999999929e-01
1.899789910000000137e-01 4.405442090000000199e-01 8.136129149999999921e-01
1.944290780000000052e-01 4.361147530000000216e-01 8.083632509999999494e-01
1.986663939999999962e-01 4.317375760000000118e-01 8.028803030000000174e-01
2.026818860000000055e-01 4.274144559999999982e-01 7.971767229999999760e-01
2.064687279999999903e-01 4.231466130000000048e-01 7.912667439999999663e-01
2.100241609999999870e-01 4.189345170000000063e-01 7.851651299999999889e-01
2.133474370000000009e-01 4.147781309999999944e-01 7.788872700000000204e-01
2.164400700000000122e-01 4.106769189999999736e-01 7.724486430000000459e-01
2.193054909999999913e-01 4.066299159999999802e-01 7.658644890000000371e-01
2.219487089999999940e-01 4.026358099999999829e-01 7.591495400000000116e-01
2.243759800000000026e-01 3.986930129999999850e-01 7.523178149999999453e-01
2.265939240000000021e-01 3.947997810000000163e-01 7.453828359999999931e-01
2.286101969999999872e-01 3.909541950000000043e-01 7.383570229999999457e-01
2.304324319999999926e-01 3.871542760000000194e-01 7.312521610000000116e-01
2.320689260000000087e-01 3.833979659999999789e-01 7.240788120000000161e-01
2.335275229999999869e-01 3.796832330000000089e-01 7.168470089999999795e-01
2.348160840000000082e-01 3.760080510000000098e-01 7.095659010000000544e-01
2.359423979999999976e-01 3.723704259999999766e-01 7.022437759999999862e-01
2.369141050000000137e-01 3.687684119999999899e-01 6.948881040000000064e-01
2.377386429999999995e-01 3.652001260000000138e-01 6.875055799999999495e-01
2.384222820000000131e-01 3.616637890000000133e-01 6.801031360000000525e-01
2.389725940000000104e-01 3.581576360000000014e-01 6.726855010000000190e-01
2.393950089999999919e-01 3.546800410000000014e-01 6.652587490000000381e-01
2.396962250000000128e-01 3.512294069999999935e-01 6.578267759999999464e-01
2.398817729999999926e-01 3.478042419999999857e-01 6.503939429999999744e-01
2.399569430000000059e-01 3.444031229999999777e-01 6.429641499999999565e-01
2.399267790000000067e-01 3.410246989999999867e-01 6.355408790000000030e-01
2.397960899999999895e-01 3.376676889999999931e-01 6.281272270000000102e-01
2.395694439999999925e-01 3.343308819999999959e-01 6.207259370000000054e-01
2.392511830000000062e-01 3.310131279999999898e-01 6.133394309999999905e-01
2.388454240000000006e-01 3.277133440000000175e-01 6.059698439999999797e-01
2.383558080000000023e-01 3.244304989999999833e-01 5.986194369999999765e-01
2.377857989999999921e-01 3.211636150000000134e-01 5.912902309999999995e-01
2.371391890000000002e-01 3.179117799999999772e-01 5.839832379999999601e-01
2.364185940000000097e-01 3.146741040000000100e-01 5.767008310000000249e-01
2.356275080000000133e-01 3.114497709999999864e-01 5.694435589999999880e-01
2.347686260000000080e-01 3.082379929999999879e-01 5.622128229999999727e-01
2.338443610000000006e-01 3.050380089999999988e-01 5.550101440000000386e-01
2.328575589999999917e-01 3.018491260000000231e-01 5.478359189999999490e-01
2.318105460000000062e-01 2.986706650000000018e-01 5.406910839999999885e-01
2.307055379999999878e-01 2.955019819999999964e-01 5.335764539999999778e-01
2.295446439999999921e-01 2.923424660000000230e-01 5.264927280000000209e-01
2.283298679999999914e-01 2.891915310000000017e-01 5.194405050000000523e-01
2.270631200000000072e-01 2.860486210000000029e-01 5.124202890000000288e-01
2.257462150000000001e-01 2.829132030000000020e-01 5.054324970000000361e-01
2.243808780000000058e-01 2.797847700000000160e-01 4.984774699999999781e-01
2.229687519999999923e-01 2.766628360000000231e-01 4.915554750000000195e-01
2.215113959999999993e-01 2.735469369999999900e-01 4.846667150000000257e-01
2.200102389999999963e-01 2.704366209999999882e-01 4.778114609999999929e-01
2.184664440000000096e-01 2.673314359999999779e-01 4.709903590000000251e-01
2.168816249999999946e-01 2.642309950000000240e-01 4.642028670000000190e-01
2.152569850000000118e-01 2.611348949999999780e-01 4.574491459999999732e-01
2.135934180000000071e-01 2.580427180000000043e-01 4.507299089999999842e-01
2.118924500000000100e-01 2.549541350000000262e-01 4.440442279999999853e-01
2.101547320000000107e-01 2.518687370000000092e-01 4.373930639999999981e-01
2.083816559999999984e-01 2.487862170000000039e-01 4.307754500000000042e-01
2.065737930000000055e-01 2.457061869999999926e-01 4.241922739999999803e-01
2.047324299999999930e-01 2.426283619999999863e-01 4.176424959999999742e-01
2.028580670000000030e-01 2.395523720000000134e-01 4.111269220000000058e-01
2.009517560000000092e-01 2.364779290000000034e-01 4.046448229999999868e-01
1.990143020000000040e-01 2.334047310000000042e-01 3.981959620000000144e-01
1.970461470000000048e-01 2.303324310000000041e-01 3.917809449999999916e-01
1.950482339999999870e-01 2.272607660000000029e-01 3.853989320000000274e-01
1.930212099999999986e-01 2.241894409999999893e-01 3.790497509999999903e-01
1.909656760000000009e-01 2.211181650000000054e-01 3.727332440000000191e-01
1.888820679999999863e-01 2.180466279999999923e-01 3.664496150000000063e-01
1.867710700000000112e-01 2.149745660000000058e-01 3.601982659999999892e-01
1.846332139999999900e-01 2.119017009999999979e-01 3.539789260000000271e-01
1.824689820000000018e-01 2.088277510000000059e-01 3.477913630000000200e-01
1.802788320000000000e-01 2.057524380000000097e-01 3.416353229999999908e-01
1.780631940000000080e-01 2.026754859999999880e-01 3.355105389999999965e-01
1.758224720000000074e-01 1.995966160000000045e-01 3.294167279999999920e-01
1.735570469999999921e-01 1.965155520000000100e-01 3.233535920000000230e-01
1.712672729999999977e-01 1.934320150000000127e-01 3.173208209999999752e-01
1.689534809999999887e-01 1.903457279999999918e-01 3.113180899999999918e-01
1.666159789999999974e-01 1.872564080000000131e-01 3.053450620000000004e-01
1.642550479999999868e-01 1.841637740000000023e-01 2.994013899999999895e-01
1.618709500000000134e-01 1.810675389999999996e-01 2.934867139999999819e-01
1.594639220000000079e-01 1.779674129999999910e-01 2.876006620000000069e-01
1.570341759999999975e-01 1.748631029999999920e-01 2.817428539999999870e-01
1.545818760000000069e-01 1.717543049999999960e-01 2.759129989999999921e-01
1.521071340000000049e-01 1.686407050000000019e-01 2.701108830000000238e-01
1.496101730000000130e-01 1.655220059999999993e-01 2.643358370000000179e-01
1.470911189999999924e-01 1.623978939999999871e-01 2.585874369999999756e-01
1.445500700000000027e-01 1.592680439999999975e-01 2.528652490000000141e-01
1.419870109999999963e-01 1.561321039999999938e-01 2.471691649999999962e-01
1.394020310000000096e-01 1.529897400000000129e-01 2.414986120000000014e-01
1.367952169999999967e-01 1.498406140000000109e-01 2.358529299999999884e-01
1.341665449999999982e-01 1.466843559999999880e-01 2.302317530000000112e-01
1.315158849999999990e-01 1.435205679999999873e-01 2.246350089999999966e-01
1.288433360000000028e-01 1.403488960000000008e-01 2.190616870000000049e-01
1.261487779999999892e-01 1.371689269999999961e-01 2.135114660000000109e-01
1.234320319999999971e-01 1.339802280000000068e-01 2.079841460000000086e-01
1.206931110000000057e-01 1.307823959999999952e-01 2.024786799999999942e-01
1.179317260000000006e-01 1.275749519999999915e-01 1.969950480000000059e-01
1.151477770000000067e-01 1.243574459999999965e-01 1.915323770000000037e-01
1.123410370000000047e-01 1.211293840000000066e-01 1.860901470000000113e-01
1.095112089999999982e-01 1.178902420000000062e-01 1.806679730000000095e-01
1.066581030000000041e-01 1.146395040000000032e-01 1.752648890000000070e-01
1.037812800000000035e-01 1.113765780000000039e-01 1.698807509999999965e-01
1.008805200000000013e-01 1.081009029999999982e-01 1.645143669999999947e-01
9.795529279999999617e-02 1.048118219999999989e-01 1.591656160000000098e-01
9.500528569999999728e-02 1.015087060000000041e-01 1.538332759999999910e-01
9.202991000000000643e-02 9.819083319999999393e-02 1.485170419999999880e-01
8.902870640000000446e-02 9.485748369999999485e-02 1.432158380000000120e-01
8.600105530000000387e-02 9.150786610000000154e-02 1.379289929999999997e-01
8.294629629999999976e-02 8.814114359999999926e-02 1.326557230000000032e-01
7.986379479999999864e-02 8.475644529999999677e-02 1.273948209999999914e-01
7.675263860000000604e-02 8.135278969999999721e-02 1.221459280000000008e-01
7.361210830000000649e-02 7.792919230000000530e-02 1.169074709999999989e-01
7.044121070000000651e-02 7.448454749999999791e-02 1.116786389999999962e-01
6.723889630000000339e-02 7.101767489999999405e-02 1.064584040000000065e-01
6.400410360000000076e-02 6.752732240000000608e-02 1.012452580000000046e-01
6.073553009999999724e-02 6.401210179999999861e-02 9.603817280000000178e-02
5.743181239999999715e-02 6.047052259999999985e-02 9.083572739999999646e-02
5.409148269999999870e-02 5.690096979999999943e-02 8.563620700000000585e-02
5.071283559999999885e-02 5.330165719999999802e-02 8.043811039999999857e-02
4.729397910000000121e-02 4.967062359999999815e-02 7.523979969999999851e-02
4.383289950000000129e-02 4.600572890000000081e-02 7.003904730000000411e-02
4.032532500000000214e-02 4.230458580000000246e-02 6.483370389999999761e-02
3.681197989999999975e-02 3.855880309999999700e-02 5.962157600000000252e-02
3.343837999999999672e-02 3.492348680000000039e-02 5.439990179999999731e-02
3.020655319999999977e-02 3.145663060000000039e-02 4.916555959999999864e-02
2.711859159999999852e-02 2.815891419999999937e-02 4.391515060000000109e-02
2.417668660000000039e-02 2.503114539999999957e-02 3.863829270000000010e-02
2.138315249999999876e-02 2.207427940000000061e-02 3.360126979999999985e-02
1.874050260000000023e-02 1.928945329999999861e-02 2.894484300000000135e-02
1.625140370000000001e-02 1.667799450000000128e-02 2.466102220000000039e-02
1.391874700000000041e-02 1.424146389999999922e-02 2.074208040000000142e-02
1.174569779999999966e-02 1.198170070000000031e-02 1.718057729999999950e-02
9.735753950000000309e-03 9.900879879999999536e-03 1.396943990000000003e-02
7.892853030000000769e-03 8.001597020000000837e-03 1.110188630000000058e-02
6.221482149999999801e-03 6.286976369999999932e-03 8.571571639999999229e-03
4.726844770000000404e-03 4.760829799999999681e-03 6.372743539999999735e-03
3.415130419999999785e-03 3.427901799999999964e-03 4.500374399999999830e-03
2.293937719999999958e-03 2.294262699999999842e-03 2.950457389999999822e-03
1.373016849999999980e-03 1.368002620000000015e-03 1.720556509999999952e-03
6.657565390000000013e-04 6.606291590000000491e-04 8.109775780000000192e-04
1.929182730000000053e-04 1.906030230000000075e-04 2.279254310000000097e-04
0.000000000000000000e+00 0.000000000000000000e+00 0.000000000000000000e+00
2.461475130000000100e-04 1.740223519999999980e-04 1.867780679999999922e-04
8.765059789999999620e-04 5.952181630000000050e-04 6.458160300000000001e-04
1.860263970000000048e-03 1.217267180000000107e-03 1.334022150000000080e-03
3.190020259999999837e-03 2.017886369999999808e-03 2.231634750000000174e-03
4.864383980000000322e-03 2.982183590000000040e-03 3.325715219999999910e-03
6.884651270000000101e-03 4.098997570000000382e-03 4.606637250000000100e-03
9.253602030000000409e-03 5.359412000000000030e-03 6.066696059999999655e-03
1.197496439999999954e-02 6.755995499999999619e-03 7.699414489999999688e-03
1.505310089999999969e-02 8.282375459999999703e-03 9.499152130000000638e-03
1.849283100000000124e-02 9.932968290000000061e-03 1.146086250000000022e-02
2.229931920000000067e-02 1.170279970000000051e-02 1.357993239999999956e-02
2.647800939999999867e-02 1.358737590000000037e-02 1.585206980000000015e-02
3.103458120000000126e-02 1.558259030000000087e-02 1.827322210000000002e-02
3.597483850000000177e-02 1.768468299999999965e-02 2.083952719999999925e-02
4.128526999999999891e-02 1.989015489999999831e-02 2.354725540000000145e-02
4.663687839999999807e-02 2.219573960000000012e-02 2.639277820000000135e-02
5.195828749999999857e-02 2.459837120000000002e-02 2.937253999999999907e-02
5.725331520000000174e-02 2.709515839999999953e-02 3.248303520000000305e-02
6.252528070000000493e-02 2.968336389999999894e-02 3.572078959999999692e-02
6.777709149999999738e-02 3.236038670000000034e-02 3.908234470000000044e-02
7.301135259999999572e-02 3.512372500000000147e-02 4.249785989999999708e-02
7.823032720000000495e-02 3.797101249999999817e-02 4.585146610000000178e-02
8.343602410000000580e-02 4.089097710000000330e-02 4.915452049999999989e-02
8.863025780000000076e-02 4.376920890000000203e-02 5.240870689999999749e-02
9.381465969999999710e-02 4.660433700000000262e-02 5.561550290000000230e-02
9.899070159999999452e-02 4.939825040000000306e-02 5.877620630000000151e-02
1.041597159999999994e-01 5.215268039999999827e-02 6.189195659999999904e-02
1.093230270000000032e-01 5.486914720000000273e-02 6.496371310000000066e-02
1.144816840000000002e-01 5.754915289999999739e-02 6.799236620000000120e-02
1.196366420000000014e-01 6.019409159999999925e-02 7.097869699999999338e-02
1.247888159999999969e-01 6.280523189999999423e-02 7.392337079999999894e-02
1.299392119999999984e-01 6.538365029999999856e-02 7.682689580000000296e-02
1.350885039999999981e-01 6.793051290000000353e-02 7.968979839999999759e-02
1.402373359999999902e-01 7.044690110000000061e-02 8.251252350000000402e-02
1.453865320000000128e-01 7.293367639999999430e-02 8.529534360000000370e-02
1.505366079999999884e-01 7.539181620000000306e-02 8.803857930000000276e-02
1.556880360000000019e-01 7.782224670000000011e-02 9.074249589999999754e-02
1.608415820000000107e-01 8.022562099999999696e-02 9.340714410000000578e-02
1.659974140000000098e-01 8.260293019999999375e-02 9.603279230000000277e-02
1.711562339999999904e-01 8.495474190000000536e-02 9.861938459999999851e-02
1.763182040000000061e-01 8.728193569999999346e-02 1.011670749999999952e-01
1.814839000000000035e-01 8.958505549999999651e-02 1.036757459999999992e-01
1.866534250000000117e-01 9.186492720000000167e-02 1.061454819999999993e-01
1.918273510000000071e-01 9.412200380000000643e-02 1.085760540000000052e-01
1.970056709999999933e-01 9.635710690000000300e-02 1.109675140000000032e-01
2.021888470000000049e-01 9.857069100000000195e-02 1.133195969999999941e-01
2.073769870000000126e-01 1.007634260000000032e-01 1.156322030000000028e-01
2.125702190000000047e-01 1.029359420000000025e-01 1.179051809999999978e-01
2.177689180000000058e-01 1.050886570000000020e-01 1.201381809999999967e-01
2.229730679999999965e-01 1.072222490000000056e-01 1.223310660000000022e-01
2.281827750000000044e-01 1.093372860000000057e-01 1.244835880000000061e-01
2.333981709999999876e-01 1.114342910000000048e-01 1.265954400000000035e-01
2.386194480000000118e-01 1.135137239999999964e-01 1.286662389999999878e-01
2.438465290000000063e-01 1.155762260000000041e-01 1.306957589999999947e-01
2.490794600000000025e-01 1.176223319999999961e-01 1.326836570000000104e-01
2.543182600000000182e-01 1.196525779999999956e-01 1.346295770000000003e-01
2.595629280000000261e-01 1.216675049999999952e-01 1.365331479999999931e-01
2.648134420000000100e-01 1.236676560000000008e-01 1.383939879999999956e-01
2.700697559999999942e-01 1.256535799999999869e-01 1.402117029999999931e-01
2.753318029999999861e-01 1.276258349999999930e-01 1.419858900000000035e-01
2.805994940000000049e-01 1.295849829999999869e-01 1.437161369999999938e-01
2.858727169999999984e-01 1.315315979999999996e-01 1.454020249999999903e-01
2.911513390000000090e-01 1.334662640000000011e-01 1.470431289999999946e-01
2.964352060000000066e-01 1.353895750000000120e-01 1.486390220000000095e-01
3.017241399999999740e-01 1.373021369999999908e-01 1.501892710000000131e-01
3.070179419999999881e-01 1.392045699999999997e-01 1.516934410000000122e-01
3.123163919999999982e-01 1.410975080000000104e-01 1.531511010000000117e-01
3.176192760000000059e-01 1.429815779999999981e-01 1.545617850000000071e-01
3.229264170000000211e-01 1.448573710000000125e-01 1.559249649999999987e-01
3.282374239999999999e-01 1.467256510000000125e-01 1.572403209999999885e-01
3.335519860000000225e-01 1.485871169999999908e-01 1.585074320000000037e-01
3.388698989999999744e-01 1.504423840000000123e-01 1.597257360000000070e-01
3.441907550000000149e-01 1.522922280000000017e-01 1.608948789999999907e-01
3.495141119999999879e-01 1.541374530000000076e-01 1.620145390000000130e-01
3.548397979999999841e-01 1.559786519999999954e-01 1.630840460000000103e-01
3.601671719999999799e-01 1.578167920000000113e-01 1.641032900000000128e-01
3.654959830000000243e-01 1.596525330000000131e-01 1.650716610000000084e-01
3.708256300000000172e-01 1.614868160000000052e-01 1.659889790000000087e-01
3.761557899999999899e-01 1.633203619999999967e-01 1.668546909999999994e-01
3.814858010000000133e-01 1.651541709999999885e-01 1.676686870000000107e-01
3.868153209999999897e-01 1.669889830000000075e-01 1.684304000000000079e-01
3.921436719999999987e-01 1.688258169999999891e-01 1.691397329999999866e-01
3.974702999999999986e-01 1.706655960000000027e-01 1.697964070000000103e-01
4.027947330000000159e-01 1.725091739999999874e-01 1.704000009999999954e-01
4.081162460000000158e-01 1.743576189999999915e-01 1.709504819999999869e-01
4.134342229999999896e-01 1.762119129999999978e-01 1.714476500000000070e-01
4.187480339999999912e-01 1.780730480000000115e-01 1.718913169999999879e-01
4.240570530000000171e-01 1.799420200000000081e-01 1.722812880000000046e-01
4.293605269999999918e-01 1.818199259999999928e-01 1.726175849999999901e-01
4.346577509999999811e-01 1.837078279999999897e-01 1.729001559999999993e-01
4.399479969999999796e-01 1.856068070000000125e-01 1.731289950000000077e-01
4.452305189999999913e-01 1.875179570000000129e-01 1.733041379999999965e-01
4.505045520000000026e-01 1.894423889999999888e-01 1.734256660000000061e-01
4.557693139999999810e-01 1.913812219999999897e-01 1.734937079999999965e-01
4.610240090000000124e-01 1.933355900000000016e-01 1.735084410000000132e-01
4.662678239999999974e-01 1.953066300000000088e-01 1.734700909999999929e-01
4.714999340000000094e-01 1.972954879999999911e-01 1.733789360000000113e-01
4.767195049999999878e-01 1.993033110000000108e-01 1.732353040000000066e-01
4.819256909999999894e-01 2.013312459999999915e-01 1.730395750000000010e-01
4.871176400000000184e-01 2.033804379999999967e-01 1.727921819999999886e-01
4.922944940000000269e-01 2.054520260000000098e-01 1.724936109999999911e-01
4.974553910000000245e-01 2.075471389999999916e-01 1.721443970000000045e-01
5.025994929999999528e-01 2.096668760000000020e-01 1.717450600000000049e-01
5.077259090000000308e-01 2.118123630000000035e-01 1.712963170000000035e-01
5.128337760000000189e-01 2.139846860000000073e-01 1.707988629999999952e-01
5.179222369999999520e-01 2.161849080000000090e-01 1.702534440000000038e-01
5.229904499999999956e-01 2.184140639999999911e-01 1.696608290000000130e-01
5.280375790000000347e-01 2.206731610000000066e-01 1.690218430000000049e-01
5.330627740000000170e-01 2.229631930000000040e-01 1.683374320000000091e-01
5.380652179999999563e-01 2.252851090000000112e-01 1.676085320000000045e-01
5.430441179999999646e-01 2.276398089999999985e-01 1.668360819999999967e-01
5.479986799999999603e-01 2.300281730000000024e-01 1.660211349999999864e-01
5.529281320000000166e-01 2.324510320000000019e-01 1.651647709999999880e-01
5.578317310000000528e-01 2.349091680000000015e-01 1.642680709999999877e-01
5.627087539999999777e-01 2.374033180000000021e-01 1.633321699999999987e-01
5.675584959999999679e-01 2.399341759999999990e-01 1.623582510000000090e-01
5.723802879999999593e-01 2.425023769999999912e-01 1.613475000000000048e-01
5.771734819999999599e-01 2.451085090000000022e-01 1.603011440000000065e-01
5.819374640000000154e-01 2.477531040000000018e-01 1.592204220000000003e-01
5.866716480000000455e-01 2.504366410000000154e-01 1.581065929999999897e-01
5.913754759999999555e-01 2.531595469999999848e-01 1.569609630000000089e-01
5.960484310000000452e-01 2.559221859999999960e-01 1.557847950000000037e-01
6.006900250000000163e-01 2.587248719999999946e-01 1.545793829999999869e-01
6.052997949999999738e-01 2.615678679999999812e-01 1.533460959999999873e-01
6.098773269999999691e-01 2.644513740000000168e-01 1.520862020000000037e-01
6.144222350000000388e-01 2.673755409999999944e-01 1.508010059999999875e-01
6.189341640000000089e-01 2.703404690000000277e-01 1.494918520000000084e-01
6.234127910000000217e-01 2.733462050000000088e-01 1.481600969999999906e-01
6.278578379999999459e-01 2.763927460000000225e-01 1.468069939999999962e-01
6.322690520000000536e-01 2.794800419999999841e-01 1.454338490000000039e-01
6.366462149999999598e-01 2.826079989999999986e-01 1.440419659999999935e-01
6.409891340000000159e-01 2.857764769999999732e-01 1.426327390000000084e-01
6.452976590000000234e-01 2.889852949999999754e-01 1.412073769999999950e-01
6.495716639999999931e-01 2.922342339999999816e-01 1.397671570000000030e-01
6.538110529999999754e-01 2.955230389999999874e-01 1.383133569999999979e-01
6.580157580000000062e-01 2.988514199999999787e-01 1.368472500000000036e-01
6.621857380000000237e-01 3.022190539999999870e-01 1.353701019999999922e-01
6.663209759999999537e-01 3.056255920000000015e-01 1.338831769999999921e-01
6.704214840000000120e-01 3.090706550000000274e-01 1.323877330000000074e-01
6.744872929999999878e-01 3.125538420000000261e-01 1.308850269999999871e-01
6.785184579999999910e-01 3.160747300000000259e-01 1.293763159999999912e-01
6.825150540000000099e-01 3.196328760000000102e-01 1.278628549999999975e-01
6.864771750000000505e-01 3.232278230000000252e-01 1.263459060000000078e-01
6.904049349999999974e-01 3.268590969999999873e-01 1.248267339999999948e-01
6.942984610000000334e-01 3.305262130000000131e-01 1.233066129999999955e-01
6.981578969999999718e-01 3.342286780000000013e-01 1.217868270000000003e-01
7.019833989999999524e-01 3.379659890000000222e-01 1.202686760000000049e-01
7.057751370000000524e-01 3.417376380000000102e-01 1.187534749999999972e-01
7.095333099999999726e-01 3.455430870000000265e-01 1.172427729999999946e-01
7.132581040000000039e-01 3.493818329999999750e-01 1.157378369999999962e-01
7.169497089999999906e-01 3.532533700000000110e-01 1.142399929999999980e-01
7.206083389999999866e-01 3.571571789999999913e-01 1.127507179999999998e-01
7.242342499999999683e-01 3.610926919999999929e-01 1.112718369999999984e-01
7.278276209999999802e-01 3.650594569999999761e-01 1.098044930000000030e-01
7.313887049999999723e-01 3.690569329999999759e-01 1.083504819999999980e-01
7.349177529999999514e-01 3.730845979999999895e-01 1.069115439999999972e-01
7.384149620000000080e-01 3.771419990000000055e-01 1.054891180000000067e-01
7.418806479999999759e-01 3.812285630000000203e-01 1.040854380000000023e-01
7.453149770000000451e-01 3.853438889999999950e-01 1.027018559999999942e-01
7.487182770000000431e-01 3.894874119999999773e-01 1.013407739999999946e-01
7.520907409999999516e-01 3.936587240000000154e-01 1.000038359999999987e-01
7.554326369999999624e-01 3.978573420000000027e-01 9.869323400000000468e-02
7.587442570000000330e-01 4.020827719999999772e-01 9.741132630000000348e-02
7.620257839999999838e-01 4.063346400000000247e-01 9.615999100000000022e-02
7.652775149999999638e-01 4.106124660000000093e-01 9.494178659999999437e-02
7.684997340000000454e-01 4.149157940000000044e-01 9.375926380000000615e-02
7.716926309999999622e-01 4.192442690000000027e-01 9.261462310000000142e-02
7.748564610000000519e-01 4.235974800000000262e-01 9.151046999999999654e-02
7.779914780000000141e-01 4.279750259999999806e-01 9.044948419999999933e-02
7.810979989999999873e-01 4.323764589999999908e-01 8.943467880000000036e-02
7.841762060000000423e-01 4.368014630000000009e-01 8.846857280000000601e-02
7.872263409999999961e-01 4.412496759999999796e-01 8.755400970000000449e-02
7.902486480000000535e-01 4.457207420000000031e-01 8.669389859999999948e-02
7.932433650000000336e-01 4.502143160000000033e-01 8.589118229999999354e-02
7.962107299999999777e-01 4.547300659999999883e-01 8.514882470000000037e-02
7.991509749999999856e-01 4.592676689999999895e-01 8.446979609999999417e-02
8.020643290000000203e-01 4.638268139999999762e-01 8.385705740000000408e-02
8.049510149999999920e-01 4.684072020000000225e-01 8.331354219999999311e-02
8.078112520000000352e-01 4.730085439999999752e-01 8.284213849999999546e-02
8.106452549999999535e-01 4.776305630000000080e-01 8.244566829999999680e-02
8.134532930000000217e-01 4.822729439999999812e-01 8.212705200000000594e-02
8.162355799999999606e-01 4.869354229999999784e-01 8.188893819999999713e-02
8.189922699999999667e-01 4.916177930000000251e-01 8.173367939999999499e-02
8.217235590000000478e-01 4.963198200000000226e-01 8.166362520000000624e-02
8.244296340000000223e-01 5.010412770000000071e-01 8.168095649999999874e-02
8.271108820000000472e-01 5.057817940000000068e-01 8.178821579999999425e-02
8.297673269999999990e-01 5.105412870000000103e-01 8.198674470000000269e-02
8.323991210000000196e-01 5.153195769999999731e-01 8.227805470000000565e-02
8.350066560000000138e-01 5.201163100000000261e-01 8.266403399999999735e-02
8.375899789999999845e-01 5.249313979999999935e-01 8.314545510000000139e-02
8.401492189999999471e-01 5.297646950000000077e-01 8.372308520000000531e-02
8.426848139999999487e-01 5.346158340000000120e-01 8.439814110000000424e-02
8.451966020000000190e-01 5.394848930000000209e-01 8.517023730000000681e-02
8.476851290000000372e-01 5.443714379999999853e-01 8.604030020000000278e-02
8.501502039999999649e-01 5.492755740000000442e-01 8.700745209999999341e-02
8.525923600000000491e-01 5.541968900000000531e-01 8.807206289999999771e-02
8.550113740000000462e-01 5.591355209999999687e-01 8.923279800000000206e-02
8.574078800000000111e-01 5.640909969999999829e-01 9.048972980000000166e-02
8.597816120000000284e-01 5.690634869999999790e-01 9.184109249999999891e-02
8.621329909999999597e-01 5.740526839999999797e-01 9.328616750000000291e-02
8.644621230000000267e-01 5.790585029999999467e-01 9.482352480000000305e-02
8.667690059999999530e-01 5.840809369999999667e-01 9.645144699999999571e-02
8.690541050000000212e-01 5.891196659999999863e-01 9.816879189999999644e-02
8.713173730000000061e-01 5.941747229999999602e-01 9.997354529999999406e-02
8.735588930000000030e-01 5.992460490000000028e-01 1.018638300000000024e-01
8.757789430000000319e-01 6.043334649999999586e-01 1.038379489999999988e-01
8.779777659999999928e-01 6.094368230000000164e-01 1.058940830000000000e-01
8.801553130000000502e-01 6.145561590000000463e-01 1.080300359999999960e-01
8.823117430000000372e-01 6.196913870000000379e-01 1.102438480000000054e-01
8.844472079999999847e-01 6.248424209999999812e-01 1.125335410000000008e-01
8.865619829999999979e-01 6.300091049999999582e-01 1.148972540000000042e-01
8.886561649999999979e-01 6.351914010000000443e-01 1.173329530000000037e-01
8.907298059999999573e-01 6.403892979999999957e-01 1.198385960000000056e-01
8.927830479999999680e-01 6.456027330000000397e-01 1.224122609999999944e-01
8.948160269999999583e-01 6.508316490000000121e-01 1.250520569999999942e-01
8.968288789999999677e-01 6.560759940000000512e-01 1.277561359999999924e-01
8.988217360000000378e-01 6.613357199999999603e-01 1.305226919999999957e-01
9.007947250000000183e-01 6.666107850000000390e-01 1.333499700000000121e-01
9.027479729999999813e-01 6.719011499999999470e-01 1.362362639999999958e-01
9.046816020000000291e-01 6.772067830000000344e-01 1.391799250000000099e-01
9.065957289999999613e-01 6.825276559999999826e-01 1.421793600000000046e-01
9.084904710000000216e-01 6.878637440000000547e-01 1.452330300000000129e-01
9.103659370000000139e-01 6.932150289999999826e-01 1.483394560000000084e-01
9.122222370000000469e-01 6.985814970000000512e-01 1.514972159999999901e-01
9.140594739999999829e-01 7.039631360000000448e-01 1.547049450000000104e-01
9.158777489999999633e-01 7.093599419999999656e-01 1.579613340000000088e-01
9.176771580000000483e-01 7.147719129999999810e-01 1.612651300000000065e-01
9.194577940000000504e-01 7.201990529999999779e-01 1.646151349999999958e-01
9.212198870000000150e-01 7.256412930000000205e-01 1.680102450000000025e-01
9.229635459999999680e-01 7.310986320000000260e-01 1.714493609999999946e-01
9.246887219999999630e-01 7.365711579999999481e-01 1.749313969999999885e-01
9.263954930000000143e-01 7.420588900000000265e-01 1.784553530000000110e-01
9.280839290000000297e-01 7.475618529999999984e-01 1.820202790000000070e-01
9.297542370000000389e-01 7.530800029999999978e-01 1.856252939999999962e-01
9.314066850000000120e-01 7.586132709999999779e-01 1.892695610000000028e-01
9.330410310000000207e-01 7.641618489999999486e-01 1.929521929999999941e-01
9.346573299999999529e-01 7.697257769999999999e-01 1.966724069999999935e-01
9.362559010000000015e-01 7.753049650000000126e-01 2.004294879999999890e-01
9.378368769999999577e-01 7.808994209999999825e-01 2.042227199999999965e-01
9.393999849999999929e-01 7.865093539999999939e-01 2.080513870000000043e-01
9.409454269999999454e-01 7.921347399999999483e-01 2.119148570000000120e-01
9.424736419999999448e-01 7.977754419999999458e-01 2.158125320000000014e-01
9.439841289999999496e-01 8.034317840000000377e-01 2.197437859999999965e-01
9.454772299999999463e-01 8.091036769999999656e-01 2.237080740000000068e-01
9.469531740000000086e-01 8.147910980000000469e-01 2.277048610000000084e-01
9.484114829999999996e-01 8.204943540000000368e-01 2.317336239999999992e-01
9.498529289999999570e-01 8.262131660000000544e-01 2.357938830000000097e-01
9.512769610000000320e-01 8.319478799999999730e-01 2.398851690000000092e-01
9.526838579999999945e-01 8.376984499999999834e-01 2.440070370000000100e-01
9.540737660000000453e-01 8.434648989999999902e-01 2.481590579999999879e-01
9.554463490000000281e-01 8.492474700000000043e-01 2.523408420000000096e-01
9.568022459999999674e-01 8.550459630000000200e-01 2.565519729999999887e-01
9.581407170000000306e-01 8.608608039999999795e-01 2.607921240000000140e-01
9.594626720000000164e-01 8.666916789999999926e-01 2.650608870000000228e-01
9.607671939999999910e-01 8.725390889999999899e-01 2.693579910000000188e-01
