0.000000000000000000e+00 0.000000000000000000e+00 0.000000000000000000e+00
1.935093269999999877e-04 2.500241839999999731e-04 2.345668879999999925e-04
6.457832690000000434e-04 8.780792369999999543e-04 8.124708190000000125e-04
1.290109929999999974e-03 1.840483339999999905e-03 1.679029669999999993e-03
2.091462829999999815e-03 3.121276069999999805e-03 2.806984319999999804e-03
3.025262810000000149e-03 4.712199230000000197e-03 4.176826849999999876e-03
4.072497010000000403e-03 6.608601520000000062e-03 5.772793870000000015e-03
5.217564329999999605e-03 8.807909319999999639e-03 7.581327679999999569e-03
6.447253939999999725e-03 1.130884830000000035e-02 9.590336890000000433e-03
7.750076449999999777e-03 1.411103879999999963e-02 1.178878019999999964e-02
9.116016379999999572e-03 1.721467609999999954e-02 1.416644570000000040e-02
1.053590119999999949e-02 2.062051430000000005e-02 1.671371979999999868e-02
1.200154619999999929e-02 2.432961399999999941e-02 1.942153439999999912e-02
1.350548080000000054e-02 2.834331689999999848e-02 2.228126340000000094e-02
1.504084429999999993e-02 3.266318769999999871e-02 2.528466139999999834e-02
1.660127739999999949e-02 3.729098069999999682e-02 2.842380870000000073e-02
1.818080450000000153e-02 4.217681520000000212e-02 3.169105290000000241e-02
1.977392180000000013e-02 4.703884939999999903e-02 3.507902379999999765e-02
2.137544029999999956e-02 5.186048549999999757e-02 3.858057119999999673e-02
2.298043370000000044e-02 5.664540299999999695e-02 4.213855059999999791e-02
2.458425930000000120e-02 6.139682369999999861e-02 4.560869409999999957e-02
2.618251619999999863e-02 6.611759300000000228e-02 4.900021100000000185e-02
2.777102340000000072e-02 7.081023969999999945e-02 5.231599650000000323e-02
2.934607960000000168e-02 7.547694430000000121e-02 5.555874560000000073e-02
3.090372229999999859e-02 8.011979169999999817e-02 5.873072060000000122e-02
3.244027769999999894e-02 8.474062840000000374e-02 6.183399829999999819e-02
3.395261609999999930e-02 8.934103059999999596e-02 6.487059439999999511e-02
3.543728880000000109e-02 9.392254910000000234e-02 6.784217139999999813e-02
3.689110250000000174e-02 9.848656999999999551e-02 7.075027479999999869e-02
3.831141870000000227e-02 1.030342679999999983e-01 7.359645959999999709e-02
3.969492029999999866e-02 1.075669010000000064e-01 7.638186090000000095e-02
4.102707480000000045e-02 1.120854049999999991e-01 7.910786899999999733e-02
4.228527220000000142e-02 1.165908759999999961e-01 8.177536879999999786e-02
4.347963690000000020e-02 1.210841049999999974e-01 8.438555009999999801e-02
4.461056830000000029e-02 1.255660349999999925e-01 8.693912659999999959e-02
4.567942579999999947e-02 1.300373360000000034e-01 8.943712550000000594e-02
4.668649319999999825e-02 1.344988209999999906e-01 9.188012789999999708e-02
4.763274960000000308e-02 1.389511009999999935e-01 9.426894090000000059e-02
4.851864360000000126e-02 1.433948339999999988e-01 9.660413410000000256e-02
4.934466369999999935e-02 1.478306120000000001e-01 9.888625900000000413e-02
5.011151070000000041e-02 1.522589400000000093e-01 1.011159209999999975e-01
5.081930879999999734e-02 1.566803860000000048e-01 1.032934699999999983e-01
5.146860579999999741e-02 1.610953960000000018e-01 1.054193959999999985e-01
5.205968140000000188e-02 1.655044260000000100e-01 1.074940600000000024e-01
5.259267539999999685e-02 1.699079229999999885e-01 1.095177390000000028e-01
5.306798599999999755e-02 1.743062539999999938e-01 1.114907930000000047e-01
5.348569499999999977e-02 1.786998099999999867e-01 1.134134319999999946e-01
5.384588629999999959e-02 1.830889529999999987e-01 1.152858469999999969e-01
5.414878830000000032e-02 1.874739930000000054e-01 1.171082630000000041e-01
5.439441009999999854e-02 1.918552540000000028e-01 1.188807989999999953e-01
5.458274970000000226e-02 1.962330340000000006e-01 1.206035470000000054e-01
5.471388049999999920e-02 2.006076009999999965e-01 1.222766099999999939e-01
5.478778000000000120e-02 2.049792159999999919e-01 1.239000330000000066e-01
5.480437009999999942e-02 2.093481289999999939e-01 1.254738169999999875e-01
5.476361269999999865e-02 2.137145659999999947e-01 1.269979579999999941e-01
5.466543060000000204e-02 2.180787409999999926e-01 1.284724170000000054e-01
5.450971400000000078e-02 2.224408599999999903e-01 1.298971190000000053e-01
5.429637219999999820e-02 2.268011080000000013e-01 1.312719729999999863e-01
5.402522530000000017e-02 2.311596710000000110e-01 1.325968299999999989e-01
5.369618980000000208e-02 2.355167069999999918e-01 1.338715550000000032e-01
5.330916050000000100e-02 2.398723660000000035e-01 1.350959780000000054e-01
5.286390409999999762e-02 2.442268049999999913e-01 1.362698469999999995e-01
5.236033710000000119e-02 2.485801499999999997e-01 1.373929449999999886e-01
5.179841999999999780e-02 2.529325130000000255e-01 1.384650360000000135e-01
5.117791380000000223e-02 2.572840220000000011e-01 1.394857690000000094e-01
5.049875859999999883e-02 2.616347780000000123e-01 1.404548290000000033e-01
4.976106720000000178e-02 2.659848539999999928e-01 1.413719230000000104e-01
4.896460870000000215e-02 2.703343590000000241e-01 1.422365780000000024e-01
4.810950249999999817e-02 2.746833590000000158e-01 1.430484049999999896e-01
4.719609040000000144e-02 2.790318949999999742e-01 1.438070449999999945e-01
4.622410550000000118e-02 2.833800690000000122e-01 1.445118340000000057e-01
4.519423429999999686e-02 2.877278890000000144e-01 1.451624069999999933e-01
4.410691950000000111e-02 2.920753910000000175e-01 1.457582179999999950e-01
4.296227670000000304e-02 2.964226460000000118e-01 1.462985029999999964e-01
4.176177760000000100e-02 3.007696080000000216e-01 1.467829069999999902e-01
4.050561779999999751e-02 3.051163559999999775e-01 1.472104660000000120e-01
3.918604149999999758e-02 3.094628320000000210e-01 1.475807229999999970e-01
3.783946619999999789e-02 3.138090599999999730e-01 1.478927740000000046e-01
3.647195150000000219e-02 3.181550089999999886e-01 1.481458820000000065e-01
3.508871980000000113e-02 3.225006480000000009e-01 1.483391950000000070e-01
3.369529839999999693e-02 3.268459450000000266e-01 1.484717869999999940e-01
3.229772410000000121e-02 3.311908459999999832e-01 1.485427209999999887e-01
3.090251930000000036e-02 3.355352810000000185e-01 1.485510310000000000e-01
2.951610090000000158e-02 3.398792079999999882e-01 1.484954790000000135e-01
2.814670979999999920e-02 3.442224740000000005e-01 1.483753060000000124e-01
2.680053539999999873e-02 3.485650980000000176e-01 1.481886500000000051e-01
2.548739270000000001e-02 3.529068610000000161e-01 1.479348480000000077e-01
2.421569919999999945e-02 3.572476720000000161e-01 1.476123569999999996e-01
2.299413830000000131e-02 3.615874470000000063e-01 1.472193940000000034e-01
2.183378570000000032e-02 3.659259619999999935e-01 1.467548479999999933e-01
2.074529339999999986e-02 3.702630559999999793e-01 1.462170419999999915e-01
1.973934659999999897e-02 3.745985949999999787e-01 1.456038630000000000e-01
1.882846250000000041e-02 3.789323549999999985e-01 1.449135599999999968e-01
1.802600689999999881e-02 3.832640909999999734e-01 1.441442749999999884e-01
1.734584369999999862e-02 3.875935640000000015e-01 1.432938239999999863e-01
1.680280569999999946e-02 3.919205110000000269e-01 1.423598699999999995e-01
1.641277860000000047e-02 3.962446430000000075e-01 1.413399100000000130e-01
1.619279540000000128e-02 4.005656439999999985e-01 1.402312619999999954e-01
1.616114000000000092e-02 4.048831669999999883e-01 1.390310529999999878e-01
1.633746399999999946e-02 4.091968280000000124e-01 1.377362020000000020e-01
1.674291639999999845e-02 4.135062099999999852e-01 1.363434030000000019e-01
1.740028719999999959e-02 4.178108520000000103e-01 1.348491129999999927e-01
1.833377240000000005e-02 4.221102720000000086e-01 1.332492439999999889e-01
1.956907750000000043e-02 4.264039709999999928e-01 1.315390130000000102e-01
2.113598059999999973e-02 4.306912700000000149e-01 1.297146540000000126e-01
2.306455339999999993e-02 4.349715679999999751e-01 1.277704359999999872e-01
2.538846109999999892e-02 4.392441340000000083e-01 1.257008169999999925e-01
2.814416230000000088e-02 4.435081770000000034e-01 1.234995380000000059e-01
3.137207040000000030e-02 4.477627759999999735e-01 1.211603549999999974e-01
3.511448350000000163e-02 4.520070480000000224e-01 1.186742449999999977e-01
3.942021219999999881e-02 4.562398389999999804e-01 1.160337000000000035e-01
4.417431039999999975e-02 4.604599420000000110e-01 1.132291829999999971e-01
4.920916289999999887e-02 4.646659989999999962e-01 1.102499930000000045e-01
5.452633889999999872e-02 4.688564720000000241e-01 1.070842860000000007e-01
6.012048009999999831e-02 4.730296580000000195e-01 1.037176519999999935e-01
6.598976210000000175e-02 4.771835629999999773e-01 1.001350700000000066e-01
7.213525110000000573e-02 4.813159240000000061e-01 9.631907929999999896e-02
7.856109310000000678e-02 4.854241479999999997e-01 9.224943519999999342e-02
8.527477849999999526e-02 4.895052529999999735e-01 8.790164450000000074e-02
9.228739499999999429e-02 4.935557409999999923e-01 8.324793490000000074e-02
9.961356709999999448e-02 4.975714980000000009e-01 7.825696420000000098e-02
1.072718019999999994e-01 5.015476859999999926e-01 7.289181120000000347e-02
1.152853550000000060e-01 5.054785640000000191e-01 6.710751319999999631e-02
1.236823179999999994e-01 5.093572589999999511e-01 6.085182749999999696e-02
1.324946690000000094e-01 5.131755770000000494e-01 5.406769949999999658e-02
1.417603649999999993e-01 5.169236790000000248e-01 4.668661889999999731e-02
1.515193519999999960e-01 5.205899619999999617e-01 3.863417990000000274e-02
1.618095689999999864e-01 5.241611400000000254e-01 3.051659110000000050e-02
1.726596679999999884e-01 5.276227669999999925e-01 2.295739709999999878e-02
1.840702630000000117e-01 5.309612289999999790e-01 1.626664449999999998e-02
1.959901500000000019e-01 5.341674299999999986e-01 1.084213109999999924e-02
2.082922680000000026e-01 5.372421410000000064e-01 7.136454940000000122e-03
2.207685789999999926e-01 5.402007279999999634e-01 5.572183250000000386e-03
2.331726660000000007e-01 5.430718519999999661e-01 6.424218159999999997e-03
2.452856740000000091e-01 5.458898869999999626e-01 9.758778900000000811e-03
2.569653379999999876e-01 5.486856239999999829e-01 1.546592939999999992e-02
2.681497950000000241e-01 5.514815109999999798e-01 2.334609610000000154e-02
2.788348359999999748e-01 5.542915999999999954e-01 3.318458430000000015e-02
2.890486380000000244e-01 5.571235390000000010e-01 4.459205830000000093e-02
2.988324700000000167e-01 5.599809759999999637e-01 5.592558229999999853e-02
3.082306590000000179e-01 5.628651679999999713e-01 6.688565790000000622e-02
3.172855430000000032e-01 5.657760560000000272e-01 7.749586569999999952e-02
3.260357910000000192e-01 5.687128219999999512e-01 8.779020349999999695e-02
3.345145110000000144e-01 5.716745589999999710e-01 9.780295949999999461e-02
3.427519030000000244e-01 5.746599279999999865e-01 1.075679989999999975e-01
3.507733199999999996e-01 5.776677890000000426e-01 1.171149150000000000e-01
3.586012960000000138e-01 5.806969090000000389e-01 1.264705520000000138e-01
3.662537690000000068e-01 5.837465499999999752e-01 1.356562990000000080e-01
3.737487849999999723e-01 5.868154199999999765e-01 1.446939240000000015e-01
3.811006399999999905e-01 5.899027159999999936e-01 1.536005059999999978e-01
3.883220510000000014e-01 5.930076779999999825e-01 1.623911269999999962e-01
3.954244880000000184e-01 5.961295479999999536e-01 1.710793320000000006e-01
4.024181800000000142e-01 5.992676209999999726e-01 1.796771259999999926e-01
4.093109010000000048e-01 6.024216479999999763e-01 1.881930519999999996e-01
4.161121770000000275e-01 6.055906580000000039e-01 1.966385549999999927e-01
4.228277449999999771e-01 6.087746000000000546e-01 2.050194730000000076e-01
4.294647160000000241e-01 6.119728559999999540e-01 2.133439920000000101e-01
4.360288420000000276e-01 6.151850669999999743e-01 2.216183790000000042e-01
4.425252040000000053e-01 6.184109559999999561e-01 2.298479999999999968e-01
4.489584859999999900e-01 6.216502579999999556e-01 2.380377499999999924e-01
4.553330119999999814e-01 6.249027230000000488e-01 2.461921079999999928e-01
4.616527739999999880e-01 6.281681150000000269e-01 2.543151710000000065e-01
4.679214589999999840e-01 6.314462170000000318e-01 2.624106909999999737e-01
4.741422690000000051e-01 6.347369010000000200e-01 2.704817119999999853e-01
4.803178559999999875e-01 6.380401669999999914e-01 2.785303949999999862e-01
4.864517649999999804e-01 6.413556339999999523e-01 2.865607809999999867e-01
4.925460320000000225e-01 6.446834049999999872e-01 2.945741729999999947e-01
4.986033409999999777e-01 6.480232959999999709e-01 3.025732709999999770e-01
5.046257520000000385e-01 6.513753070000000145e-01 3.105596860000000015e-01
5.106156410000000090e-01 6.547392739999999822e-01 3.185358130000000010e-01
5.165743510000000427e-01 6.581153920000000213e-01 3.265020149999999788e-01
5.225043280000000179e-01 6.615033879999999700e-01 3.344611100000000059e-01
5.284070749999999483e-01 6.649033239999999623e-01 3.424140460000000274e-01
5.342837550000000268e-01 6.683153750000000448e-01 3.503610899999999861e-01
5.401363110000000356e-01 6.717393640000000055e-01 3.583043619999999874e-01
5.459660880000000160e-01 6.751753360000000148e-01 3.662447520000000067e-01
5.517743590000000475e-01 6.786233360000000214e-01 3.741830859999999981e-01
5.575623360000000472e-01 6.820834159999999979e-01 3.821201289999999751e-01
5.633311720000000467e-01 6.855556320000000259e-01 3.900565930000000070e-01
5.690819630000000240e-01 6.890400439999999627e-01 3.979931360000000251e-01
5.748157480000000152e-01 6.925367190000000228e-01 4.059303550000000205e-01
5.805335360000000167e-01 6.960457199999999789e-01 4.138688549999999799e-01
5.862362629999999797e-01 6.995671260000000391e-01 4.218091150000000122e-01
5.919248360000000098e-01 7.031010159999999676e-01 4.297516310000000228e-01
5.976001210000000397e-01 7.066474710000000270e-01 4.376968439999999738e-01
6.032629430000000514e-01 7.102065779999999773e-01 4.456451579999999857e-01
6.089140910000000462e-01 7.137784299999999638e-01 4.535969440000000019e-01
6.145543209999999590e-01 7.173631219999999642e-01 4.615525389999999839e-01
6.201843569999999639e-01 7.209607550000000087e-01 4.695122489999999926e-01
6.258048259999999807e-01 7.245714680000000518e-01 4.774761599999999828e-01
6.314162290000000510e-01 7.281954569999999904e-01 4.854440320000000253e-01
6.370194279999999987e-01 7.318327209999999639e-01 4.934167159999999774e-01
6.426150409999999980e-01 7.354833760000000220e-01 5.013944089999999854e-01
6.482035619999999554e-01 7.391475950000000461e-01 5.093769879999999750e-01
6.537854090000000395e-01 7.428255879999999811e-01 5.173641169999999567e-01
6.593613879999999927e-01 7.465173459999999706e-01 5.253566790000000486e-01
6.649319790000000063e-01 7.502230279999999585e-01 5.333546190000000298e-01
6.704974280000000064e-01 7.539429229999999871e-01 5.413571459999999558e-01
6.760585639999999730e-01 7.576769859999999968e-01 5.493653530000000007e-01
6.816157130000000119e-01 7.614254470000000330e-01 5.573787609999999448e-01
6.871692809999999652e-01 7.651884920000000534e-01 5.653971629999999804e-01
6.927199619999999669e-01 7.689661300000000255e-01 5.734213249999999817e-01
6.982678289999999510e-01 7.727587339999999472e-01 5.814499749999999523e-01
7.038136820000000515e-01 7.765662420000000177e-01 5.894842780000000282e-01
7.093577060000000323e-01 7.803889550000000508e-01 5.975233490000000369e-01
7.149004610000000426e-01 7.842269450000000086e-01 6.055675919999999879e-01
7.204422839999999884e-01 7.880804190000000320e-01 6.136166490000000140e-01
7.259836130000000276e-01 7.919495189999999907e-01 6.216705139999999519e-01
7.315248410000000368e-01 7.958344149999999617e-01 6.297290279999999685e-01
7.370663720000000252e-01 7.997352650000000285e-01 6.377920750000000139e-01
7.426085799999999626e-01 8.036522480000000135e-01 6.458594189999999902e-01
7.481519119999999745e-01 8.075854970000000410e-01 6.539310790000000262e-01
7.536966659999999596e-01 8.115352409999999628e-01 6.620065120000000469e-01
7.592433849999999929e-01 8.155015460000000216e-01 6.700860760000000305e-01
7.647922510000000340e-01 8.194847250000000249e-01 6.781687349999999670e-01
7.703438950000000007e-01 8.234847849999999969e-01 6.862551390000000140e-01
7.758985099999999857e-01 8.275020389999999670e-01 6.943442119999999607e-01
7.814566459999999770e-01 8.315365529999999561e-01 7.024362229999999707e-01
7.870186810000000532e-01 8.355885199999999458e-01 7.105307199999999490e-01
7.925849649999999746e-01 8.396581579999999878e-01 7.186270639999999821e-01
7.981560629999999712e-01 8.437455360000000182e-01 7.267254220000000098e-01
8.037322770000000505e-01 8.478509210000000351e-01 7.348248010000000274e-01
8.093141510000000372e-01 8.519744120000000143e-01 7.429251089999999724e-01
8.149022000000000210e-01 8.561161409999999972e-01 7.510260229999999870e-01
8.204967619999999906e-01 8.602763810000000344e-01 7.591263459999999519e-01
8.260985069999999819e-01 8.644551729999999656e-01 7.672261289999999789e-01
8.317079590000000522e-01 8.686526789999999831e-01 7.753246499999999486e-01
8.373255889999999813e-01 8.728691290000000214e-01 7.834207319999999530e-01
8.429521199999999714e-01 8.771045729999999985e-01 7.915140859999999501e-01
8.485881920000000189e-01 8.813591520000000346e-01 7.996037910000000082e-01
8.542343970000000342e-01 8.856330759999999636e-01 8.076884140000000212e-01
8.598915830000000149e-01 8.899263849999999865e-01 8.157673069999999971e-01
8.655605469999999579e-01 8.942391960000000140e-01 8.238392020000000482e-01
8.712420829999999450e-01 8.985716750000000141e-01 8.319023709999999738e-01
8.769371830000000090e-01 9.029238809999999837e-01 8.399554420000000521e-01
8.826468760000000247e-01 9.072958960000000461e-01 8.479966410000000510e-01
8.883722330000000111e-01 9.116878349999999465e-01 8.560237200000000435e-01
8.941144279999999611e-01 9.160998040000000175e-01 8.640341729999999609e-01
8.998747780000000418e-01 9.205318670000000036e-01 8.720253479999999779e-01
9.056546370000000401e-01 9.249841450000000354e-01 8.799939199999999850e-01
9.114553720000000414e-01 9.294568290000000399e-01 8.879358280000000381e-01
9.172784480000000240e-01 9.339501110000000272e-01 8.958466779999999519e-01
9.231252469999999821e-01 9.384643070000000531e-01 9.037211849999999824e-01
9.289969489999999608e-01 9.429999150000000219e-01 9.115531100000000553e-01
9.348943090000000344e-01 9.475577139999999954e-01 9.193350989999999889e-01
9.408174569999999681e-01 9.521388069999999759e-01 9.270591030000000510e-01
9.467653120000000255e-01 9.567448840000000176e-01 9.347160140000000395e-01
9.527349929999999745e-01 9.613784029999999925e-01 9.422962339999999548e-01
9.587210210000000066e-01 9.660428199999999688e-01 9.497904740000000512e-01
9.647145929999999536e-01 9.707427069999999825e-01 9.571914430000000307e-01
9.707029929999999585e-01 9.754837859999999639e-01 9.644957840000000227e-01
9.766699300000000195e-01 9.802725169999999544e-01 9.717068530000000370e-01
9.825972060000000008e-01 9.851151929999999446e-01 9.788370640000000344e-01
9.884678989999999832e-01 9.900165920000000286e-01 9.859087380000000067e-01
9.942701459999999658e-01 9.949786919999999979e-01 9.929519589999999951e-01
1.000000000000000000e+00 1.000000000000000000e+00 1.000000000000000000e+00
