0.000000000000000000e+00 0.000000000000000000e+00 0.000000000000000000e+00
2.262766049999999948e-04 1.273127180000000077e-04 1.804113229999999878e-04
8.136455459999999799e-04 4.288914909999999732e-04 6.398349189999999465e-04
1.742601839999999985e-03 8.636852590000000445e-04 1.354872679999999906e-03
3.012374710000000153e-03 1.410203710000000046e-03 2.321243159999999972e-03
4.626445780000000216e-03 2.053195079999999961e-03 3.540227249999999826e-03
6.590222290000000323e-03 2.780503850000000214e-03 5.016128760000000339e-03
8.909548700000000446e-03 3.582080999999999980e-03 6.754978879999999977e-03
1.159085600000000008e-02 4.449101839999999690e-03 8.764350179999999893e-03
1.464139079999999919e-02 5.373396489999999678e-03 1.105339590000000045e-02
1.806759780000000148e-02 6.347881659999999628e-03 1.363186490000000035e-02
2.187663399999999897e-02 7.365693490000000190e-03 1.651095039999999833e-02
2.607571649999999852e-02 8.420341289999999299e-03 1.970294009999999998e-02
3.067144880000000073e-02 9.505915639999999375e-03 2.322078030000000043e-02
3.567140509999999765e-02 1.061629319999999981e-02 2.707917879999999916e-02
4.106850160000000138e-02 1.174607100000000029e-02 3.129315559999999719e-02
4.652852109999999763e-02 1.288958980000000018e-02 3.587952719999999707e-02
5.196239920000000206e-02 1.404142189999999998e-02 4.084815509999999844e-02
5.737256570000000278e-02 1.519656739999999950e-02 4.592302859999999876e-02
6.276218259999999383e-02 1.634942370000000075e-02 5.102939530000000223e-02
6.813303689999999913e-02 1.749500910000000020e-02 5.617216760000000308e-02
7.348667389999999355e-02 1.862837809999999886e-02 6.135607059999999974e-02
7.882463600000000348e-02 1.974443929999999958e-02 6.658593020000000418e-02
8.414819900000000685e-02 2.083812820000000010e-02 7.186641890000000643e-02
8.945858560000000126e-02 2.190423630000000108e-02 7.720231660000000107e-02
9.475635550000000018e-02 2.293795670000000134e-02 8.259777649999999749e-02
1.000420520000000063e-01 2.393437329999999891e-02 8.805707390000000467e-02
1.053160890000000016e-01 2.488854669999999991e-02 9.358449180000000256e-02
1.105787909999999957e-01 2.579546890000000009e-02 9.918438860000000634e-02
1.158304049999999974e-01 2.665003440000000140e-02 1.048612399999999945e-01
1.210706359999999954e-01 2.744760669999999833e-02 1.106189509999999931e-01
1.262991790000000114e-01 2.818344669999999982e-02 1.164616009999999979e-01
1.315155600000000036e-01 2.885290999999999897e-02 1.223932130000000007e-01
1.367198840000000137e-01 2.945036319999999944e-02 1.284190430000000105e-01
1.419108040000000015e-01 2.997205240000000090e-02 1.345421900000000059e-01
1.470876789999999990e-01 3.041311329999999910e-02 1.407671769999999933e-01
1.522495180000000004e-01 3.076904780000000103e-02 1.470982130000000054e-01
1.573951190000000000e-01 3.103556390000000026e-02 1.535394049999999899e-01
1.625227700000000108e-01 3.120917600000000167e-02 1.600941250000000038e-01
1.676314540000000131e-01 3.128499459999999760e-02 1.667675030000000114e-01
1.727189849999999915e-01 3.126020599999999872e-02 1.735625719999999983e-01
1.777833060000000021e-01 3.113174390000000152e-02 1.804829119999999953e-01
1.828221919999999945e-01 3.089683910000000019e-02 1.875320719999999941e-01
1.878331289999999876e-01 3.055332449999999950e-02 1.947132779999999896e-01
1.928132999999999930e-01 3.009974799999999909e-02 2.020293720000000126e-01
1.977595719999999946e-01 2.953549899999999978e-02 2.094827320000000048e-01
2.026685619999999965e-01 2.886073009999999897e-02 2.170754239999999891e-01
2.075368220000000097e-01 2.807584789999999914e-02 2.248098179999999946e-01
2.123598349999999968e-01 2.718461579999999905e-02 2.326853720000000014e-01
2.171335339999999892e-01 2.618979800000000024e-02 2.407033560000000072e-01
2.218528190000000067e-01 2.509786660000000100e-02 2.488619649999999905e-01
2.265129230000000049e-01 2.391467400000000035e-02 2.571610109999999949e-01
2.311079600000000012e-01 2.265072590000000163e-02 2.655964780000000247e-01
2.356320530000000080e-01 2.131743369999999915e-02 2.741646070000000046e-01
2.400788980000000128e-01 1.992889650000000124e-02 2.828601629999999978e-01
2.444417819999999963e-01 1.850214999999999846e-02 2.916763099999999942e-01
2.487136189999999969e-01 1.705739829999999846e-02 3.006045150000000166e-01
2.528869899999999782e-01 1.561821579999999980e-02 3.096344659999999971e-01
2.569541969999999953e-01 1.421171029999999946e-02 3.187540280000000226e-01
2.609074379999999915e-01 1.286769490000000057e-02 3.279502639999999913e-01
2.647385130000000086e-01 1.162142139999999997e-02 3.372065280000000054e-01
2.684393330000000022e-01 1.051043219999999931e-02 3.465059549999999766e-01
2.720017189999999752e-01 9.576812250000000387e-03 3.558289510000000044e-01
2.754176819999999970e-01 8.865128789999999342e-03 3.651554619999999862e-01
2.786793819999999755e-01 8.424144519999999386e-03 3.744628170000000034e-01
2.817793650000000039e-01 8.304658890000000265e-03 3.837280029999999842e-01
2.847106160000000274e-01 8.559609890000000054e-03 3.929272340000000141e-01
2.874666799999999744e-01 9.243609419999999910e-03 4.020360570000000022e-01
2.900417829999999975e-01 1.041207260000000072e-02 4.110298800000000141e-01
2.924309079999999894e-01 1.212029050000000031e-02 4.198845390000000011e-01
2.946298809999999824e-01 1.442271210000000033e-02 4.285765500000000006e-01
2.966354299999999777e-01 1.737211129999999965e-02 4.370834719999999729e-01
2.984452269999999796e-01 2.101878360000000029e-02 4.453842499999999816e-01
3.000579119999999822e-01 2.540980350000000138e-02 4.534595029999999860e-01
3.014730930000000253e-01 3.058836519999999851e-02 4.612917699999999899e-01
3.026913330000000069e-01 3.659322749999999874e-02 4.688656880000000027e-01
3.037141130000000078e-01 4.334598180000000245e-02 4.761681190000000008e-01
3.045437879999999820e-01 5.030897639999999671e-02 4.831882140000000048e-01
3.051835520000000246e-01 5.739720539999999815e-02 4.899173800000000134e-01
3.056373569999999984e-01 6.457868440000000265e-02 4.963492919999999975e-01
3.059097740000000232e-01 7.182666910000000404e-02 5.024798940000000380e-01
3.060059920000000044e-01 7.911853119999999462e-02 5.083071519999999843e-01
3.059317200000000181e-01 8.643496069999999365e-02 5.138309460000000106e-01
3.056933499999999748e-01 9.375915469999999974e-02 5.190527430000000386e-01
3.052971950000000212e-01 1.010769900000000054e-01 5.239759870000000319e-01
3.047502349999999804e-01 1.083759460000000008e-01 5.286052409999999480e-01
3.040595959999999875e-01 1.156452480000000060e-01 5.329463970000000161e-01
3.032324920000000201e-01 1.228756500000000029e-01 5.370064490000000523e-01
3.022763290000000103e-01 1.300591160000000024e-01 5.407932560000000555e-01
3.011987300000000256e-01 1.371886139999999865e-01 5.443154000000000048e-01
3.000069260000000071e-01 1.442584819999999934e-01 5.475821320000000547e-01
2.987084660000000058e-01 1.512636659999999911e-01 5.506030939999999596e-01
2.973110600000000159e-01 1.581997509999999996e-01 5.533882970000000290e-01
2.958217630000000153e-01 1.650635239999999893e-01 5.559479859999999496e-01
2.942478299999999880e-01 1.718521650000000012e-01 5.582925199999999588e-01
2.925963759999999914e-01 1.785634469999999863e-01 5.604323100000000446e-01
2.908743509999999755e-01 1.851956770000000030e-01 5.623777370000000442e-01
2.890885289999999830e-01 1.917476439999999949e-01 5.641390849999999846e-01
2.872454850000000226e-01 1.982185629999999865e-01 5.657264840000000294e-01
2.853515939999999862e-01 2.046080349999999937e-01 5.671498609999999774e-01
2.834134560000000080e-01 2.109157020000000105e-01 5.684190670000000001e-01
2.814367219999999725e-01 2.171420179999999922e-01 5.695434320000000161e-01
2.794270850000000195e-01 2.232875089999999951e-01 5.705320630000000337e-01
2.773904460000000127e-01 2.293526640000000116e-01 5.713939430000000153e-01
2.753321939999999746e-01 2.353383699999999912e-01 5.721376240000000113e-01
2.732571169999999938e-01 2.412459180000000036e-01 5.727711290000000455e-01
2.711709010000000197e-01 2.470760830000000019e-01 5.733027010000000256e-01
2.690775240000000124e-01 2.528306530000000163e-01 5.737394879999999642e-01
2.669822040000000007e-01 2.585106819999999916e-01 5.740890629999999550e-01
2.648888790000000215e-01 2.641179269999999746e-01 5.743580929999999585e-01
2.628015349999999750e-01 2.696540660000000256e-01 5.745530429999999855e-01
2.607248460000000101e-01 2.751203740000000009e-01 5.746805959999999880e-01
2.586618509999999982e-01 2.805189260000000018e-01 5.747462730000000297e-01
2.566161220000000021e-01 2.858514429999999829e-01 5.747557239999999679e-01
2.545910140000000044e-01 2.911196859999999886e-01 5.747142969999999851e-01
2.525898810000000161e-01 2.963253419999999916e-01 5.746271929999999806e-01
2.506154589999999849e-01 3.014703149999999887e-01 5.744990660000000027e-01
2.486703269999999966e-01 3.065564849999999897e-01 5.743343330000000302e-01
2.467569659999999943e-01 3.115856830000000022e-01 5.741372219999999471e-01
2.448776340000000107e-01 3.165597470000000024e-01 5.739117019999999680e-01
2.430343699999999996e-01 3.214805090000000254e-01 5.736614960000000485e-01
2.412289920000000032e-01 3.263497960000000253e-01 5.733900910000000462e-01
2.394630929999999880e-01 3.311694270000000162e-01 5.731007439999999953e-01
2.377380450000000089e-01 3.359412059999999922e-01 5.727964899999999915e-01
2.360550889999999957e-01 3.406668849999999749e-01 5.724802230000000103e-01
2.344153129999999863e-01 3.453481760000000067e-01 5.721546920000000203e-01
2.328192079999999997e-01 3.499869130000000106e-01 5.718221719999999619e-01
2.312672470000000091e-01 3.545848280000000186e-01 5.714849010000000451e-01
2.297596739999999971e-01 3.591436319999999904e-01 5.711449379999999909e-01
2.282967439999999959e-01 3.636649259999999995e-01 5.708043449999999908e-01
2.268783719999999948e-01 3.681503369999999942e-01 5.704649330000000074e-01
2.255038179999999948e-01 3.726016149999999971e-01 5.701280140000000163e-01
2.241725340000000066e-01 3.770203400000000094e-01 5.697950619999999633e-01
2.228841530000000015e-01 3.814079329999999768e-01 5.694677160000000127e-01
2.216370280000000137e-01 3.857661510000000016e-01 5.691466290000000150e-01
2.204302180000000111e-01 3.900964149999999742e-01 5.688330339999999596e-01
2.192623069999999896e-01 3.944002110000000005e-01 5.685278150000000474e-01
2.181312739999999861e-01 3.986791290000000210e-01 5.682313979999999987e-01
2.170358910000000086e-01 4.029344180000000164e-01 5.679448599999999958e-01
2.159733490000000089e-01 4.071677369999999740e-01 5.676680480000000362e-01
2.149422280000000129e-01 4.113802349999999830e-01 5.674019240000000019e-01
2.139393079999999947e-01 4.155735260000000264e-01 5.671460350000000483e-01
2.129628510000000086e-01 4.197487060000000270e-01 5.669011139999999838e-01
2.120093690000000031e-01 4.239073139999999795e-01 5.666665090000000404e-01
2.110766530000000030e-01 4.280504470000000006e-01 5.664425749999999482e-01
2.101612330000000028e-01 4.321794990000000225e-01 5.662286650000000199e-01
2.092602209999999963e-01 4.362956299999999898e-01 5.660245720000000036e-01
2.083704399999999901e-01 4.404000290000000262e-01 5.658298379999999739e-01
2.074882590000000082e-01 4.444939439999999742e-01 5.656436219999999571e-01
2.066107869999999902e-01 4.485783769999999726e-01 5.654656139999999498e-01
2.057341269999999889e-01 4.526545410000000214e-01 5.652946829999999645e-01
2.048546990000000012e-01 4.567235190000000222e-01 5.651298930000000498e-01
2.039694069999999915e-01 4.607862260000000210e-01 5.649706049999999591e-01
2.030741540000000067e-01 4.648437870000000083e-01 5.648153609999999603e-01
2.021653140000000126e-01 4.688971670000000036e-01 5.646629850000000062e-01
2.012395560000000139e-01 4.729472220000000005e-01 5.645124329999999802e-01
2.002930049999999962e-01 4.769949050000000246e-01 5.643621749999999659e-01
1.993219410000000025e-01 4.810410949999999741e-01 5.642107069999999780e-01
1.983227899999999988e-01 4.850866039999999768e-01 5.640565300000000004e-01
1.972922510000000018e-01 4.891321570000000118e-01 5.638982399999999950e-01
1.962264880000000045e-01 4.931785650000000132e-01 5.637339519999999826e-01
1.951220389999999971e-01 4.972265299999999999e-01 5.635619379999999845e-01
1.939755069999999915e-01 5.012767129999999849e-01 5.633804079999999992e-01
1.927837619999999974e-01 5.053296950000000232e-01 5.631876390000000177e-01
1.915434229999999904e-01 5.093860850000000440e-01 5.629816309999999824e-01
1.902512899999999896e-01 5.134464319999999526e-01 5.627603930000000254e-01
1.889043300000000092e-01 5.175112299999999887e-01 5.625219369999999719e-01
1.874996220000000047e-01 5.215809289999999709e-01 5.622642350000000011e-01
1.860344750000000047e-01 5.256559159999999453e-01 5.619852920000000251e-01
1.845061679999999982e-01 5.297365670000000470e-01 5.616829869999999669e-01
1.829120939999999973e-01 5.338232189999999600e-01 5.613551650000000448e-01
1.812498660000000095e-01 5.379161489999999546e-01 5.609996969999999639e-01
1.795172529999999878e-01 5.420155970000000156e-01 5.606144440000000451e-01
1.777121859999999942e-01 5.461217560000000137e-01 5.601972600000000302e-01
1.758328020000000103e-01 5.502347760000000365e-01 5.597460140000000139e-01
1.738774150000000074e-01 5.543547659999999988e-01 5.592585730000000366e-01
1.718444259999999946e-01 5.584818120000000219e-01 5.587327490000000285e-01
1.697325199999999978e-01 5.626159480000000324e-01 5.581664069999999755e-01
1.675406030000000102e-01 5.667571689999999496e-01 5.575574309999999922e-01
1.652678180000000108e-01 5.709054350000000166e-01 5.569037169999999648e-01
1.629135620000000118e-01 5.750606670000000253e-01 5.562031859999999606e-01
1.604775079999999909e-01 5.792227509999999802e-01 5.554537790000000363e-01
1.579596530000000054e-01 5.833915360000000438e-01 5.546534749999999514e-01
1.553602649999999974e-01 5.875668469999999477e-01 5.538002549999999635e-01
1.526800100000000049e-01 5.917484710000000536e-01 5.528921420000000309e-01
1.499199609999999905e-01 5.959361640000000460e-01 5.519271970000000360e-01
1.470816480000000093e-01 6.001296520000000134e-01 5.509035169999999537e-01
1.441671069999999888e-01 6.043286319999999767e-01 5.498192309999999638e-01
1.411789509999999970e-01 6.085327740000000540e-01 5.486725070000000315e-01
1.381204440000000089e-01 6.127417210000000170e-01 5.474615510000000462e-01
1.349955170000000093e-01 6.169550999999999785e-01 5.461845650000000107e-01
1.318090580000000067e-01 6.211725000000000163e-01 5.448398479999999600e-01
1.285669070000000080e-01 6.253934899999999963e-01 5.434257230000000272e-01
1.252760139999999911e-01 6.296176159999999911e-01 5.419405449999999957e-01
1.219446160000000057e-01 6.338444060000000269e-01 5.403827079999999894e-01
1.185824330000000010e-01 6.380733610000000056e-01 5.387506420000000018e-01
1.152008909999999997e-01 6.423039680000000029e-01 5.370428149999999512e-01
1.118131529999999985e-01 6.465357109999999574e-01 5.352576239999999874e-01
1.084349190000000046e-01 6.507680240000000005e-01 5.333936479999999980e-01
1.050844110000000026e-01 6.550003290000000478e-01 5.314494859999999710e-01
1.017826470000000039e-01 6.592320329999999950e-01 5.294237389999999488e-01
9.855384320000000475e-02 6.634625269999999686e-01 5.273150389999999854e-01
9.542572370000000637e-02 6.676911800000000508e-01 5.251220460000000090e-01
9.242917559999999644e-02 6.719173960000000001e-01 5.228431580000000301e-01
8.960014719999999377e-02 6.761404680000000500e-01 5.204773320000000147e-01
8.697804219999999420e-02 6.803597129999999771e-01 5.180233069999999884e-01
8.460601550000000637e-02 6.845744289999999843e-01 5.154798489999999900e-01
8.253010480000000371e-02 6.887839220000000484e-01 5.128455669999999467e-01
8.079874920000000571e-02 6.929874729999999650e-01 5.101191080000000433e-01
7.946223439999999805e-02 6.971842820000000440e-01 5.072995700000000330e-01
7.856957030000000231e-02 7.013735679999999473e-01 5.043858049999999649e-01
7.816622600000000531e-02 7.055545800000000423e-01 5.013762609999999897e-01
7.829345349999999870e-02 7.097264840000000463e-01 4.982698700000000036e-01
7.898554530000000129e-02 7.138883910000000110e-01 4.950658219999999887e-01
8.026671439999999436e-02 7.180394679999999585e-01 4.917626640000000160e-01
8.215118059999999833e-02 7.221788430000000147e-01 4.883590250000000021e-01
8.464367379999999941e-02 7.263055149999999571e-01 4.848544499999999924e-01
8.773729249999999424e-02 7.304186040000000268e-01 4.812471079999999790e-01
9.141752899999999737e-02 7.345170829999999595e-01 4.775362129999999872e-01
9.566267220000000682e-02 7.385999009999999476e-01 4.737209780000000148e-01
1.004451829999999934e-01 7.426660760000000083e-01 4.697993599999999992e-01
1.057358109999999990e-01 7.467143880000000067e-01 4.657716880000000170e-01
1.115024669999999940e-01 7.507438250000000313e-01 4.616351229999999806e-01
1.177145520000000001e-01 7.547530460000000385e-01 4.573905609999999733e-01
1.243416019999999955e-01 7.587409309999999518e-01 4.530351129999999893e-01
1.313557130000000128e-01 7.627060660000000158e-01 4.485694100000000017e-01
1.387310599999999894e-01 7.666471400000000047e-01 4.439915999999999863e-01
1.464445620000000003e-01 7.705627059999999862e-01 4.393008950000000246e-01
1.544756049999999881e-01 7.744512150000000261e-01 4.344973120000000244e-01
1.628065830000000047e-01 7.783111209999999947e-01 4.295790879999999978e-01
1.714221740000000105e-01 7.821407240000000094e-01 4.245459289999999886e-01
1.803092149999999949e-01 7.859382270000000448e-01 4.193979849999999732e-01
1.894569140000000040e-01 7.897017490000000084e-01 4.141349329999999829e-01
1.988564929999999953e-01 7.934292920000000082e-01 4.087567020000000273e-01
2.085010009999999914e-01 7.971187229999999735e-01 4.032635350000000063e-01
2.183851970000000031e-01 8.007677699999999898e-01 3.976559780000000210e-01
2.285050550000000125e-01 8.043740010000000051e-01 3.919355279999999775e-01
2.388582499999999942e-01 8.079348179999999990e-01 3.861036840000000026e-01
2.494433570000000044e-01 8.114474379999999654e-01 3.801631999999999789e-01
2.602600239999999787e-01 8.149088839999999445e-01 3.741177450000000015e-01
2.713087579999999832e-01 8.183159700000000036e-01 3.679722599999999955e-01
2.825909640000000000e-01 8.216652810000000251e-01 3.617330080000000225e-01
2.941107270000000162e-01 8.249530470000000504e-01 3.554055589999999820e-01
3.058683689999999733e-01 8.281754620000000289e-01 3.490031880000000197e-01
3.178697289999999898e-01 8.313281559999999848e-01 3.425355039999999907e-01
3.301159189999999799e-01 8.344067990000000323e-01 3.360213810000000079e-01
3.426117499999999927e-01 8.374065330000000085e-01 3.294793109999999969e-01
3.553601089999999796e-01 8.403223549999999653e-01 3.229345710000000036e-01
3.683620360000000038e-01 8.431491629999999793e-01 3.164194719999999794e-01
3.816177760000000196e-01 8.458816919999999628e-01 3.099727899999999980e-01
3.951248419999999761e-01 8.485147539999999822e-01 3.036423360000000127e-01
4.088774900000000101e-01 8.510433910000000379e-01 2.974858289999999794e-01
4.228658109999999803e-01 8.534631070000000541e-01 2.915718979999999960e-01
4.370709119999999781e-01 8.557707100000000455e-01 2.859837390000000146e-01
4.514697520000000019e-01 8.579639580000000265e-01 2.808135909999999735e-01
4.660271260000000138e-01 8.600430180000000480e-01 2.761667970000000194e-01
