0.000000000000000000e+00 0.000000000000000000e+00 0.000000000000000000e+00
2.406163040000000065e-04 2.319355170000000021e-04 2.303258680000000024e-04
8.346018450000000123e-04 8.051143389999999497e-04 7.996452779999999516e-04
1.729570539999999946e-03 1.669637029999999954e-03 1.658518739999999964e-03
2.902827519999999842e-03 2.804030690000000169e-03 2.785699259999999816e-03
4.340402779999999634e-03 4.195149950000000121e-03 4.168193899999999598e-03
6.032609349999999877e-03 5.833929990000000232e-03 5.797052819999999780e-03
7.972289349999999927e-03 7.713712020000000093e-03 7.665709500000000322e-03
1.015394409999999942e-02 9.829413829999999672e-03 9.769158680000000761e-03
1.257324159999999996e-02 1.217706049999999970e-02 1.210349150000000068e-02
1.522671180000000068e-02 1.475349479999999922e-02 1.466560849999999985e-02
1.811154599999999920e-02 1.755618579999999873e-02 1.745303020000000052e-02
2.122545779999999993e-02 2.058309750000000132e-02 2.046376700000000076e-02
2.456658340000000135e-02 2.383259399999999861e-02 2.369622479999999864e-02
2.813340770000000157e-02 2.730336879999999827e-02 2.714913609999999866e-02
3.192470819999999876e-02 3.099439249999999882e-02 3.082150709999999932e-02
3.593951120000000304e-02 3.490487090000000264e-02 3.471257669999999740e-02
4.017705760000000320e-02 3.903421259999999976e-02 3.882178459999999914e-02
4.444854100000000113e-02 4.327402500000000068e-02 4.305351109999999704e-02
4.866837470000000276e-02 4.745835589999999882e-02 4.723117930000000214e-02
5.284425229999999835e-02 5.160005809999999860e-02 5.136646830000000247e-02
5.697943159999999813e-02 5.570231739999999959e-02 5.546254999999999935e-02
6.107682159999999749e-02 5.976797770000000232e-02 5.952225629999999962e-02
6.513903379999999577e-02 6.379959200000000219e-02 6.354812910000000314e-02
6.916842500000000560e-02 6.779946359999999839e-02 6.754246170000000049e-02
7.316713119999999904e-02 7.176968000000000236e-02 7.150733250000000651e-02
7.713709689999999342e-02 7.571214119999999936e-02 7.544463310000000533e-02
8.108009909999999709e-02 7.962858309999999717e-02 7.935609170000000601e-02
8.499776720000000452e-02 8.352059750000000171e-02 8.324329299999999598e-02
8.889160050000000091e-02 8.738964879999999713e-02 8.710769479999999620e-02
9.276298280000000451e-02 9.123708830000000491e-02 9.095064240000000355e-02
9.661319509999999333e-02 9.506416680000000230e-02 9.477338100000000376e-02
1.004434260000000023e-01 9.887204510000000002e-02 9.857706589999999658e-02
1.042547820000000042e-01 1.026618029999999959e-01 1.023627720000000046e-01
1.080482950000000025e-01 1.064344480000000009e-01 1.061315020000000026e-01
1.118249300000000029e-01 1.101909209999999972e-01 1.098841940000000045e-01
1.155855890000000025e-01 1.139321040000000063e-01 1.136217229999999939e-01
1.193311209999999983e-01 1.176588249999999947e-01 1.173449159999999936e-01
1.230623240000000007e-01 1.213718619999999970e-01 1.210545459999999990e-01
1.267799500000000024e-01 1.250719489999999878e-01 1.247513420000000012e-01
1.304847070000000053e-01 1.287597769999999919e-01 1.284359949999999972e-01
1.341772659999999895e-01 1.324359999999999982e-01 1.321091540000000064e-01
1.378582620000000092e-01 1.361012380000000133e-01 1.357714369999999948e-01
1.415282969999999974e-01 1.397560780000000058e-01 1.394234269999999887e-01
1.451879440000000132e-01 1.434010779999999874e-01 1.430656800000000006e-01
1.488377439999999940e-01 1.470367670000000127e-01 1.466987230000000031e-01
1.524782169999999992e-01 1.506636510000000095e-01 1.503230590000000089e-01
1.561098559999999913e-01 1.542822120000000019e-01 1.539391669999999879e-01
1.597331310000000004e-01 1.578929069999999990e-01 1.575475030000000054e-01
1.633484940000000107e-01 1.614961769999999908e-01 1.611485049999999974e-01
1.669563739999999907e-01 1.650924410000000064e-01 1.647425909999999938e-01
1.705571850000000000e-01 1.686821020000000004e-01 1.683301610000000059e-01
1.741513219999999973e-01 1.722655449999999921e-01 1.719115989999999983e-01
1.777391650000000045e-01 1.758431400000000089e-01 1.754872729999999992e-01
1.813210789999999961e-01 1.794152440000000015e-01 1.790575379999999883e-01
1.848974140000000099e-01 1.829821980000000126e-01 1.826227330000000093e-01
1.884685090000000063e-01 1.865443310000000077e-01 1.861831860000000005e-01
1.920346880000000089e-01 1.901019610000000137e-01 1.897392129999999899e-01
1.955962659999999909e-01 1.936553940000000085e-01 1.932911190000000112e-01
1.991535449999999874e-01 1.972049240000000037e-01 1.968391959999999941e-01
2.027068180000000108e-01 2.007508369999999875e-01 2.003837300000000099e-01
2.062563669999999960e-01 2.042934080000000097e-01 2.039249929999999988e-01
2.098024669999999925e-01 2.078329050000000122e-01 2.074632519999999869e-01
2.133453820000000001e-01 2.113695839999999992e-01 2.109987630000000058e-01
2.168853679999999950e-01 2.149036980000000041e-01 2.145317760000000074e-01
2.204226750000000123e-01 2.184354870000000115e-01 2.180625320000000034e-01
2.239575450000000079e-01 2.219651890000000072e-01 2.215912650000000095e-01
2.274902099999999983e-01 2.254930300000000110e-01 2.251182019999999895e-01
2.310209010000000007e-01 2.290192339999999882e-01 2.286435649999999931e-01
2.345498380000000105e-01 2.325440159999999923e-01 2.321675689999999903e-01
2.380772359999999976e-01 2.360675859999999959e-01 2.356904220000000105e-01
2.416033059999999899e-01 2.395901500000000017e-01 2.392123290000000013e-01
2.451282509999999915e-01 2.431119059999999887e-01 2.427334879999999973e-01
2.486522720000000075e-01 2.466330489999999931e-01 2.462540920000000078e-01
2.521755629999999915e-01 2.501537679999999986e-01 2.497743299999999889e-01
2.556983139999999821e-01 2.536742490000000183e-01 2.532943859999999825e-01
2.592207089999999936e-01 2.571946720000000131e-01 2.568144399999999772e-01
2.627429299999999857e-01 2.607152130000000012e-01 2.603346679999999913e-01
2.662651529999999767e-01 2.642360460000000022e-01 2.638552399999999909e-01
2.697875530000000133e-01 2.677573389999999831e-01 2.673763270000000247e-01
2.733102980000000071e-01 2.712792569999999959e-01 2.708980910000000075e-01
2.768335539999999817e-01 2.748019629999999824e-01 2.744206940000000206e-01
2.803574839999999901e-01 2.783256139999999990e-01 2.779442939999999806e-01
2.838822469999999765e-01 2.818503660000000188e-01 2.814690449999999733e-01
2.874079999999999968e-01 2.853763730000000165e-01 2.849951000000000012e-01
2.909348950000000267e-01 2.889037819999999979e-01 2.885226069999999865e-01
2.944630839999999861e-01 2.924327420000000233e-01 2.920517120000000189e-01
2.979927130000000202e-01 2.959633959999999897e-01 2.955825590000000225e-01
3.015239290000000238e-01 2.994958859999999889e-01 2.991152890000000064e-01
3.050568730000000062e-01 3.030303520000000028e-01 3.026500409999999808e-01
3.085916879999999751e-01 3.065669300000000153e-01 3.061869509999999850e-01
3.121285089999999984e-01 3.101057560000000102e-01 3.097261530000000040e-01
3.156674740000000035e-01 3.136469619999999736e-01 3.132677799999999957e-01
3.192087169999999752e-01 3.171906789999999754e-01 3.168119620000000025e-01
3.227523689999999834e-01 3.207370350000000037e-01 3.203588270000000127e-01
3.262985600000000153e-01 3.242861590000000183e-01 3.239085010000000153e-01
3.298474189999999751e-01 3.278381750000000094e-01 3.274611099999999997e-01
3.333990720000000185e-01 3.313932059999999957e-01 3.310167749999999853e-01
3.369536439999999966e-01 3.349513749999999956e-01 3.345756189999999908e-01
3.405112579999999833e-01 3.385128009999999743e-01 3.381377620000000084e-01
3.440720360000000255e-01 3.420776050000000068e-01 3.417033210000000043e-01
3.476360980000000045e-01 3.456459020000000049e-01 3.452724140000000275e-01
3.512035620000000247e-01 3.492178100000000174e-01 3.488451559999999896e-01
3.547745469999999957e-01 3.527934429999999844e-01 3.524216609999999972e-01
3.583491670000000240e-01 3.563729150000000123e-01 3.560020440000000175e-01
3.619275390000000203e-01 3.599563379999999868e-01 3.595864149999999926e-01
3.655097760000000084e-01 3.635438229999999882e-01 3.631748850000000028e-01
3.690959910000000121e-01 3.671354809999999858e-01 3.667675639999999904e-01
3.726862939999999735e-01 3.707314199999999782e-01 3.703645609999999810e-01
3.762807970000000002e-01 3.743317489999999914e-01 3.739659830000000018e-01
3.798796090000000070e-01 3.779365740000000251e-01 3.775719370000000241e-01
3.834828390000000198e-01 3.815460030000000224e-01 3.811825280000000205e-01
3.870905940000000101e-01 3.851601390000000125e-01 3.847978619999999905e-01
3.907029810000000047e-01 3.887790890000000221e-01 3.884180429999999906e-01
3.943201060000000036e-01 3.924029549999999977e-01 3.920431739999999943e-01
3.979420739999999790e-01 3.960318409999999956e-01 3.956733579999999750e-01
4.015689900000000145e-01 3.996658479999999902e-01 3.993086960000000185e-01
4.052009580000000000e-01 4.033050790000000108e-01 4.029492900000000155e-01
4.088380799999999926e-01 4.069496340000000045e-01 4.065952400000000244e-01
4.124804579999999943e-01 4.105996140000000016e-01 4.102466459999999926e-01
4.161281960000000057e-01 4.142551190000000050e-01 4.139036070000000067e-01
4.197813930000000027e-01 4.179162470000000185e-01 4.175662230000000141e-01
4.234401509999999869e-01 4.215830970000000177e-01 4.212345920000000188e-01
4.271045700000000167e-01 4.252557670000000067e-01 4.249088109999999974e-01
4.307747490000000123e-01 4.289343560000000166e-01 4.285889769999999821e-01
4.344507879999999767e-01 4.326189599999999968e-01 4.322751879999999769e-01
4.381327859999999963e-01 4.363096770000000069e-01 4.359675399999999867e-01
4.418208399999999925e-01 4.400066020000000244e-01 4.396661299999999883e-01
4.455150489999999963e-01 4.437098320000000262e-01 4.433710519999999877e-01
4.492155110000000118e-01 4.474194630000000172e-01 4.470824030000000171e-01
4.529223230000000155e-01 4.511355890000000035e-01 4.508002770000000270e-01
4.566355810000000126e-01 4.548583070000000173e-01 4.545247689999999952e-01
4.603553839999999786e-01 4.585877119999999807e-01 4.582559749999999821e-01
4.640818259999999751e-01 4.623238969999999837e-01 4.619939869999999948e-01
4.678150039999999787e-01 4.660669570000000039e-01 4.657389009999999829e-01
4.715550150000000218e-01 4.698169859999999920e-01 4.694908099999999807e-01
4.753019540000000265e-01 4.735740800000000084e-01 4.732498090000000213e-01
4.790559169999999978e-01 4.773383310000000046e-01 4.770159889999999736e-01
4.828169990000000245e-01 4.811098329999999867e-01 4.807894460000000092e-01
4.865852960000000005e-01 4.848886789999999891e-01 4.845702720000000241e-01
4.903609030000000146e-01 4.886749650000000167e-01 4.883585599999999971e-01
4.941439140000000174e-01 4.924687819999999938e-01 4.921544039999999898e-01
4.979344259999999855e-01 4.962702239999999820e-01 4.959578969999999809e-01
5.017325329999999806e-01 5.000793850000000429e-01 4.997691320000000048e-01
5.055383300000000357e-01 5.038963579999999887e-01 5.035882010000000131e-01
5.093519119999999623e-01 5.077212359999999647e-01 5.074151980000000117e-01
5.131733739999999599e-01 5.115541129999999770e-01 5.112502159999999796e-01
5.170028100000000348e-01 5.153950809999999771e-01 5.150933469999999792e-01
5.208403169999999971e-01 5.192442350000000539e-01 5.189446859999999884e-01
5.246859889999999638e-01 5.231016670000000479e-01 5.228043239999999869e-01
5.285399200000000519e-01 5.269674709999999651e-01 5.266723559999999527e-01
5.324022069999999607e-01 5.308417410000000336e-01 5.305488729999999764e-01
5.362729429999999464e-01 5.347245699999999546e-01 5.344339710000000077e-01
5.401522260000000131e-01 5.386160530000000390e-01 5.383277419999999980e-01
5.440401499999999446e-01 5.425162820000000163e-01 5.422302799999999534e-01
5.479368100000000519e-01 5.464253529999999470e-01 5.461416780000000193e-01
5.518423040000000057e-01 5.503433589999999764e-01 5.500620309999999513e-01
5.557567249999999515e-01 5.542703939999999996e-01 5.539914329999999776e-01
5.596801710000000041e-01 5.582065539999999659e-01 5.579299770000000214e-01
5.636127380000000020e-01 5.621519329999999925e-01 5.618777590000000322e-01
5.675545229999999775e-01 5.661066259999999462e-01 5.658348739999999877e-01
5.715056210000000192e-01 5.700707280000000265e-01 5.698014150000000333e-01
5.754661309999999919e-01 5.740443349999999612e-01 5.737774789999999792e-01
5.794361489999999559e-01 5.780275419999999498e-01 5.777631600000000534e-01
5.834157730000000264e-01 5.820204460000000246e-01 5.817585549999999550e-01
5.874051009999999851e-01 5.860231430000000241e-01 5.857637599999999667e-01
5.914042299999999752e-01 5.900357290000000088e-01 5.897788699999999551e-01
5.954132600000000552e-01 5.940583010000000108e-01 5.938039830000000352e-01
5.994322880000000353e-01 5.980909570000000341e-01 5.978391960000000172e-01
6.034614139999999738e-01 6.021337940000000000e-01 6.018846039999999897e-01
6.075007369999999574e-01 6.061869100000000232e-01 6.059403079999999830e-01
6.115503570000000444e-01 6.102504029999999968e-01 6.100064029999999748e-01
6.156103739999999602e-01 6.143243720000000074e-01 6.140829890000000235e-01
6.196808889999999570e-01 6.184089160000000307e-01 6.181701649999999937e-01
6.237620019999999821e-01 6.225041340000000423e-01 6.222680290000000003e-01
6.278538150000000373e-01 6.266101259999999895e-01 6.263766809999999907e-01
6.319564290000000417e-01 6.307269930000000135e-01 6.304962210000000233e-01
6.360699469999999689e-01 6.348548339999999790e-01 6.346267500000000172e-01
6.401944710000000427e-01 6.389937530000000532e-01 6.387683690000000025e-01
6.443301049999999863e-01 6.431438489999999897e-01 6.429211780000000376e-01
6.484769510000000237e-01 6.473052249999999841e-01 6.470852799999999849e-01
6.526351139999999607e-01 6.514779840000000100e-01 6.512607769999999574e-01
6.568046990000000473e-01 6.556622279999999581e-01 6.554477720000000396e-01
6.609858100000000070e-01 6.598580619999999675e-01 6.596463670000000112e-01
6.651785540000000330e-01 6.640655890000000117e-01 6.638566679999999831e-01
6.693830349999999596e-01 6.682849140000000077e-01 6.680787780000000398e-01
6.735993609999999521e-01 6.725161429999999552e-01 6.723128029999999589e-01
6.778276399999999535e-01 6.767593809999999932e-01 6.765588479999999905e-01
6.820679779999999637e-01 6.810147349999999822e-01 6.808170180000000515e-01
6.863204849999999801e-01 6.852823099999999501e-01 6.850874209999999742e-01
6.905852689999999461e-01 6.895622160000000056e-01 6.893701639999999520e-01
6.948624399999999701e-01 6.938545600000000091e-01 6.936653550000000390e-01
6.991521090000000216e-01 6.981594519999999582e-01 6.979731019999999564e-01
7.034543850000000154e-01 7.024769990000000464e-01 7.022935150000000348e-01
7.077693819999999469e-01 7.068073129999999926e-01 7.066267029999999671e-01
7.120972100000000360e-01 7.111505049999999883e-01 7.109727769999999447e-01
7.164379829999999449e-01 7.155066850000000311e-01 7.153318480000000479e-01
7.207918140000000307e-01 7.198759660000000338e-01 7.197040279999999957e-01
7.251588190000000100e-01 7.242584610000000200e-01 7.240894289999999511e-01
7.295391110000000179e-01 7.286542830000000137e-01 7.284881659999999926e-01
7.339328059999999931e-01 7.330635469999999820e-01 7.329003499999999782e-01
7.383400220000000402e-01 7.374863670000000315e-01 7.373260990000000126e-01
7.427608749999999871e-01 7.419228599999999618e-01 7.417655260000000084e-01
7.471954830000000491e-01 7.463731420000000449e-01 7.462187489999999590e-01
7.516439660000000522e-01 7.508373299999999695e-01 7.506858840000000255e-01
7.561064419999999897e-01 7.553155419999999509e-01 7.551670499999999508e-01
7.605830329999999639e-01 7.598078980000000371e-01 7.596623639999999789e-01
7.650738599999999945e-01 7.643145180000000538e-01 7.641719470000000181e-01
7.695790439999999899e-01 7.688355209999999662e-01 7.686959190000000053e-01
7.740987089999999959e-01 7.733710299999999593e-01 7.732344009999999601e-01
7.786329789999999473e-01 7.779211660000000528e-01 7.777875149999999849e-01
7.831819780000000009e-01 7.824860529999999592e-01 7.823553840000000426e-01
7.877458330000000064e-01 7.870658160000000292e-01 7.869381319999999569e-01
7.923246689999999814e-01 7.916605789999999754e-01 7.915358839999999674e-01
7.969186150000000524e-01 7.962704680000000090e-01 7.961487649999999805e-01
8.015277979999999580e-01 8.008956099999999800e-01 8.007769019999999571e-01
8.061523489999999903e-01 8.055361330000000430e-01 8.054204230000000519e-01
8.107923970000000535e-01 8.101921659999999914e-01 8.100794559999999755e-01
8.154480739999999672e-01 8.148638390000000342e-01 8.147541310000000481e-01
8.201195129999999667e-01 8.195512830000000193e-01 8.194445790000000063e-01
8.248068459999999824e-01 8.242546280000000447e-01 8.241509299999999483e-01
8.295102100000000256e-01 8.289740100000000389e-01 8.288733179999999701e-01
8.342297379999999984e-01 8.337095599999999607e-01 8.336118759999999739e-01
8.389655670000000232e-01 8.384614150000000432e-01 8.383667390000000275e-01
8.437178370000000260e-01 8.432297109999999929e-01 8.431380429999999482e-01
8.484866840000000465e-01 8.480145839999999602e-01 8.479259249999999692e-01
8.532722489999999826e-01 8.528161739999999824e-01 8.527305219999999908e-01
8.580746740000000372e-01 8.576346179999999597e-01 8.575519740000000501e-01
8.628941009999999689e-01 8.624700600000000383e-01 8.623904220000000453e-01
8.677306719999999807e-01 8.673226379999999791e-01 8.672460060000000137e-01
8.725845330000000510e-01 8.721924979999999827e-01 8.721188699999999905e-01
8.774558300000000477e-01 8.770797830000000017e-01 8.770091559999999564e-01
8.823447089999999493e-01 8.819846390000000147e-01 8.819170109999999729e-01
8.872513189999999828e-01 8.869072110000000286e-01 8.868425810000000187e-01
8.921758100000000136e-01 8.918476490000000201e-01 8.917860130000000440e-01
8.971183320000000183e-01 8.968061010000000222e-01 8.967474560000000539e-01
9.020790370000000280e-01 9.017827170000000114e-01 9.017270600000000247e-01
9.070580799999999888e-01 9.067776499999999906e-01 9.067249760000000158e-01
9.120556149999999862e-01 9.117910529999999625e-01 9.117413589999999735e-01
9.170717980000000491e-01 9.168230800000000125e-01 9.167763610000000396e-01
9.221067870000000388e-01 9.218738859999999757e-01 9.218301380000000211e-01
9.271607410000000105e-01 9.269436300000000184e-01 9.269028470000000297e-01
9.322338209999999625e-01 9.320324700000000018e-01 9.319946460000000377e-01
9.373261870000000329e-01 9.371405649999999810e-01 9.371056960000000435e-01
9.424380049999999676e-01 9.422680780000000089e-01 9.422361559999999914e-01
9.475694369999999589e-01 9.474151720000000276e-01 9.473861909999999886e-01
9.527206520000000012e-01 9.525820099999999790e-01 9.525559639999999773e-01
9.578918170000000343e-01 9.577687599999999968e-01 9.577456410000000364e-01
9.630831010000000525e-01 9.629755880000000490e-01 9.629553899999999667e-01
9.682946749999999936e-01 9.682026639999999906e-01 9.681853780000000409e-01
9.735267119999999608e-01 9.734501589999999815e-01 9.734357759999999749e-01
9.787793860000000290e-01 9.787182439999999595e-01 9.787067569999999828e-01
9.840528739999999663e-01 9.840070950000000538e-01 9.839984929999999741e-01
9.893473520000000132e-01 9.893168860000000064e-01 9.893111610000000500e-01
9.946630010000000466e-01 9.946477940000000295e-01 9.946449370000000068e-01
1.000000000000000000e+00 1.000000000000000000e+00 1.000000000000000000e+00
