0.00000000e+00 0.00000000e+00 0.00000000e+00
1.44852746e-04 1.58005402e-04 1.91990359e-04
4.94415554e-04 5.49241928e-04 6.84798588e-04
1.00864726e-03 1.14046988e-03 1.45686630e-03
1.66766027e-03 1.91753146e-03 2.50500896e-03
2.45780738e-03 2.87182207e-03 3.83068948e-03
3.36852973e-03 3.99745919e-03 5.43758651e-03
4.39108072e-03 5.29016975e-03 7.33070723e-03
5.51795520e-03 6.74673031e-03 9.51578342e-03
6.74249430e-03 8.36466068e-03 1.19991058e-02
8.05862986e-03 1.01420361e-02 1.47874483e-02
9.46074214e-03 1.20773600e-02 1.78879489e-02
1.09435494e-02 1.41694784e-02 2.13080528e-02
1.25020271e-02 1.64175184e-02 2.50554741e-02
1.41313459e-02 1.88208436e-02 2.91381672e-02
1.58268242e-02 2.13790205e-02 3.35643055e-02
1.75838890e-02 2.40917929e-02 3.83422635e-02
1.93980452e-02 2.69590623e-02 4.33670295e-02
2.12648488e-02 2.99808727e-02 4.83786025e-02
2.31798852e-02 3.31573988e-02 5.33829325e-02
2.51387499e-02 3.64889366e-02 5.83826201e-02
2.71370316e-02 3.99758965e-02 6.33799430e-02
2.91700738e-02 4.34972042e-02 6.83773207e-02
3.12334969e-02 4.69852561e-02 7.33762912e-02
3.33228283e-02 5.04484591e-02 7.83782998e-02
3.54330739e-02 5.38887697e-02 8.33853585e-02
3.75597820e-02 5.73079270e-02 8.83982529e-02
3.96978591e-02 6.07076014e-02 9.34184931e-02
4.18055954e-02 6.40893118e-02 9.84468204e-02
4.38439453e-02 6.74545360e-02 1.03484613e-01
4.58216056e-02 7.08046054e-02 1.08532174e-01
4.77379799e-02 7.41408378e-02 1.13590482e-01
4.95923039e-02 7.74644915e-02 1.18660362e-01
5.13840036e-02 8.07767392e-02 1.23742025e-01
5.31120376e-02 8.40787411e-02 1.28835946e-01
5.47751736e-02 8.73716247e-02 1.33942480e-01
5.63719850e-02 9.06564925e-02 1.39061851e-01
5.79008467e-02 9.39344278e-02 1.44194141e-01
5.93599297e-02 9.72065011e-02 1.49339282e-01
6.07467248e-02 1.00473822e-01 1.54497568e-01
6.20591395e-02 1.03737437e-01 1.59668357e-01
6.32945138e-02 1.06998430e-01 1.64851187e-01
6.44494291e-02 1.10257945e-01 1.70045889e-01
6.55207183e-02 1.13517092e-01 1.75251457e-01
6.65046424e-02 1.16777031e-01 1.80466884e-01
6.73968066e-02 1.20038986e-01 1.85691144e-01
6.81923993e-02 1.23304224e-01 1.90922868e-01
6.88861688e-02 1.26574059e-01 1.96160285e-01
6.94724017e-02 1.29849861e-01 2.01401156e-01
6.99448542e-02 1.33133062e-01 2.06642745e-01
7.02954386e-02 1.36425295e-01 2.11882713e-01
7.05169727e-02 1.39728112e-01 2.17116785e-01
7.06003444e-02 1.43043276e-01 2.22340855e-01
7.05356757e-02 1.46372640e-01 2.27549869e-01
7.03124080e-02 1.49718133e-01 2.32737618e-01
6.99187761e-02 1.53081808e-01 2.37896920e-01
6.93422598e-02 1.56465782e-01 2.43019160e-01
6.85691397e-02 1.59872265e-01 2.48094388e-01
6.75857348e-02 1.63303400e-01 2.53110596e-01
6.63778310e-02 1.66761290e-01 2.58054047e-01
6.49325738e-02 1.70247747e-01 2.62908638e-01
6.32379978e-02 1.73764287e-01 2.67656541e-01
6.12855046e-02 1.77311804e-01 2.72277972e-01
5.90717209e-02 1.80890307e-01 2.76751800e-01
5.65991743e-02 1.84498812e-01 2.81056838e-01
5.38796616e-02 1.88134973e-01 2.85172855e-01
5.09338551e-02 1.91795186e-01 2.89082618e-01
4.77920014e-02 1.95474632e-01 2.92773449e-01
4.44924306e-02 1.99167621e-01 2.96238582e-01
4.10790813e-02 2.02868059e-01 2.99477747e-01
3.76102862e-02 2.06569961e-01 3.02496852e-01
3.42872416e-02 2.10267882e-01 3.05306917e-01
3.11634021e-02 2.13957168e-01 3.07922610e-01
2.82658972e-02 2.17634243e-01 3.10360609e-01
2.56130045e-02 2.21296350e-01 3.12638394e-01
2.32137611e-02 2.24941677e-01 3.14773106e-01
2.10712322e-02 2.28569082e-01 3.16780995e-01
1.91829676e-02 2.32178082e-01 3.18676883e-01
1.75437837e-02 2.35768578e-01 3.20474184e-01
1.61460895e-02 2.39340825e-01 3.22184778e-01
1.49812747e-02 2.42895280e-01 3.23819189e-01
1.40396256e-02 2.46432602e-01 3.25386555e-01
1.33108074e-02 2.49953596e-01 3.26894749e-01
1.27859648e-02 2.53458961e-01 3.28351010e-01
1.24541033e-02 2.56949692e-01 3.29761047e-01
1.23060052e-02 2.60426628e-01 3.31130185e-01
1.23325325e-02 2.63890635e-01 3.32463002e-01
1.25247075e-02 2.67342591e-01 3.33763418e-01
1.28737661e-02 2.70783371e-01 3.35034779e-01
1.33711909e-02 2.74213844e-01 3.36279926e-01
1.40098599e-02 2.77634729e-01 3.37501691e-01
1.47811557e-02 2.81046929e-01 3.38701889e-01
1.56789171e-02 2.84451072e-01 3.39882837e-01
1.66952939e-02 2.87847983e-01 3.41045831e-01
1.78237433e-02 2.91238341e-01 3.42192328e-01
1.90578989e-02 2.94622806e-01 3.43323548e-01
2.03915698e-02 2.98002018e-01 3.44440505e-01
2.18187381e-02 3.01376595e-01 3.45544027e-01
2.33335555e-02 3.04747134e-01 3.46634781e-01
2.49303396e-02 3.08114212e-01 3.47713284e-01
2.66036109e-02 3.11478378e-01 3.48779944e-01
2.83489049e-02 3.14840071e-01 3.49835415e-01
3.01602376e-02 3.18199885e-01 3.50879541e-01
3.20333055e-02 3.21558236e-01 3.51912717e-01
3.39631401e-02 3.24915604e-01 3.52934912e-01
3.59455291e-02 3.28272388e-01 3.53946275e-01
3.79755250e-02 3.31629057e-01 3.54946515e-01
4.00498129e-02 3.34985915e-01 3.55935903e-01
4.21145478e-02 3.38343397e-01 3.56914024e-01
4.41476601e-02 3.41701861e-01 3.57880674e-01
4.61531000e-02 3.45061635e-01 3.58835650e-01
4.81297228e-02 3.48423020e-01 3.59778770e-01
5.00764341e-02 3.51786320e-01 3.60709715e-01
5.19922602e-02 3.55151843e-01 3.61628073e-01
5.38766132e-02 3.58519859e-01 3.62533489e-01
5.57290777e-02 3.61890625e-01 3.63425575e-01
5.75493895e-02 3.65264386e-01 3.64303917e-01
5.93374171e-02 3.68641373e-01 3.65168080e-01
6.10933534e-02 3.72021781e-01 3.66017714e-01
6.28172309e-02 3.75405821e-01 3.66852318e-01
6.45091472e-02 3.78793697e-01 3.67671361e-01
6.61693667e-02 3.82185591e-01 3.68474339e-01
6.77982295e-02 3.85581676e-01 3.69260737e-01
6.93965721e-02 3.88982059e-01 3.70030265e-01
7.09646650e-02 3.92386913e-01 3.70782287e-01
7.25028563e-02 3.95796399e-01 3.71516172e-01
7.40121587e-02 3.99210594e-01 3.72231618e-01
7.54931372e-02 4.02629624e-01 3.72928054e-01
7.69461470e-02 4.06053637e-01 3.73604759e-01
7.83727673e-02 4.09482630e-01 3.74261683e-01
7.97728965e-02 4.12916798e-01 3.74897800e-01
8.11481159e-02 4.16356129e-01 3.75513030e-01
8.24986638e-02 4.19800770e-01 3.76106503e-01
8.38260571e-02 4.23250710e-01 3.76678077e-01
8.51305384e-02 4.26706087e-01 3.77226853e-01
8.64138965e-02 4.30166850e-01 3.77752836e-01
8.76763057e-02 4.33633138e-01 3.78255062e-01
8.89193073e-02 4.37104924e-01 3.78733378e-01
9.01437178e-02 4.40582263e-01 3.79187191e-01
9.13503383e-02 4.44065211e-01 3.79615889e-01
9.25408413e-02 4.47553711e-01 3.80019399e-01
9.37157780e-02 4.51047847e-01 3.80396951e-01
9.48761950e-02 4.54547633e-01 3.80748077e-01
9.60235673e-02 4.58053031e-01 3.81072587e-01
9.71588087e-02 4.61564070e-01 3.81369935e-01
9.82828716e-02 4.65080770e-01 3.81639600e-01
9.93968905e-02 4.68603128e-01 3.81881179e-01
1.00502252e-01 4.72131107e-01 3.82094445e-01
1.01599956e-01 4.75664715e-01 3.82278919e-01
1.02690989e-01 4.79203961e-01 3.82434119e-01
1.03776486e-01 4.82748833e-01 3.82559664e-01
1.04857576e-01 4.86299318e-01 3.82655179e-01
1.05935382e-01 4.89855401e-01 3.82720293e-01
1.07011200e-01 4.93417044e-01 3.82754769e-01
1.08085979e-01 4.96984252e-01 3.82758131e-01
1.09160774e-01 5.00557012e-01 3.82729989e-01
1.10236676e-01 5.04135307e-01 3.82669987e-01
1.11314767e-01 5.07719118e-01 3.82577774e-01
1.12396112e-01 5.11308429e-01 3.82452998e-01
1.13481766e-01 5.14903219e-01 3.82295313e-01
1.14572766e-01 5.18503471e-01 3.82104371e-01
1.15670135e-01 5.22109167e-01 3.81879826e-01
1.16774879e-01 5.25720287e-01 3.81621333e-01
1.17887986e-01 5.29336815e-01 3.81328546e-01
1.19010425e-01 5.32958733e-01 3.81001121e-01
1.20143146e-01 5.36586024e-01 3.80638709e-01
1.21287078e-01 5.40218673e-01 3.80240963e-01
1.22443128e-01 5.43856662e-01 3.79807531e-01
1.23612183e-01 5.47499977e-01 3.79338059e-01
1.24795104e-01 5.51148605e-01 3.78832191e-01
1.25992733e-01 5.54802530e-01 3.78289564e-01
1.27205885e-01 5.58461742e-01 3.77709814e-01
1.28435351e-01 5.62126227e-01 3.77092569e-01
1.29681898e-01 5.65795975e-01 3.76437452e-01
1.30946316e-01 5.69470970e-01 3.75744125e-01
1.32229388e-01 5.73151192e-01 3.75012267e-01
1.33531696e-01 5.76836649e-01 3.74241376e-01
1.34853903e-01 5.80527333e-01 3.73431043e-01
1.36196647e-01 5.84223239e-01 3.72580850e-01
1.37560537e-01 5.87924361e-01 3.71690368e-01
1.38946159e-01 5.91630695e-01 3.70759160e-01
1.40354143e-01 5.95342228e-01 3.69786851e-01
1.41785095e-01 5.99058946e-01 3.68773067e-01
1.43239378e-01 6.02780870e-01 3.67717172e-01
1.44717471e-01 6.06507998e-01 3.66618675e-01
1.46219831e-01 6.10240332e-01 3.65477064e-01
1.47746921e-01 6.13977868e-01 3.64291861e-01
1.49299312e-01 6.17720584e-01 3.63062732e-01
1.50877181e-01 6.21468514e-01 3.61788868e-01
1.52480884e-01 6.25221663e-01 3.60469686e-01
1.54110752e-01 6.28980035e-01 3.59104579e-01
1.55767287e-01 6.32743609e-01 3.57693189e-01
1.57450635e-01 6.36512412e-01 3.56234678e-01
1.59161006e-01 6.40286461e-01 3.54728293e-01
1.60898641e-01 6.44065766e-01 3.53173327e-01
1.62663986e-01 6.47850302e-01 3.51569381e-01
1.64457044e-01 6.51640110e-01 3.49915403e-01
1.66277970e-01 6.55435207e-01 3.48210547e-01
1.68127009e-01 6.59235592e-01 3.46454111e-01
1.70004391e-01 6.63041264e-01 3.44645369e-01
1.71910074e-01 6.66852265e-01 3.42783132e-01
1.73844175e-01 6.70668610e-01 3.40866445e-01
1.75807024e-01 6.74490275e-01 3.38894739e-01
1.77798460e-01 6.78317316e-01 3.36866530e-01
1.79818549e-01 6.82149751e-01 3.34780710e-01
1.81867551e-01 6.85987561e-01 3.32636532e-01
1.83945320e-01 6.89830798e-01 3.30432420e-01
1.86051858e-01 6.93679485e-01 3.28167032e-01
1.88187385e-01 6.97533605e-01 3.25839460e-01
1.90351716e-01 7.01393212e-01 3.23447873e-01
1.92544841e-01 7.05258329e-01 3.20990747e-01
1.94766929e-01 7.09128943e-01 3.18466933e-01
1.97017753e-01 7.13005114e-01 3.15874260e-01
1.99297349e-01 7.16886852e-01 3.13211104e-01
2.01605741e-01 7.20774168e-01 3.10475751e-01
2.03942747e-01 7.24667113e-01 3.07665817e-01
2.06308441e-01 7.28565685e-01 3.04779518e-01
2.08702692e-01 7.32469925e-01 3.01814367e-01
2.11125393e-01 7.36379865e-01 2.98767789e-01
2.13576612e-01 7.40295504e-01 2.95637614e-01
2.16056112e-01 7.44216902e-01 2.92420521e-01
2.18563917e-01 7.48144064e-01 2.89113851e-01
2.21099903e-01 7.52077027e-01 2.85714239e-01
2.23663947e-01 7.56015829e-01 2.82218057e-01
2.26256061e-01 7.59960473e-01 2.78621942e-01
2.28876023e-01 7.63911020e-01 2.74921301e-01
2.31523855e-01 7.67867473e-01 2.71112198e-01
2.34199374e-01 7.71829883e-01 2.67189462e-01
2.36902517e-01 7.75798272e-01 2.63147989e-01
2.39633195e-01 7.79772669e-01 2.58982105e-01
2.42391258e-01 7.83753119e-01 2.54685246e-01
2.45176690e-01 7.87739632e-01 2.50250929e-01
2.47989288e-01 7.91732269e-01 2.45670915e-01
2.50829055e-01 7.95731035e-01 2.40937312e-01
2.53695799e-01 7.99735989e-01 2.36040074e-01
2.56589485e-01 8.03747147e-01 2.30969001e-01
2.59509972e-01 8.07764556e-01 2.25711868e-01
2.62457183e-01 8.11788244e-01 2.20255295e-01
2.65431017e-01 8.15818249e-01 2.14583864e-01
2.68431367e-01 8.19854610e-01 2.08679811e-01
2.71458160e-01 8.23897355e-01 2.02522947e-01
2.74511271e-01 8.27946533e-01 1.96089164e-01
2.77590649e-01 8.32002168e-01 1.89350898e-01
2.80696157e-01 8.36064312e-01 1.82274329e-01
2.83827758e-01 8.40132986e-01 1.74819947e-01
2.86985313e-01 8.44208249e-01 1.66937994e-01
2.90168791e-01 8.48290118e-01 1.58568247e-01
2.93378056e-01 8.52378654e-01 1.49632396e-01
2.96613082e-01 8.56473876e-01 1.40030657e-01
2.99873741e-01 8.60575844e-01 1.29626932e-01
3.03160004e-01 8.64684580e-01 1.18234086e-01
3.06471755e-01 8.68800143e-01 1.05575285e-01
3.09808963e-01 8.72922556e-01 9.12192037e-02
3.13171525e-01 8.77051880e-01 7.44146887e-02
3.16559407e-01 8.81188138e-01 5.36359850e-02
3.19972516e-01 8.85331391e-01 2.61625934e-02
