1.103629799999999994e-01 1.690780000000000017e-03 2.530259100000000205e-01
1.122945899999999997e-01 6.033209999999999788e-03 2.575377200000000255e-01
1.141803900000000066e-01 1.060839000000000053e-02 2.620518000000000014e-01
1.160197599999999996e-01 1.542028999999999969e-02 2.665655399999999897e-01
1.178125599999999967e-01 2.047271000000000160e-02 2.710761700000000052e-01
1.195587199999999933e-01 2.576938000000000145e-02 2.755812699999999893e-01
1.212579099999999965e-01 3.131405999999999773e-02 2.800790100000000171e-01
1.229103200000000035e-01 3.711032000000000219e-02 2.845672599999999886e-01
1.245156399999999969e-01 4.306596000000000035e-02 2.890445899999999901e-01
1.260739800000000022e-01 4.880320999999999965e-02 2.935093500000000022e-01
1.275853600000000088e-01 5.434134000000000186e-02 2.979601000000000055e-01
1.290494799999999942e-01 5.971483000000000346e-02 3.023957800000000029e-01
1.304668099999999886e-01 6.494993999999999768e-02 3.068147999999999986e-01
1.318367799999999868e-01 7.006769000000000192e-02 3.112164399999999831e-01
1.331597499999999934e-01 7.508462999999999943e-02 3.155993599999999955e-01
1.344358200000000114e-01 8.001427999999999319e-02 3.199624600000000041e-01
1.356646099999999910e-01 8.486802000000000235e-02 3.243050000000000099e-01
1.368463199999999935e-01 8.965512000000000481e-02 3.286259000000000263e-01
1.379811200000000126e-01 9.438343999999999900e-02 3.329241399999999795e-01
1.390690199999999876e-01 9.905970999999999527e-02 3.371988399999999997e-01
1.401098000000000066e-01 1.036898099999999934e-01 3.414492299999999925e-01
1.411035900000000010e-01 1.082787100000000002e-01 3.456743999999999928e-01
1.420505999999999991e-01 1.128306800000000026e-01 3.498734199999999905e-01
1.429508899999999971e-01 1.173495400000000022e-01 3.540454699999999733e-01
1.438045599999999979e-01 1.218386199999999947e-01 3.581897099999999945e-01
1.446117100000000044e-01 1.263008899999999990e-01 3.623053399999999757e-01
1.453724999999999878e-01 1.307389300000000032e-01 3.663915500000000103e-01
1.460870800000000080e-01 1.351550800000000108e-01 3.704475600000000091e-01
1.467556799999999995e-01 1.395513999999999921e-01 3.744725700000000046e-01
1.473785400000000023e-01 1.439297099999999885e-01 3.784658200000000083e-01
1.479559500000000027e-01 1.482916699999999866e-01 3.824265499999999762e-01
1.484882299999999988e-01 1.526387300000000002e-01 3.863540300000000149e-01
1.489757700000000074e-01 1.569722100000000009e-01 3.902475200000000144e-01
1.494189900000000015e-01 1.612932900000000058e-01 3.941063200000000100e-01
1.498183899999999957e-01 1.656030000000000002e-01 3.979297500000000265e-01
1.501744799999999991e-01 1.699022799999999889e-01 4.017171500000000228e-01
1.504878799999999905e-01 1.741919600000000068e-01 4.054678899999999975e-01
1.507589500000000027e-01 1.784728800000000004e-01 4.091813999999999729e-01
1.509885800000000111e-01 1.827456399999999870e-01 4.128570699999999927e-01
1.511776499999999968e-01 1.870107799999999876e-01 4.164943400000000184e-01
1.513270200000000065e-01 1.912688100000000113e-01 4.200926999999999856e-01
1.514372900000000022e-01 1.955202799999999907e-01 4.236517000000000199e-01
1.515095800000000048e-01 1.997655399999999914e-01 4.271708900000000253e-01
1.515451399999999949e-01 2.040048600000000101e-01 4.306498500000000007e-01
1.515448500000000087e-01 2.082386200000000132e-01 4.340882500000000088e-01
1.515099199999999924e-01 2.124670399999999959e-01 4.374857600000000013e-01
1.514419399999999971e-01 2.166902599999999957e-01 4.408421000000000145e-01
1.513417699999999866e-01 2.209085600000000038e-01 4.441570699999999872e-01
1.512113099999999877e-01 2.251219700000000046e-01 4.474304700000000246e-01
1.510518899999999942e-01 2.293306400000000023e-01 4.506621699999999731e-01
1.508651099999999967e-01 2.335346399999999878e-01 4.538521099999999753e-01
1.506527900000000086e-01 2.377339800000000114e-01 4.570002400000000020e-01
1.504165199999999980e-01 2.419287499999999980e-01 4.601065799999999872e-01
1.501583400000000013e-01 2.461188800000000121e-01 4.631712099999999999e-01
1.498800299999999974e-01 2.503044200000000274e-01 4.661942199999999925e-01
1.495837000000000139e-01 2.544853100000000201e-01 4.691757999999999762e-01
1.492714300000000105e-01 2.586615099999999834e-01 4.721161700000000017e-01
1.489452699999999907e-01 2.628329899999999886e-01 4.750155600000000033e-01
1.486077000000000092e-01 2.669996399999999825e-01 4.778743100000000243e-01
1.482606099999999871e-01 2.711614800000000103e-01 4.806927300000000125e-01
1.479067500000000035e-01 2.753183599999999842e-01 4.834712600000000138e-01
1.475483400000000000e-01 2.794702299999999862e-01 4.862103199999999736e-01
1.471878299999999917e-01 2.836170399999999869e-01 4.889103599999999883e-01
1.468279200000000007e-01 2.877586599999999994e-01 4.915719299999999903e-01
1.464709600000000111e-01 2.918950699999999787e-01 4.941955499999999835e-01
1.461196499999999898e-01 2.960261699999999774e-01 4.967817999999999956e-01
1.457767100000000038e-01 3.001518699999999873e-01 4.993313099999999727e-01
1.454446600000000034e-01 3.042721400000000243e-01 5.018446800000000430e-01
1.451262399999999897e-01 3.083869100000000141e-01 5.043225999999999543e-01
1.448242100000000088e-01 3.124961099999999936e-01 5.067657399999999646e-01
1.445412600000000047e-01 3.165996999999999839e-01 5.091748200000000280e-01
1.442799899999999969e-01 3.206976500000000008e-01 5.115505200000000086e-01
1.440432399999999891e-01 3.247899000000000203e-01 5.138936100000000007e-01
1.438336799999999915e-01 3.288764299999999974e-01 5.162048299999999479e-01
1.436539099999999958e-01 3.329572399999999877e-01 5.184849200000000158e-01
1.435065700000000000e-01 3.370323199999999964e-01 5.207346499999999656e-01
1.433943199999999918e-01 3.411016399999999837e-01 5.229547900000000027e-01
1.433196999999999943e-01 3.451652199999999948e-01 5.251461200000000495e-01
1.432851500000000000e-01 3.492230800000000190e-01 5.273093800000000497e-01
1.432931100000000013e-01 3.532752399999999904e-01 5.294453599999999760e-01
1.433459900000000065e-01 3.573217300000000041e-01 5.315548199999999834e-01
1.434460499999999916e-01 3.613625799999999888e-01 5.336385399999999946e-01
1.435954999999999870e-01 3.653978399999999738e-01 5.356972500000000137e-01
1.437963800000000014e-01 3.694275799999999776e-01 5.377316899999999844e-01
1.440507400000000104e-01 3.734518499999999741e-01 5.397426100000000115e-01
1.443605099999999974e-01 3.774707099999999871e-01 5.417307399999999884e-01
1.447274500000000075e-01 3.814842399999999745e-01 5.436967999999999801e-01
1.451532299999999942e-01 3.854925200000000052e-01 5.456414699999999618e-01
1.456393800000000127e-01 3.894956500000000266e-01 5.475654300000000196e-01
1.461873700000000109e-01 3.934937000000000018e-01 5.494693699999999570e-01
1.467984900000000037e-01 3.974867699999999893e-01 5.513539400000000423e-01
1.474739399999999978e-01 4.014749599999999918e-01 5.532197899999999890e-01
1.482147600000000010e-01 4.054583900000000019e-01 5.550675299999999757e-01
1.490218299999999940e-01 4.094371500000000275e-01 5.568977499999999692e-01
1.498959800000000120e-01 4.134113700000000002e-01 5.587110600000000371e-01
1.508378900000000022e-01 4.173811499999999786e-01 5.605080300000000459e-01
1.518481000000000136e-01 4.213466100000000103e-01 5.622892000000000445e-01
1.529270399999999863e-01 4.253078699999999768e-01 5.640551099999999707e-01
1.540750200000000070e-01 4.292650599999999761e-01 5.658062799999999948e-01
1.552922300000000033e-01 4.332182900000000059e-01 5.675431800000000360e-01
1.565787499999999888e-01 4.371676899999999977e-01 5.692663000000000029e-01
1.579346100000000030e-01 4.411133799999999994e-01 5.709760999999999864e-01
1.593596999999999930e-01 4.450554899999999980e-01 5.726730199999999771e-01
1.608538399999999979e-01 4.489941399999999860e-01 5.743574799999999758e-01
1.624167699999999881e-01 4.529294500000000112e-01 5.760298799999999941e-01
1.640481500000000037e-01 4.568615400000000104e-01 5.776906200000000435e-01
1.657475800000000055e-01 4.607905299999999760e-01 5.793400399999999451e-01
1.675145899999999910e-01 4.647165600000000008e-01 5.809784999999999533e-01
1.693486600000000120e-01 4.686397299999999766e-01 5.826063200000000109e-01
1.712492499999999918e-01 4.725601500000000121e-01 5.842238199999999493e-01
1.732158000000000031e-01 4.764779499999999834e-01 5.858313000000000548e-01
1.752476799999999890e-01 4.803932200000000097e-01 5.874290500000000081e-01
1.773442500000000088e-01 4.843060800000000277e-01 5.890173100000000161e-01
1.795048800000000055e-01 4.882166299999999848e-01 5.905963499999999922e-01
1.817289099999999935e-01 4.921249600000000002e-01 5.921663900000000424e-01
1.840156699999999923e-01 4.960311700000000212e-01 5.937276500000000512e-01
1.863645300000000005e-01 4.999353500000000006e-01 5.952803399999999634e-01
1.887748499999999940e-01 5.038375899999999463e-01 5.968246299999999671e-01
1.912459999999999993e-01 5.077379600000000437e-01 5.983607100000000178e-01
1.937773799999999991e-01 5.116365299999999783e-01 5.998887400000000314e-01
1.963684300000000105e-01 5.155333800000000410e-01 6.014088600000000451e-01
1.990185899999999952e-01 5.194285600000000391e-01 6.029212099999999852e-01
2.017273599999999945e-01 5.233221300000000520e-01 6.044259100000000107e-01
2.044942800000000005e-01 5.272141399999999978e-01 6.059230899999999975e-01
2.073189199999999899e-01 5.311046200000000272e-01 6.074128300000000147e-01
2.102008999999999961e-01 5.349936100000000083e-01 6.088952399999999487e-01
2.131398899999999985e-01 5.388811300000000415e-01 6.103703999999999796e-01
2.161355799999999938e-01 5.427672000000000052e-01 6.118383400000000361e-01
2.191877700000000040e-01 5.466518200000000105e-01 6.132991399999999649e-01
2.222963099999999970e-01 5.505349800000000071e-01 6.147528799999999460e-01
2.254610800000000081e-01 5.544166699999999448e-01 6.161996299999999982e-01
2.286820499999999978e-01 5.582968499999999556e-01 6.176394200000000501e-01
2.319592400000000110e-01 5.621755000000000502e-01 6.190723099999999590e-01
2.352926700000000093e-01 5.660525800000000274e-01 6.204982100000000500e-01
2.386825599999999881e-01 5.699279999999999902e-01 6.219172699999999665e-01
2.421291399999999927e-01 5.738016999999999701e-01 6.233295500000000100e-01
2.456326699999999974e-01 5.776735699999999696e-01 6.247350000000000403e-01
2.491935200000000017e-01 5.815435399999999699e-01 6.261336199999999463e-01
2.528121600000000080e-01 5.854114599999999946e-01 6.275255600000000378e-01
2.564890899999999752e-01 5.892771999999999455e-01 6.289107600000000131e-01
2.602249099999999760e-01 5.931406200000000073e-01 6.302892700000000126e-01
2.640203099999999803e-01 5.970015100000000130e-01 6.316612400000000127e-01
2.678760399999999819e-01 6.008597199999999861e-01 6.330265099999999867e-01
2.717929700000000226e-01 6.047150000000000025e-01 6.343854199999999777e-01
2.757719900000000224e-01 6.085671400000000064e-01 6.357377499999999904e-01
2.798141599999999785e-01 6.124158699999999733e-01 6.370838800000000468e-01
2.839205599999999885e-01 6.162609100000000506e-01 6.384237299999999671e-01
2.880923899999999760e-01 6.201019399999999626e-01 6.397575199999999684e-01
2.923309299999999888e-01 6.239386399999999888e-01 6.410854999999999748e-01
2.966375900000000065e-01 6.277706400000000464e-01 6.424076399999999465e-01
3.010138199999999875e-01 6.315975400000000128e-01 6.437243400000000060e-01
3.054611700000000041e-01 6.354189199999999982e-01 6.450358899999999451e-01
3.099813000000000152e-01 6.392343200000000225e-01 6.463425900000000501e-01
3.145759799999999773e-01 6.430432299999999657e-01 6.476448099999999597e-01
3.192470700000000217e-01 6.468451400000000406e-01 6.489428900000000500e-01
3.239964699999999809e-01 6.506394699999999975e-01 6.502374400000000554e-01
3.288262000000000129e-01 6.544256099999999909e-01 6.515290400000000037e-01
3.337383500000000169e-01 6.582028899999999849e-01 6.528183800000000314e-01
3.387351499999999849e-01 6.619706400000000546e-01 6.541061599999999920e-01
3.438188099999999747e-01 6.657281099999999840e-01 6.553932999999999565e-01
3.489916000000000129e-01 6.694745199999999619e-01 6.566808600000000329e-01
3.542558599999999780e-01 6.732090200000000468e-01 6.579700499999999730e-01
3.596139400000000208e-01 6.769307599999999647e-01 6.592621199999999515e-01
3.650683100000000070e-01 6.806388100000000385e-01 6.605584700000000087e-01
3.706211200000000261e-01 6.843322200000000466e-01 6.618610400000000116e-01
3.762748699999999835e-01 6.880099800000000210e-01 6.631714199999999559e-01
3.820314899999999736e-01 6.916710700000000545e-01 6.644921000000000300e-01
3.878932999999999964e-01 6.953144300000000388e-01 6.658251200000000480e-01
3.938619300000000267e-01 6.989389999999999770e-01 6.671734299999999562e-01
3.999389799999999995e-01 7.025436900000000540e-01 6.685399499999999939e-01
4.061258300000000210e-01 7.061274400000000506e-01 6.699278300000000019e-01
4.124232999999999927e-01 7.096892000000000200e-01 6.713407300000000522e-01
4.188317300000000132e-01 7.132279900000000339e-01 6.727825699999999687e-01
4.253509500000000054e-01 7.167428900000000214e-01 6.742575899999999622e-01
4.319801099999999727e-01 7.202330500000000413e-01 6.757703000000000459e-01
4.387176700000000040e-01 7.236977900000000075e-01 6.773254899999999745e-01
4.455612299999999748e-01 7.271365600000000429e-01 6.789281799999999922e-01
4.525075800000000203e-01 7.305489800000000145e-01 6.805835700000000266e-01
4.595526099999999725e-01 7.339349200000000462e-01 6.822969399999999629e-01
4.666912999999999756e-01 7.372944399999999954e-01 6.840735599999999694e-01
4.739177199999999868e-01 7.406278800000000162e-01 6.859186699999999526e-01
4.812251900000000249e-01 7.439358499999999541e-01 6.878372299999999662e-01
4.886062999999999934e-01 7.472191999999999723e-01 6.898339300000000396e-01
4.960530599999999901e-01 7.504790399999999861e-01 6.919130199999999897e-01
5.035570600000000008e-01 7.537167299999999459e-01 6.940782500000000077e-01
5.111096099999999920e-01 7.569338399999999689e-01 6.963327900000000348e-01
5.187019899999999462e-01 7.601321100000000275e-01 6.986791500000000266e-01
5.263255500000000309e-01 7.633134499999999489e-01 7.011191799999999530e-01
5.339719600000000232e-01 7.664798200000000339e-01 7.036540500000000309e-01
5.416333199999999737e-01 7.696332599999999857e-01 7.062842499999999468e-01
5.493023400000000001e-01 7.727758099999999519e-01 7.090096500000000468e-01
5.569723699999999944e-01 7.759094699999999900e-01 7.118295300000000436e-01
5.646367100000000416e-01 7.790363700000000335e-01 7.147428900000000196e-01
5.722908100000000386e-01 7.821582400000000046e-01 7.177478999999999942e-01
5.799291199999999646e-01 7.852770999999999502e-01 7.208428199999999952e-01
5.875482800000000339e-01 7.883945199999999875e-01 7.240252700000000541e-01
5.951447500000000002e-01 7.915121299999999804e-01 7.272928300000000013e-01
6.027155199999999491e-01 7.946315099999999854e-01 7.306429700000000027e-01
6.102583599999999997e-01 7.977540199999999526e-01 7.340729599999999966e-01
6.177715999999999763e-01 8.008809399999999856e-01 7.375800599999999818e-01
6.252536699999999836e-01 8.040134799999999471e-01 7.411615299999999573e-01
6.327038699999999460e-01 8.071526700000000165e-01 7.448145999999999933e-01
6.401217599999999841e-01 8.102994300000000427e-01 7.485365499999999672e-01
6.475065899999999930e-01 8.134547600000000545e-01 7.523248000000000157e-01
6.548583999999999516e-01 8.166194399999999742e-01 7.561767499999999531e-01
6.621772799999999792e-01 8.197942200000000179e-01 7.600899399999999639e-01
6.694638899999999504e-01 8.229796700000000520e-01 7.640619699999999792e-01
6.767176099999999694e-01 8.261767100000000363e-01 7.680905700000000280e-01
6.839397999999999866e-01 8.293856699999999638e-01 7.721735400000000471e-01
6.911309399999999714e-01 8.326071000000000444e-01 7.763087899999999708e-01
6.982916500000000415e-01 8.358415099999999542e-01 7.804943199999999637e-01
7.054226399999999897e-01 8.390893600000000063e-01 7.847282399999999658e-01
7.125247000000000108e-01 8.423510600000000403e-01 7.890087300000000470e-01
7.195987000000000355e-01 8.456269800000000281e-01 7.933340800000000526e-01
7.266455499999999734e-01 8.489174400000000231e-01 7.977026600000000078e-01
7.336656499999999470e-01 8.522229300000000451e-01 8.021128800000000281e-01
7.406600800000000540e-01 8.555437099999999573e-01 8.065632600000000041e-01
7.476301800000000330e-01 8.588799000000000294e-01 8.110524599999999751e-01
7.545758900000000269e-01 8.622320900000000066e-01 8.155790200000000434e-01
7.614988700000000499e-01 8.656002900000000500e-01 8.201417500000000027e-01
7.683993000000000073e-01 8.689849800000000180e-01 8.247393600000000324e-01
7.752787399999999662e-01 8.723861499999999713e-01 8.293707799999999741e-01
7.821368600000000448e-01 8.758044400000000174e-01 8.340347200000000072e-01
7.889754500000000226e-01 8.792397400000000474e-01 8.387302500000000105e-01
7.957951100000000277e-01 8.826923399999999642e-01 8.434563299999999764e-01
8.025958100000000206e-01 8.861627300000000096e-01 8.482118199999999497e-01
8.093788800000000228e-01 8.896509400000000012e-01 8.529958499999999999e-01
8.161449800000000199e-01 8.931571900000000452e-01 8.578075099999999953e-01
8.228946999999999790e-01 8.966817500000000551e-01 8.626458599999999866e-01
8.296286099999999886e-01 9.002248499999999654e-01 8.675100000000000033e-01
8.363472899999999655e-01 9.037867600000000223e-01 8.723990600000000040e-01
8.430512900000000087e-01 9.073677100000000495e-01 8.773121699999999468e-01
8.497411299999999557e-01 9.109679600000000210e-01 8.822484800000000016e-01
8.564173400000000269e-01 9.145877599999999719e-01 8.872071400000000052e-01
8.630803900000000306e-01 9.182273499999999977e-01 8.921873200000000059e-01
8.697307300000000074e-01 9.218870099999999512e-01 8.971881699999999515e-01
8.763687900000000086e-01 9.255670099999999678e-01 9.022088299999999617e-01
8.829949499999999452e-01 9.292676300000000111e-01 9.072484400000000448e-01
8.896089700000000544e-01 9.329893999999999687e-01 9.123059599999999714e-01
8.962115600000000182e-01 9.367324799999999785e-01 9.173805800000000010e-01
9.028030200000000116e-01 9.404971800000000437e-01 9.224713700000000127e-01
9.093833500000000347e-01 9.442839299999999936e-01 9.275773200000000385e-01
9.159520300000000281e-01 9.480934100000000253e-01 9.326972100000000543e-01
9.225097300000000278e-01 9.519257500000000149e-01 9.378301500000000290e-01
9.290558799999999451e-01 9.557816599999999774e-01 9.429748799999999598e-01
9.355899500000000035e-01 9.596617800000000198e-01 9.481301199999999652e-01
9.421120400000000394e-01 9.635665399999999714e-01 9.532947699999999580e-01
9.486203500000000011e-01 9.674971100000000490e-01 9.584671799999999742e-01
9.551150400000000262e-01 9.714538999999999813e-01 9.636463199999999452e-01
9.615935899999999981e-01 9.754383800000000493e-01 9.688305000000000389e-01
9.680553400000000419e-01 9.794512499999999955e-01 9.740187500000000442e-01
9.744968800000000098e-01 9.834943499999999617e-01 9.792096599999999817e-01
9.809162999999999633e-01 9.875688099999999636e-01 9.844027899999999720e-01
9.873094100000000539e-01 9.916766700000000379e-01 9.895979099999999695e-01
9.936721800000000160e-01 9.958197600000000538e-01 9.947960799999999715e-01
1.000000000000000000e+00 1.000000000000000000e+00 1.000000000000000000e+00
