8.752791999999999517e-02 5.445007999999999793e-02 1.563339099999999926e-01
9.204695000000000238e-02 5.639319999999999750e-02 1.620389700000000044e-01
9.650894999999999613e-02 5.829606999999999845e-02 1.678688000000000125e-01
1.009087000000000039e-01 6.016327999999999954e-02 1.738248799999999872e-01
1.052403900000000031e-01 6.200003999999999932e-02 1.799078000000000066e-01
1.094977899999999976e-01 6.381198000000000425e-02 1.861172899999999908e-01
1.136740299999999954e-01 6.560565000000000146e-02 1.924513700000000105e-01
1.177619899999999969e-01 6.738816000000000250e-02 1.989066800000000024e-01
1.217543299999999939e-01 6.916724999999999957e-02 2.054782800000000131e-01
1.256436499999999956e-01 7.095121999999999540e-02 2.121594499999999994e-01
1.294226699999999897e-01 7.274885000000000379e-02 2.189418599999999882e-01
1.330843300000000007e-01 7.456920000000000215e-02 2.258154900000000076e-01
1.366219800000000040e-01 7.642163000000000428e-02 2.327686399999999989e-01
1.400295000000000012e-01 7.831531999999999383e-02 2.397886300000000026e-01
1.433014099999999902e-01 8.025936999999999655e-02 2.468613600000000019e-01
1.464329099999999995e-01 8.226244000000000611e-02 2.539722500000000105e-01
1.494199800000000078e-01 8.433261999999999703e-02 2.611061399999999866e-01
1.522593399999999930e-01 8.647726999999999498e-02 2.682477500000000070e-01
1.549484700000000048e-01 8.870295000000000263e-02 2.753819200000000023e-01
1.574855099999999952e-01 9.101525000000000587e-02 2.824939000000000200e-01
1.598692800000000025e-01 9.341878000000000681e-02 2.895695099999999744e-01
1.620991699999999869e-01 9.591718000000000466e-02 2.965952499999999770e-01
1.641750399999999943e-01 9.851308000000000287e-02 3.035585800000000223e-01
1.660972300000000124e-01 1.012081499999999967e-01 3.104477299999999773e-01
1.678664300000000109e-01 1.040031599999999973e-01 3.172519599999999995e-01
1.694836100000000068e-01 1.068980600000000031e-01 3.239615200000000028e-01
1.709500700000000095e-01 1.098920200000000069e-01 3.305674399999999902e-01
1.722672600000000054e-01 1.129835500000000020e-01 3.370617799999999775e-01
1.734368400000000088e-01 1.161705499999999974e-01 3.434374600000000277e-01
1.744606099999999882e-01 1.194504100000000069e-01 3.496881800000000151e-01
1.753405100000000050e-01 1.228201000000000015e-01 3.558084200000000141e-01
1.760785900000000070e-01 1.262762199999999946e-01 3.617933799999999978e-01
1.766770400000000074e-01 1.298150600000000099e-01 3.676388800000000012e-01
1.771381099999999875e-01 1.334326999999999874e-01 3.733414099999999847e-01
1.774641000000000135e-01 1.371250499999999983e-01 3.788981100000000102e-01
1.776575300000000079e-01 1.408878799999999931e-01 3.843064700000000111e-01
1.777208500000000135e-01 1.447169100000000042e-01 3.895646899999999913e-01
1.776568099999999983e-01 1.486077700000000001e-01 3.946712199999999893e-01
1.774679999999999869e-01 1.525561400000000067e-01 3.996251499999999846e-01
1.771572999999999898e-01 1.565576899999999994e-01 4.044258399999999809e-01
1.767277499999999890e-01 1.606081199999999931e-01 4.090729900000000252e-01
1.761822899999999914e-01 1.647032400000000008e-01 4.135667900000000174e-01
1.755241100000000110e-01 1.688389299999999982e-01 4.179076700000000089e-01
1.747565000000000091e-01 1.730111699999999919e-01 4.220963600000000038e-01
1.738828699999999949e-01 1.772160600000000086e-01 4.261338900000000152e-01
1.729068599999999956e-01 1.814497599999999877e-01 4.300215299999999852e-01
1.718321600000000116e-01 1.857086400000000082e-01 4.337608299999999861e-01
1.706625099999999895e-01 1.899891900000000022e-01 4.373535700000000248e-01
1.694019999999999970e-01 1.942880100000000110e-01 4.408017000000000185e-01
1.680548900000000123e-01 1.986018300000000070e-01 4.441073899999999908e-01
1.666253600000000001e-01 2.029276000000000135e-01 4.472729999999999762e-01
1.651181499999999913e-01 2.072623000000000104e-01 4.503010299999999910e-01
1.635378600000000071e-01 2.116031700000000071e-01 4.531941600000000125e-01
1.618893399999999927e-01 2.159475399999999934e-01 4.559551800000000155e-01
1.601779399999999909e-01 2.202928500000000123e-01 4.585870200000000119e-01
1.584089300000000033e-01 2.246367200000000119e-01 4.610927300000000062e-01
1.565878199999999887e-01 2.289769500000000124e-01 4.634754200000000268e-01
1.547204500000000094e-01 2.333114199999999916e-01 4.657383199999999834e-01
1.528128900000000068e-01 2.376381599999999872e-01 4.678847300000000264e-01
1.508714600000000128e-01 2.419553399999999910e-01 4.699179900000000076e-01
1.489027099999999937e-01 2.462612499999999871e-01 4.718415100000000195e-01
1.469134699999999905e-01 2.505543299999999918e-01 4.736587199999999775e-01
1.449110600000000082e-01 2.548330500000000054e-01 4.753731500000000221e-01
1.429027900000000018e-01 2.590961199999999853e-01 4.769882699999999920e-01
1.408961800000000097e-01 2.633423500000000028e-01 4.785075300000000142e-01
1.388994699999999971e-01 2.675705600000000128e-01 4.799344999999999861e-01
1.369208600000000053e-01 2.717797599999999814e-01 4.812726600000000188e-01
1.349688300000000118e-01 2.759690699999999830e-01 4.825254700000000119e-01
1.330523200000000017e-01 2.801376400000000211e-01 4.836964300000000105e-01
1.311804199999999920e-01 2.842847600000000252e-01 4.847889699999999857e-01
1.293621600000000038e-01 2.884098700000000126e-01 4.858063699999999874e-01
1.276075100000000073e-01 2.925123199999999923e-01 4.867521799999999788e-01
1.259258500000000058e-01 2.965917200000000031e-01 4.876295800000000069e-01
1.243268800000000007e-01 3.006476900000000230e-01 4.884418099999999763e-01
1.228204299999999943e-01 3.046799199999999930e-01 4.891920599999999841e-01
1.214163000000000048e-01 3.086881599999999892e-01 4.898834599999999928e-01
1.201241599999999937e-01 3.126722499999999849e-01 4.905190999999999857e-01
1.189534700000000056e-01 3.166320699999999877e-01 4.911019600000000040e-01
1.179133599999999948e-01 3.205675700000000239e-01 4.916349400000000203e-01
1.170125500000000068e-01 3.244787599999999772e-01 4.921208699999999880e-01
1.162592399999999998e-01 3.283657099999999773e-01 4.925624900000000195e-01
1.156609900000000052e-01 3.322285300000000219e-01 4.929624300000000070e-01
1.152249199999999946e-01 3.360673200000000027e-01 4.933234400000000019e-01
1.149570199999999931e-01 3.398822799999999811e-01 4.936479999999999757e-01
1.148621300000000067e-01 3.436737000000000264e-01 4.939383399999999757e-01
1.149447799999999964e-01 3.474417699999999831e-01 4.941970500000000266e-01
1.152078599999999953e-01 3.511868300000000054e-01 4.944262400000000168e-01
1.156534000000000034e-01 3.549091899999999855e-01 4.946280900000000202e-01
1.162823899999999994e-01 3.586092100000000116e-01 4.948047300000000259e-01
1.170946900000000013e-01 3.622872599999999998e-01 4.949581900000000201e-01
1.180888199999999971e-01 3.659437999999999858e-01 4.950901100000000277e-01
1.192631100000000055e-01 3.695791199999999832e-01 4.952028600000000225e-01
1.206139700000000009e-01 3.731937799999999750e-01 4.952977299999999916e-01
1.221374399999999999e-01 3.767882200000000070e-01 4.953764199999999840e-01
1.238288500000000042e-01 3.803629099999999985e-01 4.954405499999999796e-01
1.256830300000000011e-01 3.839182700000000059e-01 4.954918999999999851e-01
1.276938300000000082e-01 3.874548600000000120e-01 4.955316000000000165e-01
1.298549499999999968e-01 3.909731799999999757e-01 4.955610200000000187e-01
1.321597200000000083e-01 3.944737400000000171e-01 4.955814199999999947e-01
1.346012699999999951e-01 3.979570700000000238e-01 4.955939999999999790e-01
1.371725699999999937e-01 4.014236800000000049e-01 4.955998600000000032e-01
1.398665500000000061e-01 4.048741200000000040e-01 4.956000199999999745e-01
1.426761500000000016e-01 4.083089300000000144e-01 4.955954300000000035e-01
1.455944499999999864e-01 4.117286199999999896e-01 4.955870399999999787e-01
1.486146299999999976e-01 4.151337099999999891e-01 4.955758200000000002e-01
1.517299900000000090e-01 4.185247899999999799e-01 4.955622700000000269e-01
1.549340999999999913e-01 4.219024000000000107e-01 4.955470100000000100e-01
1.582207700000000106e-01 4.252670700000000248e-01 4.955306999999999906e-01
1.615841399999999872e-01 4.286192699999999967e-01 4.955143100000000134e-01
1.650184799999999952e-01 4.319596299999999833e-01 4.954977199999999748e-01
1.685184399999999916e-01 4.352886300000000097e-01 4.954816200000000115e-01
1.720789600000000030e-01 4.386067799999999739e-01 4.954664999999999764e-01
1.756952200000000130e-01 4.419146600000000147e-01 4.954522199999999987e-01
1.793627000000000138e-01 4.452127000000000168e-01 4.954396699999999987e-01
1.830771999999999955e-01 4.485014999999999974e-01 4.954282899999999934e-01
1.868346999999999924e-01 4.517814800000000131e-01 4.954188500000000217e-01
1.906315399999999882e-01 4.550531899999999963e-01 4.954109700000000061e-01
1.944642900000000119e-01 4.583171200000000223e-01 4.954046500000000020e-01
1.983296599999999910e-01 4.615736899999999809e-01 4.954003100000000104e-01
2.022247799999999929e-01 4.648234299999999819e-01 4.953972400000000165e-01
2.061468899999999993e-01 4.680668099999999998e-01 4.953953799999999963e-01
2.100933600000000068e-01 4.713042100000000012e-01 4.953950799999999877e-01
2.140619500000000008e-01 4.745361300000000004e-01 4.953954999999999886e-01
2.180505500000000096e-01 4.777629999999999932e-01 4.953963299999999959e-01
2.220571899999999876e-01 4.809852399999999806e-01 4.953972500000000112e-01
2.260801100000000008e-01 4.842032499999999740e-01 4.953978600000000232e-01
2.301176199999999950e-01 4.874174099999999954e-01 4.953980000000000050e-01
2.341683699999999868e-01 4.906281200000000009e-01 4.953968200000000155e-01
2.382310699999999892e-01 4.938357500000000178e-01 4.953937400000000268e-01
2.423045899999999864e-01 4.970406700000000177e-01 4.953881800000000113e-01
2.463879200000000103e-01 5.002432199999999884e-01 4.953794499999999990e-01
2.504802099999999809e-01 5.034437200000000390e-01 4.953668700000000147e-01
2.545807299999999773e-01 5.066424800000000062e-01 4.953496700000000197e-01
2.586888700000000152e-01 5.098398200000000546e-01 4.953270499999999910e-01
2.628041600000000089e-01 5.130360000000000475e-01 4.952981599999999873e-01
2.669262199999999918e-01 5.162312999999999485e-01 4.952621300000000226e-01
2.710546899999999870e-01 5.194259500000000251e-01 4.952184000000000030e-01
2.751895100000000260e-01 5.226201999999999792e-01 4.951656799999999969e-01
2.793306400000000189e-01 5.258142599999999778e-01 4.951029699999999756e-01
2.834781399999999896e-01 5.290083399999999658e-01 4.950292199999999920e-01
2.876321700000000203e-01 5.322025900000000309e-01 4.949433400000000094e-01
2.917928000000000188e-01 5.353971800000000281e-01 4.948447300000000104e-01
2.959604299999999966e-01 5.385922499999999946e-01 4.947321199999999974e-01
3.001355499999999732e-01 5.417879199999999784e-01 4.946040500000000173e-01
3.043186600000000186e-01 5.449842999999999771e-01 4.944594099999999881e-01
3.085100199999999959e-01 5.481814299999999696e-01 4.942979499999999859e-01
3.127105900000000105e-01 5.513794199999999535e-01 4.941174799999999978e-01
3.169210199999999977e-01 5.545782900000000293e-01 4.939170099999999897e-01
3.211418200000000223e-01 5.577780500000000252e-01 4.936961400000000055e-01
3.253741800000000128e-01 5.609787299999999810e-01 4.934525599999999845e-01
3.296186500000000130e-01 5.641802799999999785e-01 4.931861300000000004e-01
3.338764000000000176e-01 5.673826699999999779e-01 4.928949499999999984e-01
3.381483000000000128e-01 5.705858499999999500e-01 4.925781599999999871e-01
3.424353800000000114e-01 5.737897499999999873e-01 4.922346100000000169e-01
3.467387699999999739e-01 5.769942599999999810e-01 4.918629700000000105e-01
3.510594699999999846e-01 5.801992700000000447e-01 4.914623200000000081e-01
3.553986700000000276e-01 5.834046600000000193e-01 4.910314100000000015e-01
3.597575700000000265e-01 5.866102800000000395e-01 4.905689899999999826e-01
3.641371600000000153e-01 5.898159699999999672e-01 4.900745000000000240e-01
3.685390199999999949e-01 5.930215599999999476e-01 4.895457599999999965e-01
3.729637100000000038e-01 5.962268400000000357e-01 4.889835200000000048e-01
3.774130299999999827e-01 5.994316200000000538e-01 4.883851000000000164e-01
3.818879900000000105e-01 6.026356800000000069e-01 4.877501000000000198e-01
3.863895800000000103e-01 6.058387899999999604e-01 4.870781200000000033e-01
3.909193699999999883e-01 6.090407100000000407e-01 4.863672299999999837e-01
3.954783399999999838e-01 6.122412000000000409e-01 4.856170599999999893e-01
4.000674599999999859e-01 6.154400100000000373e-01 4.848273100000000113e-01
4.046882299999999821e-01 6.186368500000000159e-01 4.839961999999999875e-01
4.093417500000000042e-01 6.218314600000000025e-01 4.831229899999999744e-01
4.140287100000000220e-01 6.250235800000000230e-01 4.822080000000000255e-01
4.187504200000000121e-01 6.282129100000000133e-01 4.812498000000000054e-01
4.235080199999999850e-01 6.313991700000000096e-01 4.802474899999999991e-01
4.283024799999999854e-01 6.345820800000000483e-01 4.792004500000000000e-01
4.331346200000000257e-01 6.377613399999999544e-01 4.781083999999999889e-01
4.380051099999999753e-01 6.409366800000000364e-01 4.769712799999999975e-01
4.429151299999999902e-01 6.441078099999999473e-01 4.757878099999999777e-01
4.478654699999999877e-01 6.472744299999999562e-01 4.745575200000000105e-01
4.528568800000000172e-01 6.504362599999999883e-01 4.732799599999999995e-01
4.578900799999999771e-01 6.535930100000000298e-01 4.719547199999999942e-01
4.629656999999999800e-01 6.567444099999999452e-01 4.705814199999999725e-01
4.680843299999999929e-01 6.598901900000000431e-01 4.691597399999999918e-01
4.732463299999999928e-01 6.630300999999999556e-01 4.676897899999999941e-01
4.784524499999999736e-01 6.661638500000000018e-01 4.661706899999999987e-01
4.837031500000000261e-01 6.692911900000000358e-01 4.646021300000000021e-01
4.889988299999999954e-01 6.724118599999999724e-01 4.629838199999999904e-01
4.943398700000000145e-01 6.755256200000000488e-01 4.613154800000000000e-01
4.997265699999999811e-01 6.786322399999999977e-01 4.595968400000000065e-01
5.051592299999999591e-01 6.817314700000000061e-01 4.578276499999999749e-01
5.106380600000000047e-01 6.848231000000000179e-01 4.560076499999999866e-01
5.161632699999999518e-01 6.879069100000000381e-01 4.541365900000000067e-01
5.217349900000000096e-01 6.909826900000000105e-01 4.522142000000000106e-01
5.273533500000000540e-01 6.940502400000000405e-01 4.502402500000000085e-01
5.330184199999999928e-01 6.971093600000000112e-01 4.482144499999999865e-01
5.387302600000000163e-01 7.001598799999999567e-01 4.461365600000000153e-01
5.444888599999999634e-01 7.032015999999999822e-01 4.440062699999999807e-01
5.502942299999999953e-01 7.062343700000000002e-01 4.418232999999999744e-01
5.561459800000000397e-01 7.092580600000000235e-01 4.395880099999999735e-01
5.620442900000000019e-01 7.122724799999999856e-01 4.372995900000000158e-01
5.679890899999999743e-01 7.152774800000000210e-01 4.349575999999999998e-01
5.739802699999999591e-01 7.182729199999999814e-01 4.325616800000000040e-01
5.800176999999999694e-01 7.212586500000000012e-01 4.301114100000000273e-01
5.861012399999999678e-01 7.242345500000000325e-01 4.276063700000000134e-01
5.922307100000000490e-01 7.272004800000000380e-01 4.250460899999999875e-01
5.984058899999999959e-01 7.301563399999999593e-01 4.224301599999999990e-01
6.046258799999999489e-01 7.331021500000000080e-01 4.197594599999999732e-01
6.108911599999999886e-01 7.360376699999999772e-01 4.170320100000000085e-01
6.172015400000000485e-01 7.389627899999999805e-01 4.142471899999999874e-01
6.235567899999999719e-01 7.418774200000000096e-01 4.114043199999999900e-01
6.299566899999999858e-01 7.447814600000000063e-01 4.085026700000000122e-01
6.364000399999999447e-01 7.476750100000000288e-01 4.055433900000000036e-01
6.428873800000000083e-01 7.505578499999999709e-01 4.025240999999999958e-01
6.494186199999999465e-01 7.534298400000000173e-01 3.994436199999999992e-01
6.559935300000000469e-01 7.562908999999999882e-01 3.963009800000000249e-01
6.626109700000000213e-01 7.591411700000000318e-01 3.930969100000000216e-01
6.692710800000000182e-01 7.619804900000000103e-01 3.898295700000000141e-01
6.759741099999999614e-01 7.648086699999999682e-01 3.864968100000000240e-01
6.827198399999999667e-01 7.676256399999999980e-01 3.830973100000000242e-01
6.895063999999999638e-01 7.704317299999999813e-01 3.796329399999999743e-01
6.963351399999999636e-01 7.732264899999999885e-01 3.760991499999999932e-01
7.032058700000000107e-01 7.760098500000000010e-01 3.724942700000000162e-01
7.101170999999999456e-01 7.787820699999999929e-01 3.688191100000000056e-01
7.170692600000000416e-01 7.815429299999999690e-01 3.650706400000000018e-01
7.240627699999999667e-01 7.842922100000000452e-01 3.612456399999999790e-01
7.310960899999999762e-01 7.870302000000000131e-01 3.573446699999999754e-01
7.381695700000000526e-01 7.897566999999999782e-01 3.533644400000000019e-01
7.452838200000000413e-01 7.924714499999999662e-01 3.493008799999999803e-01
7.524368099999999560e-01 7.951748899999999676e-01 3.451551500000000217e-01
7.596297199999999528e-01 7.978665900000000422e-01 3.409216800000000047e-01
7.668625900000000106e-01 8.005464399999999703e-01 3.365969999999999795e-01
7.741333299999999529e-01 8.032149400000000439e-01 3.321818300000000113e-01
7.814440200000000170e-01 8.058713899999999652e-01 3.276679800000000253e-01
7.887929700000000377e-01 8.085161800000000287e-01 3.230548599999999992e-01
7.961804599999999787e-01 8.111491499999999855e-01 3.183373800000000031e-01
8.036070800000000292e-01 8.137700100000000436e-01 3.135094299999999778e-01
8.110707200000000228e-01 8.163793099999999692e-01 3.085703699999999827e-01
8.185737499999999889e-01 8.189762499999999612e-01 3.035093500000000111e-01
8.261134999999999451e-01 8.215615499999999738e-01 2.983260099999999748e-01
8.336919299999999700e-01 8.241345199999999815e-01 2.930092400000000041e-01
8.413075899999999940e-01 8.266955299999999562e-01 2.875548399999999782e-01
8.489609799999999762e-01 8.292443200000000347e-01 2.819534899999999733e-01
8.566519799999999796e-01 8.317808700000000055e-01 2.761963499999999794e-01
8.643799500000000080e-01 8.343052800000000380e-01 2.702747999999999817e-01
8.721457599999999921e-01 8.368171899999999885e-01 2.641754900000000128e-01
8.799480200000000529e-01 8.393169900000000405e-01 2.578890600000000033e-01
8.877881899999999771e-01 8.418040900000000049e-01 2.513975500000000252e-01
8.956645199999999640e-01 8.442790199999999912e-01 2.446890100000000123e-01
9.035786700000000282e-01 8.467411299999999530e-01 2.377404499999999921e-01
9.115289199999999648e-01 8.491909300000000105e-01 2.305347399999999880e-01
9.195167300000000044e-01 8.516278400000000248e-01 2.230427700000000013e-01
9.275408200000000436e-01 8.540522299999999678e-01 2.152383599999999897e-01
9.356020400000000237e-01 8.564637200000000394e-01 2.070838999999999874e-01
9.436999700000000546e-01 8.588623800000000363e-01 1.985379899999999975e-01
9.518344100000000196e-01 8.612482200000000088e-01 1.895494000000000068e-01
9.600062499999999499e-01 8.636208300000000060e-01 1.800505099999999969e-01
9.682137699999999736e-01 8.659807699999999553e-01 1.699650900000000131e-01
9.764596399999999621e-01 8.683269700000000313e-01 1.591769899999999904e-01
9.767786999999999997e-01 8.623864500000000266e-01 1.551113799999999932e-01
9.770596799999999860e-01 8.564592100000000263e-01 1.510702399999999945e-01
9.773029699999999931e-01 8.505451400000000328e-01 1.470547299999999946e-01
9.775089300000000536e-01 8.446441300000000485e-01 1.430661300000000136e-01
9.776779300000000283e-01 8.387560699999999647e-01 1.391057800000000122e-01
9.778103000000000211e-01 8.328808699999999954e-01 1.351751800000000059e-01
9.779063500000000353e-01 8.270184299999999711e-01 1.312759199999999904e-01
9.779663699999999737e-01 8.211686700000000450e-01 1.274097499999999883e-01
9.779906499999999614e-01 8.153314999999999868e-01 1.235785600000000040e-01
9.779794400000000332e-01 8.095068600000000503e-01 1.197843999999999992e-01
9.779330000000000522e-01 8.036946600000000052e-01 1.160294899999999990e-01
9.778515500000000138e-01 7.978948599999999836e-01 1.123162800000000044e-01
9.777353100000000241e-01 7.921073800000000276e-01 1.086474000000000051e-01
9.775844900000000282e-01 7.863321699999999970e-01 1.050257200000000030e-01
9.773992700000000422e-01 7.805691900000000238e-01 1.014543700000000021e-01
9.771798299999999715e-01 7.748183899999999680e-01 9.793675999999999771e-02
9.769263299999999539e-01 7.690797499999999509e-01 9.447656999999999583e-02
9.766389199999999660e-01 7.633532100000000042e-01 9.107783999999999325e-02
9.763177600000000345e-01 7.576387599999999667e-01 8.774490000000000067e-02
9.759629699999999852e-01 7.519363799999999598e-01 8.448248999999999342e-02
9.755746699999999771e-01 7.462460499999999941e-01 8.129570999999999326e-02
9.751529799999999470e-01 7.405677499999999691e-01 7.819007000000000041e-02
9.746979999999999533e-01 7.349014900000000461e-01 7.517147999999999886e-02
9.742102099999999654e-01 7.292470300000000183e-01 7.224664000000000086e-02
9.736895100000000358e-01 7.236044700000000551e-01 6.942220999999999809e-02
9.731358300000000350e-01 7.179739299999999824e-01 6.670518999999999754e-02
9.725492199999999920e-01 7.123554100000000222e-01 6.410311999999999955e-02
9.719297700000000262e-01 7.067489200000000027e-01 6.162386999999999726e-02
9.712775200000000053e-01 7.011544899999999636e-01 5.927556999999999965e-02
9.705929599999999491e-01 6.955718699999999810e-01 5.706715999999999872e-02
9.698760899999999685e-01 6.900011299999999625e-01 5.500702999999999843e-02
9.691265900000000100e-01 6.844425100000000040e-01 5.310302000000000078e-02
9.683445200000000419e-01 6.788960400000000339e-01 5.136320999999999942e-02
9.675300500000000303e-01 6.733616700000000233e-01 4.979551000000000116e-02
9.666838399999999609e-01 6.678390400000000504e-01 4.840818000000000204e-02
9.658051600000000514e-01 6.623286600000000135e-01 4.720611999999999725e-02
9.648940499999999476e-01 6.568306000000000422e-01 4.619447000000000136e-02
9.639510900000000104e-01 6.513445199999999824e-01 4.537834999999999785e-02
9.629761799999999594e-01 6.458705500000000432e-01 4.476016000000000022e-02
9.619689200000000051e-01 6.404090300000000457e-01 4.433994000000000130e-02
9.609297900000000059e-01 6.349597000000000158e-01 4.411823000000000133e-02
9.598589199999999488e-01 6.295225399999999638e-01 4.409311999999999954e-02
9.587557500000000177e-01 6.240980099999999808e-01 4.425943000000000238e-02
9.576210400000000345e-01 6.186856400000000367e-01 4.461377999999999872e-02
9.564544099999999771e-01 6.132857800000000026e-01 4.514863000000000209e-02
9.552557000000000409e-01 6.078986100000000059e-01 4.585576000000000235e-02
9.540257199999999660e-01 6.025236299999999767e-01 4.672868000000000160e-02
9.527634999999999854e-01 5.971616199999999486e-01 4.775540999999999814e-02
9.514700400000000169e-01 5.918119200000000468e-01 4.892885999999999763e-02
9.501445600000000269e-01 5.864751900000000351e-01 5.023678000000000171e-02
9.487876899999999614e-01 5.811510399999999521e-01 5.167073999999999973e-02
9.473990199999999806e-01 5.758398500000000420e-01 5.321958000000000244e-02
9.459789600000000354e-01 5.705414199999999658e-01 5.487459000000000087e-02
9.445271800000000217e-01 5.652560599999999491e-01 5.662538999999999767e-02
9.430441299999999805e-01 5.599835199999999569e-01 5.846421999999999730e-02
9.415293000000000134e-01 5.547242999999999480e-01 6.038104999999999861e-02
9.399834500000000537e-01 5.494778599999999846e-01 6.237006999999999968e-02
9.384058199999999461e-01 5.442449200000000209e-01 6.442156000000000271e-02
9.367971699999999569e-01 5.390249599999999974e-01 6.653077999999999770e-02
9.351570500000000452e-01 5.338184200000000157e-01 6.869000999999999579e-02
9.334855300000000078e-01 5.286253600000000441e-01 7.089354999999999962e-02
9.317830900000000360e-01 5.234454800000000185e-01 7.313735999999999848e-02
9.300492200000000098e-01 5.182792899999999481e-01 7.541504000000000263e-02
9.282842000000000038e-01 5.131266599999999567e-01 7.772286999999999946e-02
9.264882800000000529e-01 5.079874800000000468e-01 8.005753000000000175e-02
9.246611399999999925e-01 5.028621199999999680e-01 8.241431000000000451e-02
9.228028499999999523e-01 4.977506300000000272e-01 8.479006999999999517e-02
9.209139100000000022e-01 4.926526700000000147e-01 8.718317999999999901e-02
9.189939599999999986e-01 4.875686699999999818e-01 8.958982999999999530e-02
9.170430600000000210e-01 4.824986900000000078e-01 9.200766999999999973e-02
9.150612799999999769e-01 4.774427700000000163e-01 9.443464999999999498e-02
9.130489000000000521e-01 4.724007499999999804e-01 9.686954000000000398e-02
9.110058399999999557e-01 4.673728200000000221e-01 9.931027000000000604e-02
9.089320899999999703e-01 4.623591200000000123e-01 1.017550799999999978e-01
9.068277200000000038e-01 4.573596799999999907e-01 1.042026900000000006e-01
9.046927999999999637e-01 4.523745399999999917e-01 1.066519400000000006e-01
9.025274100000000299e-01 4.474037599999999837e-01 1.091017999999999988e-01
9.003316099999999489e-01 4.424473800000000012e-01 1.115513600000000022e-01
8.981055599999999695e-01 4.375053500000000151e-01 1.140000600000000003e-01
8.958492500000000414e-01 4.325778200000000018e-01 1.164469300000000040e-01
8.935627299999999718e-01 4.276648299999999958e-01 1.188912800000000020e-01
8.912460700000000013e-01 4.227664500000000158e-01 1.213325700000000007e-01
8.888993499999999770e-01 4.178826999999999958e-01 1.237703299999999978e-01
8.865226499999999676e-01 4.130136300000000205e-01 1.262041399999999924e-01
8.841160300000000527e-01 4.081592800000000132e-01 1.286336399999999935e-01
8.816795899999999575e-01 4.033196700000000190e-01 1.310585300000000064e-01
8.792133800000000443e-01 3.984948600000000063e-01 1.334785500000000014e-01
8.767175099999999777e-01 3.936848700000000201e-01 1.358934699999999884e-01
8.741920800000000380e-01 3.888896700000000206e-01 1.383032899999999954e-01
8.716371899999999506e-01 3.841092999999999869e-01 1.407078099999999887e-01
8.690528699999999773e-01 3.793438199999999982e-01 1.431068199999999957e-01
8.664392100000000152e-01 3.745932499999999887e-01 1.455001999999999962e-01
8.637962999999999614e-01 3.698576299999999928e-01 1.478878700000000046e-01
8.611242099999999455e-01 3.651369500000000157e-01 1.502697799999999917e-01
8.584230499999999653e-01 3.604312399999999861e-01 1.526458699999999891e-01
8.556930299999999656e-01 3.557403199999999988e-01 1.550166600000000006e-01
8.529341299999999571e-01 3.510643500000000250e-01 1.573816799999999960e-01
8.501464199999999583e-01 3.464033499999999988e-01 1.597408499999999898e-01
8.473300000000000276e-01 3.417573199999999756e-01 1.620941899999999991e-01
8.444851199999999780e-01 3.371260300000000210e-01 1.644423399999999924e-01
8.416117300000000023e-01 3.325096300000000005e-01 1.667847899999999883e-01
8.387099300000000479e-01 3.279081600000000041e-01 1.691214600000000012e-01
8.357799200000000095e-01 3.233213799999999916e-01 1.714529499999999929e-01
8.328217500000000273e-01 3.187493699999999763e-01 1.737789999999999890e-01
8.298354500000000300e-01 3.141921799999999876e-01 1.760993299999999984e-01
8.268213199999999707e-01 3.096494599999999875e-01 1.784149200000000046e-01
8.237792699999999524e-01 3.051214600000000110e-01 1.807248700000000097e-01
8.207095100000000309e-01 3.006079300000000232e-01 1.830297899999999978e-01
8.176121200000000533e-01 2.961088700000000240e-01 1.853295199999999976e-01
8.144872100000000170e-01 2.916241900000000054e-01 1.876241100000000106e-01
8.113348900000000308e-01 2.871537599999999801e-01 1.899137300000000028e-01
8.081552600000000419e-01 2.826975299999999747e-01 1.921982600000000097e-01
8.049484300000000481e-01 2.782553700000000019e-01 1.944778299999999904e-01
8.017145300000000363e-01 2.738271500000000191e-01 1.967525099999999916e-01
7.984536100000000358e-01 2.694128399999999868e-01 1.990220400000000112e-01
7.951658600000000021e-01 2.650121300000000124e-01 2.012869999999999937e-01
7.918513000000000357e-01 2.606250800000000090e-01 2.035467300000000090e-01
7.885100900000000523e-01 2.562513900000000233e-01 2.058016900000000093e-01
7.851423299999999994e-01 2.518909500000000024e-01 2.080517799999999917e-01
7.817480700000000171e-01 2.475436500000000040e-01 2.102967000000000031e-01
7.783274599999999710e-01 2.432092200000000037e-01 2.125367499999999965e-01
7.748806000000000305e-01 2.388874800000000131e-01 2.147718899999999931e-01
7.714075500000000529e-01 2.345782899999999949e-01 2.170017999999999947e-01
7.679084099999999857e-01 2.302814400000000039e-01 2.192264600000000119e-01
7.643832900000000485e-01 2.259966300000000039e-01 2.214460099999999987e-01
7.608322699999999772e-01 2.217236300000000049e-01 2.236603600000000025e-01
7.572554299999999516e-01 2.174622599999999906e-01 2.258692200000000094e-01
7.536528399999999905e-01 2.132122300000000026e-01 2.280725000000000113e-01
7.500245800000000518e-01 2.089732800000000112e-01 2.302700799999999881e-01
7.463707299999999822e-01 2.047451200000000027e-01 2.324618400000000029e-01
7.426913400000000332e-01 2.005274499999999960e-01 2.346476200000000012e-01
7.389864900000000514e-01 1.963199499999999931e-01 2.368272700000000064e-01
7.352562299999999551e-01 1.921223099999999906e-01 2.390005900000000127e-01
7.315005999999999453e-01 1.879341700000000115e-01 2.411673799999999868e-01
7.277196599999999904e-01 1.837552000000000074e-01 2.433274099999999940e-01
7.239134299999999689e-01 1.795850300000000066e-01 2.454804200000000047e-01
7.200819600000000209e-01 1.754232799999999870e-01 2.476261600000000118e-01
7.162252500000000355e-01 1.712695599999999874e-01 2.497643099999999894e-01
7.123433300000000523e-01 1.671234600000000015e-01 2.518945599999999896e-01
7.084361999999999604e-01 1.629845600000000005e-01 2.540165699999999971e-01
7.045038700000000320e-01 1.588524199999999942e-01 2.561299499999999951e-01
7.005463100000000054e-01 1.547265800000000024e-01 2.582343400000000067e-01
6.965635199999999916e-01 1.506065299999999885e-01 2.603296500000000235e-01
6.925554499999999614e-01 1.464918299999999896e-01 2.624150800000000228e-01
6.885220699999999860e-01 1.423819900000000138e-01 2.644901499999999794e-01
6.844633300000000364e-01 1.382764700000000124e-01 2.665545300000000117e-01
6.803791399999999934e-01 1.341747100000000026e-01 2.686078199999999971e-01
6.762694599999999889e-01 1.300762400000000096e-01 2.706490799999999863e-01
6.721341800000000255e-01 1.259804300000000044e-01 2.726781099999999736e-01
6.679731899999999944e-01 1.218867299999999987e-01 2.746940800000000071e-01
6.637863999999999987e-01 1.177945799999999960e-01 2.766962900000000114e-01
6.595736399999999611e-01 1.137033499999999947e-01 2.786842199999999825e-01
6.553347999999999951e-01 1.096124599999999949e-01 2.806568799999999975e-01
6.510696900000000342e-01 1.055212799999999951e-01 2.826136399999999993e-01
6.467781500000000516e-01 1.014292100000000058e-01 2.845536300000000018e-01
6.424599899999999808e-01 9.733564999999999579e-02 2.864756700000000156e-01
6.381149499999999586e-01 9.323995000000000200e-02 2.883793800000000185e-01
6.337428600000000189e-01 8.914154999999999995e-02 2.902632299999999832e-01
6.293434599999999657e-01 8.503984000000000543e-02 2.921261700000000183e-01
6.249164499999999567e-01 8.093427999999999733e-02 2.939672400000000185e-01
6.204615599999999676e-01 7.682432999999999623e-02 2.957852400000000048e-01
6.159784900000000452e-01 7.270954000000000306e-02 2.975786799999999843e-01
6.114669200000000249e-01 6.858949000000000296e-02 2.993462199999999962e-01
6.069265000000000354e-01 6.446385999999999783e-02 3.010863899999999815e-01
6.023568599999999940e-01 6.033245999999999748e-02 3.027976399999999790e-01
5.977576100000000503e-01 5.619524000000000047e-02 3.044782999999999795e-01
5.931283600000000211e-01 5.205234000000000250e-02 3.061266000000000265e-01
5.884686799999999662e-01 4.790418999999999927e-02 3.077406400000000097e-01
5.837781300000000062e-01 4.375149999999999872e-02 3.093184199999999828e-01
5.790562599999999893e-01 3.958633000000000290e-02 3.108577900000000227e-01
5.743025800000000070e-01 3.553831999999999824e-02 3.123565899999999895e-01
5.695165599999999495e-01 3.174352999999999897e-02 3.138125099999999890e-01
5.646977699999999878e-01 2.819986999999999841e-02 3.152228000000000252e-01
5.598457000000000017e-01 2.490542999999999924e-02 3.165847900000000048e-01
5.549597200000000452e-01 2.185857000000000078e-02 3.178959800000000224e-01
5.500394400000000461e-01 1.905721000000000151e-02 3.191529200000000066e-01
5.450842099999999579e-01 1.649988000000000149e-02 3.203528999999999960e-01
5.400936400000000415e-01 1.418449999999999919e-02 3.214921600000000268e-01
5.350670699999999780e-01 1.210966999999999946e-02 3.225676900000000180e-01
5.300041399999999570e-01 1.027321999999999957e-02 3.235754000000000130e-01
5.249043500000000195e-01 8.673290000000000166e-03 3.245115900000000164e-01
5.197671799999999953e-01 7.308010000000000200e-03 3.253724199999999955e-01
5.145923199999999920e-01 6.174960000000000171e-03 3.261535199999999746e-01
5.093794200000000272e-01 5.271689999999999883e-03 3.268505700000000069e-01
5.041282000000000263e-01 4.595499999999999759e-03 3.274591199999999924e-01
4.988384499999999888e-01 4.143339999999999697e-03 3.279745600000000261e-01
4.935100700000000229e-01 3.911760000000000237e-03 3.283921699999999833e-01
4.881430500000000228e-01 3.896849999999999880e-03 3.287071300000000140e-01
4.827374999999999861e-01 4.094190000000000156e-03 3.289145399999999775e-01
4.772936899999999927e-01 4.498750000000000145e-03 3.290095000000000103e-01
4.718120199999999986e-01 5.104870000000000067e-03 3.289870899999999820e-01
4.662930599999999814e-01 5.906179999999999590e-03 3.288424699999999978e-01
4.607375400000000010e-01 6.895590000000000053e-03 3.285709199999999885e-01
4.551463600000000276e-01 8.065269999999999384e-03 3.281679100000000071e-01
4.495207199999999848e-01 9.406299999999999384e-03 3.276290000000000036e-01
4.438619599999999998e-01 1.090904000000000006e-02 3.269501200000000107e-01
4.381715999999999944e-01 1.256314000000000042e-02 3.261275699999999778e-01
4.324514300000000255e-01 1.435710999999999932e-02 3.251579800000000131e-01
4.267034599999999789e-01 1.627877000000000143e-02 3.240384599999999726e-01
4.209298399999999996e-01 1.831522999999999832e-02 3.227666699999999778e-01
4.151329699999999900e-01 2.045278999999999847e-02 3.213407699999999978e-01
4.093153999999999959e-01 2.267720000000000152e-02 3.197595699999999930e-01
4.034798399999999785e-01 2.497368999999999978e-02 3.180224700000000015e-01
3.976291200000000026e-01 2.732721999999999929e-02 3.161295599999999761e-01
3.917661900000000141e-01 2.972241000000000119e-02 3.140815499999999871e-01
3.858940599999999832e-01 3.214386999999999800e-02 3.118797999999999848e-01
3.800157599999999802e-01 3.457641000000000187e-02 3.095263400000000109e-01
3.741343500000000044e-01 3.700496000000000341e-02 3.070237699999999736e-01
3.682529299999999783e-01 3.941466999999999887e-02 3.043752200000000019e-01
3.623744300000000251e-01 4.175650999999999669e-02 3.015843999999999747e-01
3.565017699999999956e-01 4.396933000000000091e-02 2.986554499999999890e-01
3.506377500000000258e-01 4.606144999999999684e-02 2.955928800000000023e-01
3.447850599999999766e-01 4.803206000000000142e-02 2.924015799999999943e-01
3.389462699999999939e-01 4.988080999999999765e-02 2.890866999999999742e-01
3.331237599999999910e-01 5.160776999999999726e-02 2.856535800000000180e-01
3.273197600000000151e-01 5.321341000000000265e-02 2.821077499999999905e-01
3.215362999999999971e-01 5.469857000000000191e-02 2.784547900000000076e-01
3.157752300000000178e-01 5.606434999999999891e-02 2.747003399999999873e-01
3.100384500000000210e-01 5.731173999999999991e-02 2.708500899999999878e-01
3.043273100000000175e-01 5.844262000000000068e-02 2.669096000000000246e-01
2.986431399999999736e-01 5.945879999999999915e-02 2.628843499999999889e-01
2.929873599999999745e-01 6.036169999999999730e-02 2.587798499999999779e-01
2.873607499999999981e-01 6.115386999999999906e-02 2.546012200000000170e-01
2.817643899999999757e-01 6.183697999999999972e-02 2.503536699999999726e-01
2.761989499999999986e-01 6.241336000000000106e-02 2.460420799999999963e-01
2.706649700000000047e-01 6.288536000000000126e-02 2.416711500000000012e-01
2.651629500000000084e-01 6.325514000000000137e-02 2.372454300000000071e-01
2.596934100000000134e-01 6.352470999999999812e-02 2.327693600000000085e-01
2.542564600000000175e-01 6.369655999999999929e-02 2.282469599999999987e-01
2.488522300000000076e-01 6.377291999999999683e-02 2.236821499999999963e-01
2.434807900000000025e-01 6.375601000000000185e-02 2.190786399999999912e-01
2.381420800000000060e-01 6.364801000000000486e-02 2.144399300000000008e-01
2.328360800000000008e-01 6.345087000000000643e-02 2.097694099999999895e-01
2.275625400000000076e-01 6.316678000000000570e-02 2.050701299999999894e-01
2.223211099999999885e-01 6.279787000000000563e-02 2.003449399999999991e-01
2.171114199999999994e-01 6.234614000000000128e-02 1.955965199999999959e-01
2.119333499999999926e-01 6.181307999999999941e-02 1.908276799999999995e-01
2.067861699999999914e-01 6.120094999999999702e-02 1.860405099999999923e-01
2.016695000000000015e-01 6.051126999999999895e-02 1.812373499999999915e-01
1.965827599999999953e-01 5.974580000000000168e-02 1.764201800000000098e-01
1.915254100000000070e-01 5.890603999999999979e-02 1.715909599999999868e-01
1.864966200000000018e-01 5.799374999999999669e-02 1.667512200000000055e-01
1.814960599999999868e-01 5.700990999999999698e-02 1.619029200000000057e-01
1.765227199999999941e-01 5.595626000000000072e-02 1.570471800000000084e-01
1.715758799999999862e-01 5.483404000000000056e-02 1.521853499999999970e-01
1.666547800000000024e-01 5.364436999999999678e-02 1.473186700000000127e-01
1.617586900000000105e-01 5.238820999999999756e-02 1.424482900000000052e-01
1.568866100000000097e-01 5.106676999999999744e-02 1.375750000000000028e-01
1.520376599999999911e-01 4.968093999999999982e-02 1.326996099999999956e-01
1.472108900000000109e-01 4.823157000000000139e-02 1.278227999999999864e-01
1.424053000000000124e-01 4.671941000000000288e-02 1.229451299999999997e-01
1.376198899999999947e-01 4.514511000000000218e-02 1.180670399999999981e-01
1.328535499999999869e-01 4.350923999999999764e-02 1.131888399999999989e-01
1.281051699999999904e-01 4.181228000000000028e-02 1.083107100000000045e-01
1.233735700000000018e-01 4.004902999999999935e-02 1.034327000000000024e-01
