2.43091363e-01 1.86333765e-02 8.93488815e-02
2.48048340e-01 1.83274887e-02 9.05623989e-02
2.53009424e-01 1.79739669e-02 9.17190742e-02
2.57974171e-01 1.75732032e-02 9.28173582e-02
2.62943066e-01 1.71240250e-02 9.38547181e-02
2.67914523e-01 1.66291113e-02 9.48303176e-02
2.72889127e-01 1.60873326e-02 9.57411679e-02
2.77865377e-01 1.55015744e-02 9.65860726e-02
2.82842784e-01 1.48730354e-02 9.73627036e-02
2.87821016e-01 1.42027635e-02 9.80683233e-02
2.92798715e-01 1.34940326e-02 9.87010718e-02
2.97774912e-01 1.27496080e-02 9.92584682e-02
3.02748465e-01 1.19728705e-02 9.97379884e-02
3.07718041e-01 1.11678839e-02 1.00137083e-01
3.12682323e-01 1.03390024e-02 1.00452908e-01
3.17639720e-01 9.49149610e-03 1.00682666e-01
3.22588004e-01 8.63242716e-03 1.00824174e-01
3.27525648e-01 7.76774917e-03 1.00873933e-01
3.32449857e-01 6.90668157e-03 1.00830012e-01
3.37358537e-01 6.05739933e-03 1.00689093e-01
3.42248715e-01 5.23059957e-03 1.00448937e-01
3.47117254e-01 4.43797254e-03 1.00107339e-01
3.51960782e-01 3.69238127e-03 9.96622626e-02
3.56775609e-01 3.00811669e-03 9.91120750e-02
3.61557962e-01 2.40036336e-03 9.84551233e-02
3.66303227e-01 1.88703090e-03 9.76915513e-02
3.71007099e-01 1.48603715e-03 9.68209394e-02
3.75664637e-01 1.21755660e-03 9.58447059e-02
3.80271063e-01 1.10207711e-03 9.47644052e-02
3.84821372e-01 1.16126773e-03 9.35830095e-02
3.89310568e-01 1.41734441e-03 9.23047100e-02
3.93733868e-01 1.89244492e-03 9.09346394e-02
3.98086811e-01 2.60822805e-03 8.94788410e-02
4.02365276e-01 3.58565749e-03 8.79446518e-02
4.06565727e-01 4.84423937e-03 8.63400931e-02
4.10685300e-01 6.40163399e-03 8.46736538e-02
4.14721850e-01 8.27338692e-03 8.29541793e-02
4.18673980e-01 1.04727060e-02 8.11907014e-02
4.22541072e-01 1.30102929e-02 7.93919351e-02
4.26323235e-01 1.58944116e-02 7.75662031e-02
4.30021239e-01 1.91310137e-02 7.57211561e-02
4.33636418e-01 2.27239480e-02 7.38638655e-02
4.37170588e-01 2.66752666e-02 7.20002703e-02
4.40625924e-01 3.09855166e-02 7.01355804e-02
4.44004867e-01 3.56540084e-02 6.82742547e-02
4.47310035e-01 4.06749127e-02 6.64198093e-02
4.50544134e-01 4.57565458e-02 6.45749308e-02
4.53709898e-01 5.08026096e-02 6.27417059e-02
4.56810038e-01 5.58113206e-02 6.09216112e-02
4.59847194e-01 6.07816239e-02 5.91155910e-02
4.62823952e-01 6.57128982e-02 5.73244629e-02
4.65742719e-01 7.06052579e-02 5.55481248e-02
4.68605790e-01 7.54591045e-02 5.37863663e-02
4.71415402e-01 8.02748712e-02 5.20392403e-02
4.74173540e-01 8.50536103e-02 5.03058299e-02
4.76882170e-01 8.97961602e-02 4.85858096e-02
4.79543001e-01 9.45038599e-02 4.68780125e-02
4.82157783e-01 9.91776637e-02 4.51820865e-02
4.84727998e-01 1.03818984e-01 4.34968535e-02
4.87255062e-01 1.08429123e-01 4.18213700e-02
4.89740308e-01 1.13009350e-01 4.01503999e-02
4.92184964e-01 1.17560938e-01 3.84912021e-02
4.94590167e-01 1.22085150e-01 3.68795496e-02
4.96956965e-01 1.26583235e-01 3.53138154e-02
4.99286324e-01 1.31056417e-01 3.37924823e-02
5.01579135e-01 1.35505889e-01 3.23141457e-02
5.03836217e-01 1.39932812e-01 3.08775153e-02
5.06058325e-01 1.44338310e-01 2.94814151e-02
5.08246233e-01 1.48723336e-01 2.81250176e-02
5.10400580e-01 1.53088948e-01 2.68073424e-02
5.12521901e-01 1.57436249e-01 2.55273743e-02
5.14610867e-01 1.61766002e-01 2.42847228e-02
5.16667937e-01 1.66079212e-01 2.30786098e-02
5.18693599e-01 1.70376734e-01 2.19085502e-02
5.20688339e-01 1.74659333e-01 2.07742350e-02
5.22652539e-01 1.78927851e-01 1.96752624e-02
5.24586580e-01 1.83183042e-01 1.86113980e-02
5.26490891e-01 1.87425526e-01 1.75826596e-02
5.28365683e-01 1.91656154e-01 1.65887135e-02
5.30211377e-01 1.95875427e-01 1.56298203e-02
5.32028230e-01 2.00084008e-01 1.47060037e-02
5.33816450e-01 2.04282566e-01 1.38173055e-02
5.35576292e-01 2.08471654e-01 1.29639778e-02
5.37308078e-01 2.12651700e-01 1.21464937e-02
5.39011947e-01 2.16823306e-01 1.13650715e-02
5.40688079e-01 2.20986989e-01 1.06200971e-02
5.42336657e-01 2.25143214e-01 9.91205479e-03
5.43957849e-01 2.29292428e-01 9.24148224e-03
5.45551812e-01 2.33435060e-01 8.60896889e-03
5.47118687e-01 2.37571520e-01 8.01515461e-03
5.48658604e-01 2.41702201e-01 7.46072832e-03
5.50171682e-01 2.45827481e-01 6.94642655e-03
5.51658028e-01 2.49947720e-01 6.47303215e-03
5.53117740e-01 2.54063264e-01 6.04137292e-03
5.54550908e-01 2.58174444e-01 5.65232028e-03
5.55957611e-01 2.62281576e-01 5.30678795e-03
5.57337923e-01 2.66384965e-01 5.00573058e-03
5.58691908e-01 2.70484901e-01 4.75014243e-03
5.60019626e-01 2.74581660e-01 4.54105593e-03
5.61321129e-01 2.78675509e-01 4.37954031e-03
5.62596464e-01 2.82766700e-01 4.26670013e-03
5.63845695e-01 2.86855458e-01 4.20370083e-03
5.65068914e-01 2.90941964e-01 4.19177946e-03
5.66266086e-01 2.95026504e-01 4.23204734e-03
5.67437238e-01 2.99109289e-01 4.32573383e-03
5.68582396e-01 3.03190521e-01 4.47409553e-03
5.69701653e-01 3.07270335e-01 4.67849213e-03
5.70795025e-01 3.11348918e-01 4.94021989e-03
5.71862469e-01 3.15426496e-01 5.26053650e-03
5.72904001e-01 3.19503236e-01 5.64078737e-03
5.73919769e-01 3.23579190e-01 6.08247191e-03
5.74909676e-01 3.27654597e-01 6.58684959e-03
5.75873714e-01 3.31729618e-01 7.15528753e-03
5.76812014e-01 3.35804296e-01 7.78930066e-03
5.77724518e-01 3.39878816e-01 8.49022241e-03
5.78611185e-01 3.43953338e-01 9.25941345e-03
5.79472186e-01 3.48027861e-01 1.00984289e-02
5.80307393e-01 3.52102598e-01 1.10085482e-02
5.81116844e-01 3.56177635e-01 1.19911973e-02
5.81900641e-01 3.60253008e-01 1.30478451e-02
5.82658648e-01 3.64328914e-01 1.41797494e-02
5.83391045e-01 3.68405328e-01 1.53884109e-02
5.84097708e-01 3.72482429e-01 1.66750657e-02
5.84778720e-01 3.76560250e-01 1.80410918e-02
5.85434084e-01 3.80638876e-01 1.94877761e-02
5.86063776e-01 3.84718406e-01 2.10163556e-02
5.86667886e-01 3.88798859e-01 2.26281146e-02
5.87246319e-01 3.92880375e-01 2.43241668e-02
5.87799215e-01 3.96962935e-01 2.61057470e-02
5.88326444e-01 4.01046695e-01 2.79738563e-02
5.88828163e-01 4.05131623e-01 2.99296376e-02
5.89304235e-01 4.09217872e-01 3.19739851e-02
5.89754803e-01 4.13305416e-01 3.41079124e-02
5.90179751e-01 4.17394388e-01 3.63322063e-02
5.90579181e-01 4.21484786e-01 3.86477181e-02
5.90953022e-01 4.25576711e-01 4.10423577e-02
5.91301306e-01 4.29670198e-01 4.34372017e-02
5.91624030e-01 4.33765304e-01 4.58379562e-02
5.91921136e-01 4.37862117e-01 4.82436993e-02
5.92192704e-01 4.41960639e-01 5.06536114e-02
5.92438579e-01 4.46061008e-01 5.30667970e-02
5.92658895e-01 4.50163197e-01 5.54825112e-02
5.92853481e-01 4.54267347e-01 5.78999047e-02
5.93022365e-01 4.58373486e-01 6.03182269e-02
5.93165505e-01 4.62481680e-01 6.27367143e-02
5.93282766e-01 4.66592042e-01 6.51545855e-02
5.93374237e-01 4.70704565e-01 6.75711428e-02
5.93439698e-01 4.74819402e-01 6.99855986e-02
5.93479121e-01 4.78936602e-01 7.23972334e-02
5.93492444e-01 4.83056231e-01 7.48053228e-02
5.93479476e-01 4.87178419e-01 7.72091107e-02
5.93440190e-01 4.91303208e-01 7.96078912e-02
5.93374406e-01 4.95430715e-01 8.20009205e-02
5.93281935e-01 4.99561059e-01 8.43874577e-02
5.93162729e-01 5.03694284e-01 8.67667977e-02
5.93016515e-01 5.07830545e-01 8.91381842e-02
5.92843086e-01 5.11969956e-01 9.15008804e-02
5.92642346e-01 5.16112576e-01 9.38541750e-02
5.92413955e-01 5.20258578e-01 9.61973048e-02
5.92157664e-01 5.24408083e-01 9.85295298e-02
5.91873312e-01 5.28561170e-01 1.00850129e-01
5.91560509e-01 5.32718019e-01 1.03158337e-01
5.91218944e-01 5.36878764e-01 1.05453406e-01
5.90848371e-01 5.41043510e-01 1.07734603e-01
5.90448369e-01 5.45212432e-01 1.10001163e-01
5.90018544e-01 5.49385685e-01 1.12252328e-01
5.89558553e-01 5.53563398e-01 1.14487351e-01
5.89067950e-01 5.57745737e-01 1.16705470e-01
5.88546247e-01 5.61932880e-01 1.18905914e-01
5.87992985e-01 5.66124985e-01 1.21087921e-01
5.87407706e-01 5.70322200e-01 1.23250733e-01
5.86789808e-01 5.74524728e-01 1.25393562e-01
5.86138731e-01 5.78732745e-01 1.27515633e-01
5.85453937e-01 5.82946408e-01 1.29616179e-01
5.84734772e-01 5.87165916e-01 1.31694408e-01
5.83980558e-01 5.91391466e-01 1.33749527e-01
5.83190613e-01 5.95623244e-01 1.35780742e-01
5.82364285e-01 5.99861419e-01 1.37787270e-01
5.81500751e-01 6.04106214e-01 1.39768290e-01
5.80599223e-01 6.08357828e-01 1.41722991e-01
5.79658900e-01 6.12616453e-01 1.43650559e-01
5.78678952e-01 6.16882281e-01 1.45550176e-01
5.77658432e-01 6.21155537e-01 1.47420995e-01
5.76596406e-01 6.25436425e-01 1.49262174e-01
5.75491922e-01 6.29725147e-01 1.51072865e-01
5.74343985e-01 6.34021905e-01 1.52852210e-01
5.73151494e-01 6.38326926e-01 1.54599324e-01
5.71913348e-01 6.42640421e-01 1.56313318e-01
5.70628421e-01 6.46962598e-01 1.57993298e-01
5.69295550e-01 6.51293659e-01 1.59638356e-01
5.67913450e-01 6.55633834e-01 1.61247550e-01
5.66480833e-01 6.59983339e-01 1.62819931e-01
5.64996361e-01 6.64342387e-01 1.64354536e-01
5.63458706e-01 6.68711171e-01 1.65850400e-01
5.61866357e-01 6.73089927e-01 1.67306499e-01
5.60217812e-01 6.77478867e-01 1.68721807e-01
5.58511507e-01 6.81878206e-01 1.70095273e-01
5.56745858e-01 6.86288141e-01 1.71425838e-01
5.54919164e-01 6.90708889e-01 1.72712395e-01
5.53029642e-01 6.95140668e-01 1.73953806e-01
5.51075465e-01 6.99583685e-01 1.75148911e-01
5.49054731e-01 7.04038149e-01 1.76296518e-01
5.46965531e-01 7.08504243e-01 1.77395426e-01
5.44805739e-01 7.12982191e-01 1.78444347e-01
5.42573208e-01 7.17472195e-01 1.79441981e-01
5.40265699e-01 7.21974455e-01 1.80386982e-01
5.37880885e-01 7.26489164e-01 1.81277966e-01
5.35416397e-01 7.31016501e-01 1.82113524e-01
5.32869623e-01 7.35556676e-01 1.82892146e-01
5.30237905e-01 7.40109878e-01 1.83612293e-01
5.27518463e-01 7.44676293e-01 1.84272371e-01
5.24708388e-01 7.49256105e-01 1.84870722e-01
5.21804711e-01 7.53849473e-01 1.85405661e-01
5.18804168e-01 7.58456590e-01 1.85875371e-01
5.15703395e-01 7.63077633e-01 1.86277982e-01
5.12498861e-01 7.67712770e-01 1.86611551e-01
5.09186852e-01 7.72362168e-01 1.86874048e-01
5.05763483e-01 7.77025982e-01 1.87063362e-01
5.02224681e-01 7.81704356e-01 1.87177299e-01
4.98566006e-01 7.86397462e-01 1.87213497e-01
4.94782843e-01 7.91105450e-01 1.87169514e-01
4.90870297e-01 7.95828465e-01 1.87042780e-01
4.86823170e-01 8.00566646e-01 1.86830592e-01
4.82635934e-01 8.05320130e-01 1.86530100e-01
4.78302824e-01 8.10089020e-01 1.86138354e-01
4.73817433e-01 8.14873467e-01 1.85652113e-01
4.69173019e-01 8.19673594e-01 1.85067995e-01
4.64362356e-01 8.24489517e-01 1.84382412e-01
4.59377670e-01 8.29321346e-01 1.83591541e-01
4.54210577e-01 8.34169188e-01 1.82691301e-01
4.48852012e-01 8.39033142e-01 1.81677330e-01
4.43292209e-01 8.43913292e-01 1.80544981e-01
4.37520501e-01 8.48809721e-01 1.79289237e-01
4.31525120e-01 8.53722530e-01 1.77904621e-01
4.25293263e-01 8.58651799e-01 1.76385257e-01
4.18810845e-01 8.63597599e-01 1.74724760e-01
4.12062302e-01 8.68559997e-01 1.72916174e-01
4.05030358e-01 8.73539057e-01 1.70951888e-01
3.97695738e-01 8.78534832e-01 1.68823536e-01
3.90036819e-01 8.83547373e-01 1.66521887e-01
3.82029200e-01 8.88576725e-01 1.64036695e-01
3.73645162e-01 8.93622926e-01 1.61356535e-01
3.64852987e-01 8.98686009e-01 1.58468588e-01
3.55616149e-01 9.03765994e-01 1.55358411e-01
3.45892074e-01 9.08862899e-01 1.52009545e-01
3.35630597e-01 9.13976753e-01 1.48403067e-01
3.24772134e-01 9.19107567e-01 1.44517142e-01
3.13244857e-01 9.24255345e-01 1.40326265e-01
3.00960832e-01 9.29420089e-01 1.35800311e-01
2.87810453e-01 9.34601792e-01 1.30903244e-01
2.73654136e-01 9.39800445e-01 1.25591316e-01
2.58309420e-01 9.45016032e-01 1.19810505e-01
2.41529981e-01 9.50248534e-01 1.13492737e-01
2.22969326e-01 9.55497926e-01 1.06550119e-01
2.02112885e-01 9.60764178e-01 9.88657304e-02
1.78136819e-01 9.66047259e-01 9.02780718e-02
