8.752791999999999517e-02 5.445007999999999793e-02 1.563339099999999926e-01
9.204695000000000238e-02 5.639319999999999750e-02 1.620389700000000044e-01
9.650894999999999613e-02 5.829606999999999845e-02 1.678688000000000125e-01
1.009087000000000039e-01 6.016327999999999954e-02 1.738248799999999872e-01
1.052403900000000031e-01 6.200003999999999932e-02 1.799078000000000066e-01
1.094977899999999976e-01 6.381198000000000425e-02 1.861172899999999908e-01
1.136740299999999954e-01 6.560565000000000146e-02 1.924513700000000105e-01
1.177619899999999969e-01 6.738816000000000250e-02 1.989066800000000024e-01
1.217543299999999939e-01 6.916724999999999957e-02 2.054782800000000131e-01
1.256436499999999956e-01 7.095121999999999540e-02 2.121594499999999994e-01
1.294226699999999897e-01 7.274885000000000379e-02 2.189418599999999882e-01
1.330843300000000007e-01 7.456920000000000215e-02 2.258154900000000076e-01
1.366219800000000040e-01 7.642163000000000428e-02 2.327686399999999989e-01
1.400295000000000012e-01 7.831531999999999383e-02 2.397886300000000026e-01
1.433014099999999902e-01 8.025936999999999655e-02 2.468613600000000019e-01
1.464329099999999995e-01 8.226244000000000611e-02 2.539722500000000105e-01
1.494199800000000078e-01 8.433261999999999703e-02 2.611061399999999866e-01
1.522593399999999930e-01 8.647726999999999498e-02 2.682477500000000070e-01
1.549484700000000048e-01 8.870295000000000263e-02 2.753819200000000023e-01
1.574855099999999952e-01 9.101525000000000587e-02 2.824939000000000200e-01
1.598692800000000025e-01 9.341878000000000681e-02 2.895695099999999744e-01
1.620991699999999869e-01 9.591718000000000466e-02 2.965952499999999770e-01
1.641750399999999943e-01 9.851308000000000287e-02 3.035585800000000223e-01
1.660972300000000124e-01 1.012081499999999967e-01 3.104477299999999773e-01
1.678664300000000109e-01 1.040031599999999973e-01 3.172519599999999995e-01
1.694836100000000068e-01 1.068980600000000031e-01 3.239615200000000028e-01
1.709500700000000095e-01 1.098920200000000069e-01 3.305674399999999902e-01
1.722672600000000054e-01 1.129835500000000020e-01 3.370617799999999775e-01
1.734368400000000088e-01 1.161705499999999974e-01 3.434374600000000277e-01
1.744606099999999882e-01 1.194504100000000069e-01 3.496881800000000151e-01
1.753405100000000050e-01 1.228201000000000015e-01 3.558084200000000141e-01
1.760785900000000070e-01 1.262762199999999946e-01 3.617933799999999978e-01
1.766770400000000074e-01 1.298150600000000099e-01 3.676388800000000012e-01
1.771381099999999875e-01 1.334326999999999874e-01 3.733414099999999847e-01
1.774641000000000135e-01 1.371250499999999983e-01 3.788981100000000102e-01
1.776575300000000079e-01 1.408878799999999931e-01 3.843064700000000111e-01
1.777208500000000135e-01 1.447169100000000042e-01 3.895646899999999913e-01
1.776568099999999983e-01 1.486077700000000001e-01 3.946712199999999893e-01
1.774679999999999869e-01 1.525561400000000067e-01 3.996251499999999846e-01
1.771572999999999898e-01 1.565576899999999994e-01 4.044258399999999809e-01
1.767277499999999890e-01 1.606081199999999931e-01 4.090729900000000252e-01
1.761822899999999914e-01 1.647032400000000008e-01 4.135667900000000174e-01
1.755241100000000110e-01 1.688389299999999982e-01 4.179076700000000089e-01
1.747565000000000091e-01 1.730111699999999919e-01 4.220963600000000038e-01
1.738828699999999949e-01 1.772160600000000086e-01 4.261338900000000152e-01
1.729068599999999956e-01 1.814497599999999877e-01 4.300215299999999852e-01
1.718321600000000116e-01 1.857086400000000082e-01 4.337608299999999861e-01
1.706625099999999895e-01 1.899891900000000022e-01 4.373535700000000248e-01
1.694019999999999970e-01 1.942880100000000110e-01 4.408017000000000185e-01
1.680548900000000123e-01 1.986018300000000070e-01 4.441073899999999908e-01
1.666253600000000001e-01 2.029276000000000135e-01 4.472729999999999762e-01
1.651181499999999913e-01 2.072623000000000104e-01 4.503010299999999910e-01
1.635378600000000071e-01 2.116031700000000071e-01 4.531941600000000125e-01
1.618893399999999927e-01 2.159475399999999934e-01 4.559551800000000155e-01
1.601779399999999909e-01 2.202928500000000123e-01 4.585870200000000119e-01
1.584089300000000033e-01 2.246367200000000119e-01 4.610927300000000062e-01
1.565878199999999887e-01 2.289769500000000124e-01 4.634754200000000268e-01
1.547204500000000094e-01 2.333114199999999916e-01 4.657383199999999834e-01
1.528128900000000068e-01 2.376381599999999872e-01 4.678847300000000264e-01
1.508714600000000128e-01 2.419553399999999910e-01 4.699179900000000076e-01
1.489027099999999937e-01 2.462612499999999871e-01 4.718415100000000195e-01
1.469134699999999905e-01 2.505543299999999918e-01 4.736587199999999775e-01
1.449110600000000082e-01 2.548330500000000054e-01 4.753731500000000221e-01
1.429027900000000018e-01 2.590961199999999853e-01 4.769882699999999920e-01
1.408961800000000097e-01 2.633423500000000028e-01 4.785075300000000142e-01
1.388994699999999971e-01 2.675705600000000128e-01 4.799344999999999861e-01
1.369208600000000053e-01 2.717797599999999814e-01 4.812726600000000188e-01
1.349688300000000118e-01 2.759690699999999830e-01 4.825254700000000119e-01
1.330523200000000017e-01 2.801376400000000211e-01 4.836964300000000105e-01
1.311804199999999920e-01 2.842847600000000252e-01 4.847889699999999857e-01
1.293621600000000038e-01 2.884098700000000126e-01 4.858063699999999874e-01
1.276075100000000073e-01 2.925123199999999923e-01 4.867521799999999788e-01
1.259258500000000058e-01 2.965917200000000031e-01 4.876295800000000069e-01
1.243268800000000007e-01 3.006476900000000230e-01 4.884418099999999763e-01
1.228204299999999943e-01 3.046799199999999930e-01 4.891920599999999841e-01
1.214163000000000048e-01 3.086881599999999892e-01 4.898834599999999928e-01
1.201241599999999937e-01 3.126722499999999849e-01 4.905190999999999857e-01
1.189534700000000056e-01 3.166320699999999877e-01 4.911019600000000040e-01
1.179133599999999948e-01 3.205675700000000239e-01 4.916349400000000203e-01
1.170125500000000068e-01 3.244787599999999772e-01 4.921208699999999880e-01
1.162592399999999998e-01 3.283657099999999773e-01 4.925624900000000195e-01
1.156609900000000052e-01 3.322285300000000219e-01 4.929624300000000070e-01
1.152249199999999946e-01 3.360673200000000027e-01 4.933234400000000019e-01
1.149570199999999931e-01 3.398822799999999811e-01 4.936479999999999757e-01
1.148621300000000067e-01 3.436737000000000264e-01 4.939383399999999757e-01
1.149447799999999964e-01 3.474417699999999831e-01 4.941970500000000266e-01
1.152078599999999953e-01 3.511868300000000054e-01 4.944262400000000168e-01
1.156534000000000034e-01 3.549091899999999855e-01 4.946280900000000202e-01
1.162823899999999994e-01 3.586092100000000116e-01 4.948047300000000259e-01
1.170946900000000013e-01 3.622872599999999998e-01 4.949581900000000201e-01
1.180888199999999971e-01 3.659437999999999858e-01 4.950901100000000277e-01
1.192631100000000055e-01 3.695791199999999832e-01 4.952028600000000225e-01
1.206139700000000009e-01 3.731937799999999750e-01 4.952977299999999916e-01
1.221374399999999999e-01 3.767882200000000070e-01 4.953764199999999840e-01
1.238288500000000042e-01 3.803629099999999985e-01 4.954405499999999796e-01
1.256830300000000011e-01 3.839182700000000059e-01 4.954918999999999851e-01
1.276938300000000082e-01 3.874548600000000120e-01 4.955316000000000165e-01
1.298549499999999968e-01 3.909731799999999757e-01 4.955610200000000187e-01
1.321597200000000083e-01 3.944737400000000171e-01 4.955814199999999947e-01
1.346012699999999951e-01 3.979570700000000238e-01 4.955939999999999790e-01
1.371725699999999937e-01 4.014236800000000049e-01 4.955998600000000032e-01
1.398665500000000061e-01 4.048741200000000040e-01 4.956000199999999745e-01
1.426761500000000016e-01 4.083089300000000144e-01 4.955954300000000035e-01
1.455944499999999864e-01 4.117286199999999896e-01 4.955870399999999787e-01
1.486146299999999976e-01 4.151337099999999891e-01 4.955758200000000002e-01
1.517299900000000090e-01 4.185247899999999799e-01 4.955622700000000269e-01
1.549340999999999913e-01 4.219024000000000107e-01 4.955470100000000100e-01
1.582207700000000106e-01 4.252670700000000248e-01 4.955306999999999906e-01
1.615841399999999872e-01 4.286192699999999967e-01 4.955143100000000134e-01
1.650184799999999952e-01 4.319596299999999833e-01 4.954977199999999748e-01
1.685184399999999916e-01 4.352886300000000097e-01 4.954816200000000115e-01
1.720789600000000030e-01 4.386067799999999739e-01 4.954664999999999764e-01
1.756952200000000130e-01 4.419146600000000147e-01 4.954522199999999987e-01
1.793627000000000138e-01 4.452127000000000168e-01 4.954396699999999987e-01
1.830771999999999955e-01 4.485014999999999974e-01 4.954282899999999934e-01
1.868346999999999924e-01 4.517814800000000131e-01 4.954188500000000217e-01
1.906315399999999882e-01 4.550531899999999963e-01 4.954109700000000061e-01
1.944642900000000119e-01 4.583171200000000223e-01 4.954046500000000020e-01
1.983296599999999910e-01 4.615736899999999809e-01 4.954003100000000104e-01
2.022247799999999929e-01 4.648234299999999819e-01 4.953972400000000165e-01
2.061468899999999993e-01 4.680668099999999998e-01 4.953953799999999963e-01
2.100933600000000068e-01 4.713042100000000012e-01 4.953950799999999877e-01
2.140619500000000008e-01 4.745361300000000004e-01 4.953954999999999886e-01
2.180505500000000096e-01 4.777629999999999932e-01 4.953963299999999959e-01
2.220571899999999876e-01 4.809852399999999806e-01 4.953972500000000112e-01
2.260801100000000008e-01 4.842032499999999740e-01 4.953978600000000232e-01
2.301176199999999950e-01 4.874174099999999954e-01 4.953980000000000050e-01
2.341683699999999868e-01 4.906281200000000009e-01 4.953968200000000155e-01
2.382310699999999892e-01 4.938357500000000178e-01 4.953937400000000268e-01
2.423045899999999864e-01 4.970406700000000177e-01 4.953881800000000113e-01
2.463879200000000103e-01 5.002432199999999884e-01 4.953794499999999990e-01
2.504802099999999809e-01 5.034437200000000390e-01 4.953668700000000147e-01
2.545807299999999773e-01 5.066424800000000062e-01 4.953496700000000197e-01
2.586888700000000152e-01 5.098398200000000546e-01 4.953270499999999910e-01
2.628041600000000089e-01 5.130360000000000475e-01 4.952981599999999873e-01
2.669262199999999918e-01 5.162312999999999485e-01 4.952621300000000226e-01
2.710546899999999870e-01 5.194259500000000251e-01 4.952184000000000030e-01
2.751895100000000260e-01 5.226201999999999792e-01 4.951656799999999969e-01
2.793306400000000189e-01 5.258142599999999778e-01 4.951029699999999756e-01
2.834781399999999896e-01 5.290083399999999658e-01 4.950292199999999920e-01
2.876321700000000203e-01 5.322025900000000309e-01 4.949433400000000094e-01
2.917928000000000188e-01 5.353971800000000281e-01 4.948447300000000104e-01
2.959604299999999966e-01 5.385922499999999946e-01 4.947321199999999974e-01
3.001355499999999732e-01 5.417879199999999784e-01 4.946040500000000173e-01
3.043186600000000186e-01 5.449842999999999771e-01 4.944594099999999881e-01
3.085100199999999959e-01 5.481814299999999696e-01 4.942979499999999859e-01
3.127105900000000105e-01 5.513794199999999535e-01 4.941174799999999978e-01
3.169210199999999977e-01 5.545782900000000293e-01 4.939170099999999897e-01
3.211418200000000223e-01 5.577780500000000252e-01 4.936961400000000055e-01
3.253741800000000128e-01 5.609787299999999810e-01 4.934525599999999845e-01
3.296186500000000130e-01 5.641802799999999785e-01 4.931861300000000004e-01
3.338764000000000176e-01 5.673826699999999779e-01 4.928949499999999984e-01
3.381483000000000128e-01 5.705858499999999500e-01 4.925781599999999871e-01
3.424353800000000114e-01 5.737897499999999873e-01 4.922346100000000169e-01
3.467387699999999739e-01 5.769942599999999810e-01 4.918629700000000105e-01
3.510594699999999846e-01 5.801992700000000447e-01 4.914623200000000081e-01
3.553986700000000276e-01 5.834046600000000193e-01 4.910314100000000015e-01
3.597575700000000265e-01 5.866102800000000395e-01 4.905689899999999826e-01
3.641371600000000153e-01 5.898159699999999672e-01 4.900745000000000240e-01
3.685390199999999949e-01 5.930215599999999476e-01 4.895457599999999965e-01
3.729637100000000038e-01 5.962268400000000357e-01 4.889835200000000048e-01
3.774130299999999827e-01 5.994316200000000538e-01 4.883851000000000164e-01
3.818879900000000105e-01 6.026356800000000069e-01 4.877501000000000198e-01
3.863895800000000103e-01 6.058387899999999604e-01 4.870781200000000033e-01
3.909193699999999883e-01 6.090407100000000407e-01 4.863672299999999837e-01
3.954783399999999838e-01 6.122412000000000409e-01 4.856170599999999893e-01
4.000674599999999859e-01 6.154400100000000373e-01 4.848273100000000113e-01
4.046882299999999821e-01 6.186368500000000159e-01 4.839961999999999875e-01
4.093417500000000042e-01 6.218314600000000025e-01 4.831229899999999744e-01
4.140287100000000220e-01 6.250235800000000230e-01 4.822080000000000255e-01
4.187504200000000121e-01 6.282129100000000133e-01 4.812498000000000054e-01
4.235080199999999850e-01 6.313991700000000096e-01 4.802474899999999991e-01
4.283024799999999854e-01 6.345820800000000483e-01 4.792004500000000000e-01
4.331346200000000257e-01 6.377613399999999544e-01 4.781083999999999889e-01
4.380051099999999753e-01 6.409366800000000364e-01 4.769712799999999975e-01
4.429151299999999902e-01 6.441078099999999473e-01 4.757878099999999777e-01
4.478654699999999877e-01 6.472744299999999562e-01 4.745575200000000105e-01
4.528568800000000172e-01 6.504362599999999883e-01 4.732799599999999995e-01
4.578900799999999771e-01 6.535930100000000298e-01 4.719547199999999942e-01
4.629656999999999800e-01 6.567444099999999452e-01 4.705814199999999725e-01
4.680843299999999929e-01 6.598901900000000431e-01 4.691597399999999918e-01
4.732463299999999928e-01 6.630300999999999556e-01 4.676897899999999941e-01
4.784524499999999736e-01 6.661638500000000018e-01 4.661706899999999987e-01
4.837031500000000261e-01 6.692911900000000358e-01 4.646021300000000021e-01
4.889988299999999954e-01 6.724118599999999724e-01 4.629838199999999904e-01
4.943398700000000145e-01 6.755256200000000488e-01 4.613154800000000000e-01
4.997265699999999811e-01 6.786322399999999977e-01 4.595968400000000065e-01
5.051592299999999591e-01 6.817314700000000061e-01 4.578276499999999749e-01
5.106380600000000047e-01 6.848231000000000179e-01 4.560076499999999866e-01
5.161632699999999518e-01 6.879069100000000381e-01 4.541365900000000067e-01
5.217349900000000096e-01 6.909826900000000105e-01 4.522142000000000106e-01
5.273533500000000540e-01 6.940502400000000405e-01 4.502402500000000085e-01
5.330184199999999928e-01 6.971093600000000112e-01 4.482144499999999865e-01
5.387302600000000163e-01 7.001598799999999567e-01 4.461365600000000153e-01
5.444888599999999634e-01 7.032015999999999822e-01 4.440062699999999807e-01
5.502942299999999953e-01 7.062343700000000002e-01 4.418232999999999744e-01
5.561459800000000397e-01 7.092580600000000235e-01 4.395880099999999735e-01
5.620442900000000019e-01 7.122724799999999856e-01 4.372995900000000158e-01
5.679890899999999743e-01 7.152774800000000210e-01 4.349575999999999998e-01
5.739802699999999591e-01 7.182729199999999814e-01 4.325616800000000040e-01
5.800176999999999694e-01 7.212586500000000012e-01 4.301114100000000273e-01
5.861012399999999678e-01 7.242345500000000325e-01 4.276063700000000134e-01
5.922307100000000490e-01 7.272004800000000380e-01 4.250460899999999875e-01
5.984058899999999959e-01 7.301563399999999593e-01 4.224301599999999990e-01
6.046258799999999489e-01 7.331021500000000080e-01 4.197594599999999732e-01
6.108911599999999886e-01 7.360376699999999772e-01 4.170320100000000085e-01
6.172015400000000485e-01 7.389627899999999805e-01 4.142471899999999874e-01
6.235567899999999719e-01 7.418774200000000096e-01 4.114043199999999900e-01
6.299566899999999858e-01 7.447814600000000063e-01 4.085026700000000122e-01
6.364000399999999447e-01 7.476750100000000288e-01 4.055433900000000036e-01
6.428873800000000083e-01 7.505578499999999709e-01 4.025240999999999958e-01
6.494186199999999465e-01 7.534298400000000173e-01 3.994436199999999992e-01
6.559935300000000469e-01 7.562908999999999882e-01 3.963009800000000249e-01
6.626109700000000213e-01 7.591411700000000318e-01 3.930969100000000216e-01
6.692710800000000182e-01 7.619804900000000103e-01 3.898295700000000141e-01
6.759741099999999614e-01 7.648086699999999682e-01 3.864968100000000240e-01
6.827198399999999667e-01 7.676256399999999980e-01 3.830973100000000242e-01
6.895063999999999638e-01 7.704317299999999813e-01 3.796329399999999743e-01
6.963351399999999636e-01 7.732264899999999885e-01 3.760991499999999932e-01
7.032058700000000107e-01 7.760098500000000010e-01 3.724942700000000162e-01
7.101170999999999456e-01 7.787820699999999929e-01 3.688191100000000056e-01
7.170692600000000416e-01 7.815429299999999690e-01 3.650706400000000018e-01
7.240627699999999667e-01 7.842922100000000452e-01 3.612456399999999790e-01
7.310960899999999762e-01 7.870302000000000131e-01 3.573446699999999754e-01
7.381695700000000526e-01 7.897566999999999782e-01 3.533644400000000019e-01
7.452838200000000413e-01 7.924714499999999662e-01 3.493008799999999803e-01
7.524368099999999560e-01 7.951748899999999676e-01 3.451551500000000217e-01
7.596297199999999528e-01 7.978665900000000422e-01 3.409216800000000047e-01
7.668625900000000106e-01 8.005464399999999703e-01 3.365969999999999795e-01
7.741333299999999529e-01 8.032149400000000439e-01 3.321818300000000113e-01
7.814440200000000170e-01 8.058713899999999652e-01 3.276679800000000253e-01
7.887929700000000377e-01 8.085161800000000287e-01 3.230548599999999992e-01
7.961804599999999787e-01 8.111491499999999855e-01 3.183373800000000031e-01
8.036070800000000292e-01 8.137700100000000436e-01 3.135094299999999778e-01
8.110707200000000228e-01 8.163793099999999692e-01 3.085703699999999827e-01
8.185737499999999889e-01 8.189762499999999612e-01 3.035093500000000111e-01
8.261134999999999451e-01 8.215615499999999738e-01 2.983260099999999748e-01
8.336919299999999700e-01 8.241345199999999815e-01 2.930092400000000041e-01
8.413075899999999940e-01 8.266955299999999562e-01 2.875548399999999782e-01
8.489609799999999762e-01 8.292443200000000347e-01 2.819534899999999733e-01
8.566519799999999796e-01 8.317808700000000055e-01 2.761963499999999794e-01
8.643799500000000080e-01 8.343052800000000380e-01 2.702747999999999817e-01
8.721457599999999921e-01 8.368171899999999885e-01 2.641754900000000128e-01
8.799480200000000529e-01 8.393169900000000405e-01 2.578890600000000033e-01
8.877881899999999771e-01 8.418040900000000049e-01 2.513975500000000252e-01
8.956645199999999640e-01 8.442790199999999912e-01 2.446890100000000123e-01
9.035786700000000282e-01 8.467411299999999530e-01 2.377404499999999921e-01
9.115289199999999648e-01 8.491909300000000105e-01 2.305347399999999880e-01
9.195167300000000044e-01 8.516278400000000248e-01 2.230427700000000013e-01
9.275408200000000436e-01 8.540522299999999678e-01 2.152383599999999897e-01
9.356020400000000237e-01 8.564637200000000394e-01 2.070838999999999874e-01
9.436999700000000546e-01 8.588623800000000363e-01 1.985379899999999975e-01
9.518344100000000196e-01 8.612482200000000088e-01 1.895494000000000068e-01
9.600062499999999499e-01 8.636208300000000060e-01 1.800505099999999969e-01
9.682137699999999736e-01 8.659807699999999553e-01 1.699650900000000131e-01
9.764596399999999621e-01 8.683269700000000313e-01 1.591769899999999904e-01
9.723063100000000070e-01 8.641029799999999650e-01 1.713724299999999923e-01
9.681723599999999541e-01 8.598869799999999675e-01 1.826363799999999871e-01
9.640576699999999777e-01 8.556789000000000200e-01 1.931265100000000012e-01
9.599621299999999691e-01 8.514787000000000328e-01 2.029602199999999967e-01
9.558856199999999914e-01 8.472863299999999764e-01 2.122276600000000124e-01
9.518280300000000471e-01 8.431017400000000439e-01 2.209997700000000120e-01
9.477892399999999773e-01 8.389248700000000447e-01 2.293335200000000129e-01
9.437691299999999561e-01 8.347556699999999497e-01 2.372754599999999936e-01
9.397676099999999755e-01 8.305940899999999516e-01 2.448642199999999935e-01
9.357845599999999875e-01 8.264400899999999606e-01 2.521322200000000180e-01
9.318198600000000553e-01 8.222935999999999579e-01 2.591069899999999815e-01
9.278734100000000096e-01 8.181545900000000149e-01 2.658121500000000248e-01
9.239451100000000139e-01 8.140230000000000521e-01 2.722681299999999971e-01
9.200348499999999596e-01 8.098987699999999901e-01 2.784927200000000269e-01
9.161425100000000210e-01 8.057818599999999609e-01 2.845015599999999867e-01
9.122680100000000181e-01 8.016722200000000464e-01 2.903084499999999957e-01
9.084112399999999532e-01 7.975697899999999452e-01 2.959256399999999898e-01
9.045720999999999901e-01 7.934745199999999610e-01 3.013641000000000236e-01
9.007505000000000095e-01 7.893862499999999560e-01 3.066363999999999757e-01
8.969463399999999531e-01 7.853049899999999806e-01 3.117492900000000122e-01
8.931595300000000348e-01 7.812307400000000346e-01 3.167101399999999733e-01
8.893899600000000349e-01 7.771634299999999884e-01 3.215262400000000187e-01
8.856375300000000061e-01 7.731030199999999741e-01 3.262042299999999839e-01
8.819021700000000408e-01 7.690494399999999731e-01 3.307501600000000153e-01
8.781837700000000302e-01 7.650026500000000063e-01 3.351696100000000067e-01
8.744822399999999663e-01 7.609625899999999943e-01 3.394677199999999728e-01
8.707975399999999810e-01 7.569290699999999816e-01 3.436517900000000125e-01
8.671295599999999659e-01 7.529020800000000291e-01 3.477251599999999776e-01
8.634782100000000238e-01 7.488816400000000151e-01 3.516903399999999902e-01
8.598433800000000460e-01 7.448677099999999607e-01 3.555511100000000035e-01
8.562249899999999636e-01 7.408602199999999582e-01 3.593109999999999915e-01
8.526229699999999800e-01 7.368591199999999786e-01 3.629732900000000040e-01
8.490372699999999551e-01 7.328642100000000159e-01 3.665434100000000139e-01
8.454678300000000313e-01 7.288754100000000014e-01 3.700241599999999909e-01
8.419145000000000101e-01 7.248928199999999933e-01 3.734160000000000257e-01
8.383772000000000446e-01 7.209163800000000233e-01 3.767214799999999975e-01
8.348558499999999549e-01 7.169460300000000119e-01 3.799430200000000202e-01
8.313504400000000238e-01 7.129815400000000247e-01 3.830852599999999830e-01
8.278609099999999499e-01 7.090228200000000536e-01 3.861506699999999737e-01
8.243870800000000498e-01 7.050699900000000353e-01 3.891386499999999748e-01
8.209288599999999825e-01 7.011230099999999910e-01 3.920511799999999991e-01
8.174861900000000015e-01 6.971817700000000340e-01 3.948907400000000179e-01
8.140591499999999536e-01 6.932458599999999915e-01 3.976631999999999945e-01
8.106474599999999864e-01 6.893156099999999675e-01 4.003655799999999987e-01
8.072510299999999805e-01 6.853909500000000543e-01 4.029995299999999947e-01
8.038698100000000180e-01 6.814717000000000136e-01 4.055680400000000185e-01
8.005038399999999665e-01 6.775575600000000032e-01 4.080753999999999770e-01
7.971528300000000344e-01 6.736488400000000265e-01 4.105189300000000041e-01
7.938166300000000231e-01 6.697454699999999539e-01 4.129000600000000132e-01
7.904953799999999697e-01 6.658469999999999667e-01 4.152245900000000045e-01
7.871887800000000324e-01 6.619536400000000098e-01 4.174908600000000192e-01
7.838966200000000439e-01 6.580654900000000307e-01 4.196987999999999830e-01
7.806189300000000442e-01 6.541821500000000178e-01 4.218530799999999914e-01
7.773555300000000168e-01 6.503036700000000003e-01 4.239542199999999927e-01
7.741060699999999795e-01 6.464302600000000343e-01 4.260008200000000023e-01
7.708705999999999614e-01 6.425615000000000077e-01 4.279978600000000077e-01
7.676488399999999990e-01 6.386975000000000291e-01 4.299452400000000063e-01
7.644403800000000304e-01 6.348384999999999723e-01 4.318416800000000055e-01
7.612453700000000323e-01 6.309839000000000420e-01 4.336937599999999837e-01
7.580632099999999873e-01 6.271341799999999855e-01 4.354981700000000178e-01
7.548936699999999611e-01 6.232892700000000064e-01 4.372568199999999905e-01
7.517366800000000460e-01 6.194488299999999503e-01 4.389738999999999725e-01
7.485914999999999653e-01 6.156134399999999562e-01 4.406456799999999840e-01
7.454582100000000100e-01 6.117825099999999461e-01 4.422787599999999930e-01
7.423360399999999748e-01 6.079566199999999476e-01 4.438698200000000260e-01
7.392247600000000363e-01 6.041355400000000264e-01 4.454222700000000090e-01
7.361238799999999527e-01 6.003193999999999475e-01 4.469368000000000229e-01
7.330328099999999791e-01 5.965084499999999679e-01 4.484133699999999778e-01
7.299512500000000514e-01 5.927025000000000210e-01 4.498552399999999896e-01
7.268783500000000064e-01 5.889020900000000447e-01 4.512602700000000189e-01
7.238138899999999598e-01 5.851069100000000356e-01 4.526329099999999994e-01
7.207569099999999729e-01 5.813175999999999899e-01 4.539701999999999904e-01
7.177071600000000107e-01 5.775338899999999942e-01 4.552764300000000097e-01
7.146637099999999521e-01 5.737563799999999548e-01 4.565490700000000013e-01
7.116261699999999468e-01 5.699849799999999744e-01 4.577909099999999953e-01
7.085938299999999801e-01 5.662200699999999642e-01 4.590010700000000110e-01
7.055660799999999844e-01 5.624618999999999591e-01 4.601795699999999822e-01
7.025425699999999773e-01 5.587104099999999907e-01 4.613282899999999742e-01
6.995224700000000073e-01 5.549663099999999627e-01 4.624436399999999892e-01
6.965058699999999714e-01 5.512290600000000484e-01 4.635303900000000143e-01
6.934920100000000476e-01 5.474994399999999484e-01 4.645836799999999989e-01
6.904808199999999951e-01 5.437773599999999874e-01 4.656043100000000212e-01
6.874723999999999835e-01 5.400626299999999880e-01 4.665932400000000202e-01
6.844665100000000280e-01 5.363556900000000516e-01 4.675466400000000133e-01
6.814635799999999577e-01 5.326561899999999738e-01 4.684652799999999839e-01
6.784640899999999641e-01 5.289638599999999524e-01 4.693487399999999865e-01
6.754683999999999688e-01 5.252787899999999954e-01 4.701936600000000133e-01
6.724773400000000345e-01 5.216005799999999804e-01 4.709991199999999933e-01
6.694921900000000425e-01 5.179283399999999871e-01 4.717666699999999991e-01
6.665138200000000346e-01 5.142619699999999572e-01 4.724921599999999944e-01
6.635435899999999609e-01 5.106007700000000371e-01 4.731745399999999768e-01
6.605830299999999600e-01 5.069439599999999713e-01 4.738128899999999866e-01
6.576340099999999911e-01 5.032903499999999974e-01 4.744082000000000021e-01
6.546981400000000395e-01 4.996392399999999845e-01 4.749580999999999942e-01
6.517772800000000144e-01 4.959895899999999802e-01 4.754618800000000034e-01
6.488733599999999546e-01 4.923402700000000243e-01 4.759193600000000135e-01
6.459883899999999679e-01 4.886900699999999764e-01 4.763305800000000034e-01
6.431243399999999610e-01 4.850377300000000003e-01 4.766958700000000215e-01
6.402831700000000126e-01 4.813819899999999818e-01 4.770157999999999898e-01
6.374668599999999685e-01 4.777214399999999972e-01 4.772915799999999931e-01
6.346771799999999519e-01 4.740548399999999774e-01 4.775239199999999906e-01
6.319158200000000170e-01 4.703809199999999802e-01 4.777138899999999744e-01
6.291843900000000378e-01 4.666984000000000132e-01 4.778630099999999770e-01
6.264843900000000021e-01 4.630059899999999784e-01 4.779729500000000075e-01
6.238171500000000425e-01 4.593024600000000235e-01 4.780455599999999805e-01
6.211839000000000111e-01 4.555865700000000240e-01 4.780828699999999931e-01
6.185858400000000534e-01 4.518570199999999981e-01 4.780874399999999746e-01
6.160238000000000103e-01 4.481127899999999831e-01 4.780609299999999950e-01
6.134985699999999653e-01 4.443527800000000028e-01 4.780054300000000089e-01
6.110108100000000153e-01 4.405759300000000045e-01 4.779230899999999949e-01
6.085610799999999765e-01 4.367812300000000203e-01 4.778159799999999735e-01
6.061497900000000216e-01 4.329677000000000109e-01 4.776861700000000210e-01
6.037777500000000019e-01 4.291339499999999862e-01 4.775370400000000237e-01
6.014449499999999782e-01 4.252792699999999870e-01 4.773696599999999735e-01
5.991514300000000404e-01 4.214029000000000247e-01 4.771854099999999765e-01
5.968976000000000282e-01 4.175036100000000250e-01 4.769868999999999915e-01
5.946838300000000244e-01 4.135802399999999879e-01 4.767764400000000236e-01
5.925095299999999510e-01 4.096324299999999918e-01 4.765539599999999987e-01
5.903756399999999793e-01 4.056583599999999956e-01 4.763232000000000022e-01
5.882814100000000046e-01 4.016577800000000198e-01 4.760835900000000009e-01
5.862275000000000125e-01 3.976290299999999944e-01 4.758379600000000043e-01
5.842133000000000465e-01 3.935716599999999898e-01 4.755859800000000193e-01
5.822397200000000161e-01 3.894837199999999777e-01 4.753306099999999867e-01
5.803058599999999512e-01 3.853649199999999997e-01 4.750707499999999861e-01
5.784124099999999880e-01 3.812134500000000092e-01 4.748085000000000222e-01
5.765594400000000341e-01 3.770280300000000140e-01 4.745444799999999907e-01
5.747466599999999648e-01 3.728076599999999852e-01 4.742784400000000233e-01
5.729743200000000369e-01 3.685508299999999959e-01 4.740109800000000262e-01
5.712426299999999735e-01 3.642559300000000055e-01 4.737424800000000213e-01
5.695519500000000290e-01 3.599212299999999809e-01 4.734732799999999964e-01
5.679024400000000083e-01 3.555451000000000028e-01 4.732031800000000010e-01
5.662941999999999698e-01 3.511258400000000224e-01 4.729317199999999999e-01
5.647278500000000312e-01 3.466612700000000213e-01 4.726589700000000116e-01
5.632035100000000183e-01 3.421495099999999900e-01 4.723840100000000208e-01
5.617214600000000058e-01 3.375885000000000136e-01 4.721058899999999725e-01
5.602819399999999783e-01 3.329760900000000023e-01 4.718233600000000250e-01
5.588858599999999566e-01 3.283093599999999945e-01 4.715359000000000078e-01
5.575336699999999812e-01 3.235857200000000211e-01 4.712419299999999756e-01
5.562255099999999786e-01 3.188027299999999786e-01 4.709391499999999731e-01
5.549623999999999668e-01 3.139569500000000124e-01 4.706261099999999864e-01
5.537449599999999528e-01 3.090451399999999960e-01 4.703004100000000021e-01
5.525734700000000110e-01 3.040642599999999751e-01 4.699587900000000151e-01
5.514488100000000115e-01 2.990104299999999937e-01 4.695983200000000135e-01
5.503717999999999666e-01 2.938796100000000133e-01 4.692154299999999889e-01
5.493431199999999626e-01 2.886676699999999873e-01 4.688058500000000239e-01
5.483633100000000482e-01 2.833703599999999878e-01 4.683645000000000169e-01
5.474328099999999919e-01 2.779832500000000151e-01 4.678855299999999939e-01
5.465533500000000489e-01 2.725002300000000099e-01 4.673636600000000141e-01
5.457241800000000032e-01 2.669175200000000192e-01 4.667901500000000148e-01
5.449461100000000391e-01 2.612292900000000029e-01 4.661569700000000038e-01
5.442196500000000547e-01 2.554296600000000028e-01 4.654546299999999803e-01
5.435447100000000420e-01 2.495130399999999915e-01 4.646719000000000266e-01
5.429204199999999592e-01 2.434743299999999888e-01 4.637956100000000248e-01
5.423454699999999962e-01 2.373085799999999912e-01 4.628108899999999748e-01
5.418184999999999807e-01 2.310105799999999932e-01 4.617012699999999970e-01
5.413365999999999456e-01 2.245766200000000046e-01 4.604476200000000019e-01
5.408957300000000190e-01 2.180042600000000053e-01 4.590284900000000112e-01
5.404899300000000073e-01 2.112933999999999923e-01 4.574198400000000220e-01
5.401113499999999901e-01 2.044465799999999889e-01 4.555955400000000211e-01
5.397497399999999779e-01 1.974700100000000014e-01 4.535276599999999991e-01
5.393919700000000539e-01 1.903746199999999944e-01 4.511873000000000133e-01
5.390221600000000279e-01 1.831765499999999935e-01 4.485460299999999845e-01
5.386210599999999848e-01 1.758985100000000079e-01 4.455775499999999889e-01
5.381674300000000022e-01 1.685685299999999942e-01 4.422600500000000157e-01
5.376383200000000029e-01 1.612200099999999969e-01 4.385783899999999846e-01
5.370106799999999625e-01 1.538896600000000114e-01 4.345260799999999812e-01
5.362631900000000007e-01 1.466147100000000092e-01 4.301062299999999783e-01
5.353775200000000511e-01 1.394305499999999864e-01 4.253315100000000237e-01
5.343395199999999567e-01 1.323682999999999943e-01 4.202228399999999864e-01
5.331397700000000128e-01 1.254530699999999999e-01 4.148073199999999794e-01
5.317733999999999517e-01 1.187034399999999934e-01 4.091158100000000242e-01
5.302396600000000015e-01 1.121314300000000042e-01 4.031805900000000054e-01
5.285409599999999486e-01 1.057434000000000013e-01 3.970335999999999865e-01
5.266820199999999730e-01 9.954118000000000688e-02 3.907052899999999829e-01
5.246692600000000262e-01 9.352285000000000459e-02 3.842234800000000061e-01
5.225099100000000218e-01 8.768407999999999758e-02 3.776133899999999932e-01
5.202115999999999962e-01 8.201883999999999564e-02 3.708974199999999777e-01
5.177820300000000042e-01 7.652006999999999559e-02 3.640953200000000001e-01
5.152286200000000260e-01 7.118027000000000382e-02 3.572246000000000032e-01
5.125585999999999753e-01 6.599162999999999557e-02 3.503001099999999979e-01
5.097786300000000104e-01 6.094655000000000211e-02 3.433352800000000205e-01
5.068949600000000055e-01 5.603766000000000302e-02 3.363414800000000260e-01
5.039133000000000084e-01 5.125798000000000160e-02 3.293291799999999991e-01
5.008389600000000552e-01 4.660101999999999994e-02 3.223070599999999786e-01
4.976767599999999958e-01 4.206077999999999900e-02 3.152830600000000039e-01
4.944310800000000228e-01 3.764275999999999733e-02 3.082641999999999882e-01
4.911059300000000238e-01 3.356396999999999853e-02 3.012567600000000123e-01
4.877049600000000207e-01 2.984242000000000145e-02 2.942663400000000151e-01
4.842314600000000024e-01 2.645180000000000101e-02 2.872980099999999926e-01
4.806884399999999946e-01 2.336813999999999905e-02 2.803563399999999817e-01
4.770786300000000035e-01 2.056958999999999871e-02 2.734455399999999869e-01
4.734045199999999953e-01 1.803617999999999888e-02 2.665694499999999856e-01
4.696683600000000069e-01 1.574959999999999902e-02 2.597316700000000256e-01
4.658721900000000193e-01 1.369307999999999984e-02 2.529355099999999745e-01
4.620178899999999866e-01 1.185122000000000085e-02 2.461840399999999929e-01
4.581071600000000132e-01 1.020981999999999966e-02 2.394801599999999975e-01
4.541415400000000102e-01 8.755719999999999822e-03 2.328267099999999923e-01
4.501224400000000125e-01 7.476810000000000400e-03 2.262262499999999898e-01
4.460511699999999968e-01 6.361809999999999861e-03 2.196812999999999960e-01
4.419289100000000081e-01 5.400219999999999847e-03 2.131943099999999980e-01
4.377567399999999775e-01 4.582239999999999577e-03 2.067675800000000064e-01
4.335356899999999736e-01 3.898710000000000109e-03 2.004033799999999921e-01
4.292666600000000221e-01 3.341010000000000160e-03 1.941039099999999906e-01
4.249505399999999877e-01 2.901009999999999873e-03 1.878712899999999963e-01
4.205881399999999992e-01 2.571040000000000131e-03 1.817076400000000036e-01
4.161802299999999843e-01 2.343790000000000109e-03 1.756149700000000091e-01
4.117275300000000082e-01 2.212299999999999944e-03 1.695953099999999991e-01
4.072307600000000249e-01 2.169910000000000155e-03 1.636506100000000019e-01
4.026905900000000149e-01 2.210240000000000034e-03 1.577827800000000114e-01
3.981077199999999983e-01 2.327089999999999975e-03 1.519937100000000041e-01
3.934827900000000267e-01 2.514479999999999927e-03 1.462852199999999936e-01
3.888165000000000093e-01 2.766620000000000017e-03 1.406590600000000024e-01
3.841095199999999821e-01 3.077799999999999894e-03 1.351169799999999976e-01
3.793625700000000101e-01 3.442489999999999873e-03 1.296606100000000095e-01
3.745763699999999918e-01 3.855250000000000170e-03 1.242915099999999939e-01
3.697516900000000217e-01 4.310699999999999775e-03 1.190111699999999995e-01
3.648893300000000117e-01 4.803560000000000121e-03 1.138209899999999969e-01
3.599901300000000193e-01 5.328620000000000058e-03 1.087222199999999944e-01
3.550549700000000253e-01 5.880749999999999693e-03 1.037160200000000060e-01
3.500847999999999738e-01 6.454859999999999765e-03 9.880339999999999956e-02
3.450805900000000204e-01 7.045949999999999609e-03 9.398520999999999959e-02
3.400433999999999957e-01 7.649089999999999882e-03 8.926214999999999844e-02
3.349743099999999973e-01 8.259429999999999897e-03 8.463471999999999662e-02
3.298744599999999805e-01 8.872259999999999869e-03 8.010324000000000610e-02
3.247450399999999848e-01 9.482940000000000466e-03 7.566779999999999340e-02
3.195872900000000238e-01 1.008700000000000048e-02 7.132829999999999726e-02
3.144024799999999842e-01 1.068006999999999984e-02 6.708440000000000236e-02
3.091919000000000195e-01 1.125804000000000041e-02 6.293551999999999480e-02
3.039568899999999796e-01 1.181693999999999974e-02 5.888083999999999679e-02
2.986987999999999865e-01 1.235295999999999964e-02 5.491933000000000231e-02
2.934189600000000064e-01 1.286265999999999972e-02 5.104965999999999671e-02
2.881187299999999896e-01 1.334278000000000027e-02 4.727028999999999953e-02
2.827994600000000025e-01 1.379025000000000042e-02 4.357947999999999683e-02
2.774624299999999821e-01 1.420247000000000002e-02 3.996875999999999901e-02
2.721089700000000056e-01 1.457691000000000021e-02 3.650532000000000082e-02
2.667402799999999963e-01 1.491157000000000073e-02 3.329780000000000240e-02
2.613576000000000232e-01 1.520451999999999915e-02 3.032902999999999988e-02
2.559620000000000228e-01 1.545438000000000020e-02 2.758268999999999999e-02
2.505546499999999899e-01 1.565982000000000138e-02 2.504342999999999847e-02
2.451364799999999899e-01 1.582004000000000049e-02 2.269677999999999973e-02
2.397084200000000054e-01 1.593444999999999931e-02 2.052914999999999948e-02
2.342713700000000066e-01 1.600263999999999853e-02 1.852784000000000028e-02
2.288260799999999873e-01 1.602461999999999984e-02 1.668093999999999827e-02
2.233731899999999992e-01 1.600062999999999833e-02 1.497736000000000033e-02
2.179133099999999990e-01 1.593113000000000168e-02 1.340679000000000003e-02
2.124469300000000060e-01 1.581681999999999880e-02 1.195962000000000067e-02
2.069744599999999990e-01 1.565862999999999977e-02 1.062696999999999947e-02
2.014961999999999864e-01 1.545766999999999974e-02 9.400600000000000275e-03
1.960123500000000019e-01 1.521527999999999943e-02 8.272899999999999698e-03
1.905230199999999874e-01 1.493295000000000039e-02 7.236829999999999652e-03
1.850282099999999985e-01 1.461234999999999964e-02 6.285940000000000277e-03
1.795278299999999994e-01 1.425529000000000032e-02 5.414259999999999733e-03
1.740217199999999909e-01 1.386363999999999999e-02 4.616330000000000086e-03
1.685095400000000132e-01 1.343952999999999988e-02 3.887119999999999985e-03
1.629908499999999927e-01 1.298517000000000074e-02 3.222039999999999800e-03
