0.00000000e+00 0.00000000e+00 0.00000000e+00
3.53476194e-04 1.82128532e-04 2.85292393e-04
1.28648133e-03 6.04952487e-04 1.02841500e-03
2.78017166e-03 1.20244959e-03 2.21135028e-03
4.84079934e-03 1.93869612e-03 3.84560550e-03
7.47951036e-03 2.78742000e-03 5.95280407e-03
1.07094470e-02 3.72704018e-03 8.56159000e-03
1.45426691e-02 4.73958882e-03 1.17051323e-02
1.89926028e-02 5.80831889e-03 1.54230567e-02
2.40709391e-02 6.91841293e-03 1.97593286e-02
2.97895546e-02 8.05560408e-03 2.47642589e-02
3.61579283e-02 9.20708406e-03 3.04925529e-02
4.30901453e-02 1.03591405e-02 3.70083865e-02
5.00276406e-02 1.15003649e-02 4.42085031e-02
5.69088885e-02 1.26187517e-02 5.15557985e-02
6.37372189e-02 1.37026074e-02 5.90359398e-02
7.05146531e-02 1.47405403e-02 6.66638341e-02
7.72420892e-02 1.57214724e-02 7.44535380e-02
8.39194424e-02 1.66346663e-02 8.24183084e-02
9.05457534e-02 1.74697689e-02 9.05706046e-02
9.71192764e-02 1.82168672e-02 9.89220532e-02
1.03637553e-01 1.88665580e-02 1.07483385e-01
1.10097962e-01 1.94093546e-02 1.16265536e-01
1.16497299e-01 1.98361963e-02 1.25278722e-01
1.22830667e-01 2.01404192e-02 1.34529130e-01
1.29094391e-01 2.03134986e-02 1.44026364e-01
1.35282731e-01 2.03504127e-02 1.53774345e-01
1.41390108e-01 2.02463701e-02 1.63777072e-01
1.47410864e-01 1.99971405e-02 1.74038136e-01
1.53338507e-01 1.96008892e-02 1.84557944e-01
1.59166081e-01 1.90579310e-02 1.95334444e-01
1.64886466e-01 1.83702645e-02 2.06364167e-01
1.70492181e-01 1.75423736e-02 2.17641329e-01
1.75975498e-01 1.65811960e-02 2.29158286e-01
1.81328338e-01 1.54967910e-02 2.40904992e-01
1.86542119e-01 1.43035017e-02 2.52867824e-01
1.91608074e-01 1.30190896e-02 2.65031454e-01
1.96517330e-01 1.16640974e-02 2.77380326e-01
2.01260183e-01 1.02664317e-02 2.89892706e-01
2.05826901e-01 8.85675152e-03 3.02547974e-01
2.10207067e-01 7.47321542e-03 3.15320539e-01
2.14389971e-01 6.15792912e-03 3.28185512e-01
2.18364203e-01 4.96177901e-03 3.41112577e-01
2.22117899e-01 3.94128125e-03 3.54071000e-01
2.25638565e-01 3.15967025e-03 3.67028637e-01
2.28913107e-01 2.68921460e-03 3.79949120e-01
2.31927841e-01 2.60910946e-03 3.92795088e-01
2.34668506e-01 3.00632621e-03 4.05527106e-01
2.37120326e-01 3.97542838e-03 4.18103792e-01
2.39268104e-01 5.61814483e-03 4.30481999e-01
2.41096359e-01 8.04265142e-03 4.42617064e-01
2.42589506e-01 1.13625146e-02 4.54463142e-01
2.43732082e-01 1.56952585e-02 4.65973637e-01
2.44509031e-01 2.11605299e-02 4.77101734e-01
2.44906024e-01 2.78778601e-02 4.87801050e-01
2.44909751e-01 3.59640332e-02 4.98026544e-01
2.44508511e-01 4.52731733e-02 5.07734905e-01
2.43692554e-01 5.48546354e-02 5.16885797e-01
2.42454420e-01 6.45968866e-02 5.25442917e-01
2.40789345e-01 7.44664269e-02 5.33374864e-01
2.38695762e-01 8.44303364e-02 5.40655881e-01
2.36175394e-01 9.44560034e-02 5.47266839e-01
2.33233443e-01 1.04511158e-01 5.53195767e-01
2.29878817e-01 1.14564021e-01 5.58438166e-01
2.26123592e-01 1.24584033e-01 5.62997277e-01
2.21983123e-01 1.34542105e-01 5.66883744e-01
2.17475637e-01 1.44411136e-01 5.70115227e-01
2.12622022e-01 1.54166302e-01 5.72715757e-01
2.07444756e-01 1.63785770e-01 5.74714842e-01
2.01967619e-01 1.73250746e-01 5.76146416e-01
1.96215325e-01 1.82545494e-01 5.77047823e-01
1.90212875e-01 1.91657426e-01 5.77458734e-01
1.83985075e-01 2.00577021e-01 5.77420124e-01
1.77556785e-01 2.09297339e-01 5.76973623e-01
1.70951381e-01 2.17814400e-01 5.76160245e-01
1.64190677e-01 2.26126769e-01 5.75019705e-01
1.57295600e-01 2.34234864e-01 5.73590292e-01
1.50287878e-01 2.42140044e-01 5.71909442e-01
1.43183053e-01 2.49846990e-01 5.70009948e-01
1.36001211e-01 2.57359378e-01 5.67925271e-01
1.28755069e-01 2.64683954e-01 5.65683245e-01
1.21460891e-01 2.71826562e-01 5.63311790e-01
1.14131497e-01 2.78794343e-01 5.60835186e-01
1.06778114e-01 2.85594918e-01 5.58275080e-01
9.94120817e-02 2.92235833e-01 5.55651453e-01
9.20438514e-02 2.98724787e-01 5.52982131e-01
8.46831320e-02 3.05069537e-01 5.50282909e-01
7.73390591e-02 3.11277811e-01 5.47567700e-01
7.00203915e-02 3.17357249e-01 5.44848666e-01
6.27357496e-02 3.23315349e-01 5.42136366e-01
5.54939147e-02 3.29159427e-01 5.39439887e-01
4.83042241e-02 3.34896594e-01 5.36766974e-01
4.11771146e-02 3.40533729e-01 5.34124149e-01
3.43130064e-02 3.46077433e-01 5.31516962e-01
2.82315100e-02 3.51533798e-01 5.28950896e-01
2.29113810e-02 3.56909308e-01 5.26428283e-01
1.83169164e-02 3.62209808e-01 5.23951917e-01
1.44136143e-02 3.67440623e-01 5.21524933e-01
1.11600939e-02 3.72607549e-01 5.19146969e-01
8.52042533e-03 3.77715424e-01 5.16819853e-01
6.45349447e-03 3.82769424e-01 5.14542467e-01
4.92165063e-03 3.87774064e-01 5.12314948e-01
3.88400837e-03 3.92734028e-01 5.10135184e-01
3.30343050e-03 3.97653366e-01 5.08002445e-01
3.13921748e-03 4.02536394e-01 5.05913292e-01
3.35533946e-03 4.07386749e-01 5.03866072e-01
3.91350248e-03 4.12208237e-01 5.01856881e-01
4.77762678e-03 4.17004337e-01 4.99881992e-01
5.91468686e-03 4.21778136e-01 4.97938282e-01
7.29035189e-03 4.26532866e-01 4.96020463e-01
8.87382075e-03 4.31271373e-01 4.94123841e-01
1.06372833e-02 4.35996221e-01 4.92243862e-01
1.25538605e-02 4.40709946e-01 4.90374688e-01
1.45999838e-02 4.45414826e-01 4.88510504e-01
1.67553831e-02 4.50112913e-01 4.86645350e-01
1.90037240e-02 4.54805995e-01 4.84773356e-01
2.13311377e-02 4.59495783e-01 4.82887707e-01
2.37282403e-02 4.64183719e-01 4.80981732e-01
2.61899073e-02 4.68871033e-01 4.79048639e-01
2.87155064e-02 4.73558744e-01 4.77081538e-01
3.13091732e-02 4.78247653e-01 4.75073504e-01
3.39793902e-02 4.82938403e-01 4.73017250e-01
3.67399915e-02 4.87631406e-01 4.70905652e-01
3.96099701e-02 4.92326871e-01 4.68731581e-01
4.25449492e-02 4.97024815e-01 4.66487941e-01
4.55024227e-02 5.01725064e-01 4.64167708e-01
4.85169552e-02 5.06427268e-01 4.61763882e-01
5.16145175e-02 5.11130897e-01 4.59269609e-01
5.48210513e-02 5.15835251e-01 4.56678190e-01
5.81619962e-02 5.20539465e-01 4.53983087e-01
6.16618458e-02 5.25242527e-01 4.51177941e-01
6.53435732e-02 5.29943301e-01 4.48256420e-01
6.92286469e-02 5.34640487e-01 4.45212626e-01
7.33364019e-02 5.39332668e-01 4.42040819e-01
7.76838422e-02 5.44018315e-01 4.38735460e-01
8.22855069e-02 5.48695792e-01 4.35291227e-01
8.71532395e-02 5.53363405e-01 4.31702653e-01
9.22966911e-02 5.58019313e-01 4.27964983e-01
9.77230480e-02 5.62661600e-01 4.24073623e-01
1.03437204e-01 5.67288286e-01 4.20024078e-01
1.09441960e-01 5.71897360e-01 4.15811549e-01
1.15738499e-01 5.76486708e-01 4.11431828e-01
1.22326484e-01 5.81054122e-01 4.06881275e-01
1.29204237e-01 5.85597382e-01 4.02155887e-01
1.36369222e-01 5.90114273e-01 3.97250689e-01
1.43817968e-01 5.94602378e-01 3.92163134e-01
1.51546519e-01 5.99059329e-01 3.86889173e-01
1.59550828e-01 6.03482732e-01 3.81423983e-01
1.67825965e-01 6.07870015e-01 3.75765482e-01
1.76367917e-01 6.12218696e-01 3.69907926e-01
1.85171639e-01 6.16526104e-01 3.63849032e-01
1.94233235e-01 6.20789592e-01 3.57583433e-01
2.03548047e-01 6.25006386e-01 3.51108159e-01
2.13112912e-01 6.29173674e-01 3.44417163e-01
2.22923193e-01 6.33288534e-01 3.37508077e-01
2.32977119e-01 6.37347960e-01 3.30372994e-01
2.43270754e-01 6.41348850e-01 3.23008812e-01
2.53801494e-01 6.45288007e-01 3.15410003e-01
2.64568060e-01 6.49162069e-01 3.07568925e-01
2.75568620e-01 6.52967571e-01 2.99479136e-01
2.86801308e-01 6.56700935e-01 2.91134224e-01
2.98265145e-01 6.60358414e-01 2.82526113e-01
3.09959408e-01 6.63936098e-01 2.73646054e-01
3.21883538e-01 6.67429922e-01 2.64484575e-01
3.34037042e-01 6.70835661e-01 2.55031445e-01
3.46419362e-01 6.74148940e-01 2.45275629e-01
3.59030675e-01 6.77365138e-01 2.35203747e-01
3.71870886e-01 6.80479474e-01 2.24801348e-01
3.84936985e-01 6.83487393e-01 2.14056654e-01
3.98229720e-01 6.86383673e-01 2.02949604e-01
4.11743899e-01 6.89163805e-01 1.91466604e-01
4.25478944e-01 6.91822457e-01 1.79583211e-01
4.39426522e-01 6.94355468e-01 1.67283065e-01
4.53579155e-01 6.96758578e-01 1.54543455e-01
4.67926061e-01 6.99028208e-01 1.41341125e-01
4.82452378e-01 7.01161782e-01 1.27652859e-01
4.97138395e-01 7.03158103e-01 1.13456355e-01
5.11958893e-01 7.05017767e-01 9.87316962e-02
5.26884735e-01 7.06743083e-01 8.34601182e-02
5.41876732e-01 7.08339871e-01 6.76412891e-02
5.56892465e-01 7.09816241e-01 5.12958703e-02
5.71881773e-01 7.11184068e-01 3.46760376e-02
5.86792395e-01 7.12457856e-01 2.09649897e-02
6.01568114e-01 7.13655461e-01 1.14450064e-02
6.16154664e-01 7.14796522e-01 6.28441703e-03
6.30500789e-01 7.15902031e-01 5.61289743e-03
6.44561719e-01 7.16993005e-01 9.51989452e-03
6.58301168e-01 7.18089413e-01 1.80592372e-02
6.71690082e-01 7.19210135e-01 3.12558271e-02
6.84711592e-01 7.20370675e-01 4.84904356e-02
6.97354375e-01 7.21585017e-01 6.61114700e-02
7.09615979e-01 7.22863985e-01 8.34727592e-02
7.21499953e-01 7.24215908e-01 1.00549931e-01
7.33013719e-01 7.25647192e-01 1.17351596e-01
7.44168040e-01 7.27162345e-01 1.33899292e-01
7.54975890e-01 7.28764307e-01 1.50219198e-01
7.65450703e-01 7.30455151e-01 1.66336935e-01
7.75606655e-01 7.32235933e-01 1.82277611e-01
7.85459269e-01 7.34106368e-01 1.98067713e-01
7.95020595e-01 7.36067163e-01 2.13725321e-01
8.04305241e-01 7.38117145e-01 2.29273568e-01
8.13325398e-01 7.40255707e-01 2.44730254e-01
8.22091822e-01 7.42482440e-01 2.60109798e-01
8.30615388e-01 7.44796344e-01 2.75427632e-01
8.38905818e-01 7.47196533e-01 2.90697280e-01
8.46971671e-01 7.49682302e-01 3.05930270e-01
8.54820622e-01 7.52253017e-01 3.21136975e-01
8.62459468e-01 7.54908158e-01 3.36326690e-01
8.69893957e-01 7.57647466e-01 3.51506872e-01
8.77129232e-01 7.60470699e-01 3.66684847e-01
8.84169780e-01 7.63377677e-01 3.81867823e-01
8.91019134e-01 7.66368511e-01 3.97061523e-01
8.97679908e-01 7.69443648e-01 4.12269816e-01
9.04154205e-01 7.72603581e-01 4.27496852e-01
9.10443576e-01 7.75848858e-01 4.42747359e-01
9.16548532e-01 7.79180573e-01 4.58022670e-01
9.22469234e-01 7.82599730e-01 4.73325989e-01
9.28205060e-01 7.86107675e-01 4.88658912e-01
9.33754723e-01 7.89706030e-01 5.04021830e-01
9.39116393e-01 7.93396495e-01 5.19416077e-01
9.44287525e-01 7.97181184e-01 5.34840323e-01
9.49265018e-01 8.01062274e-01 5.50294619e-01
9.54045137e-01 8.05042327e-01 5.65776363e-01
9.58623545e-01 8.09124035e-01 5.81283689e-01
9.62995355e-01 8.13310402e-01 5.96812675e-01
9.67155101e-01 8.17604622e-01 6.12359124e-01
9.71096821e-01 8.22010126e-01 6.27917381e-01
9.74814101e-01 8.26530545e-01 6.43480555e-01
9.78300108e-01 8.31169680e-01 6.59040618e-01
9.81547785e-01 8.35931479e-01 6.74587533e-01
9.84549820e-01 8.40819971e-01 6.90110152e-01
9.87299046e-01 8.45839201e-01 7.05594692e-01
9.89788351e-01 8.50993161e-01 7.21026119e-01
9.92011330e-01 8.56285638e-01 7.36386240e-01
9.93962157e-01 8.61720139e-01 7.51655428e-01
9.95636502e-01 8.67299648e-01 7.66810613e-01
9.97031460e-01 8.73026523e-01 7.81827039e-01
9.98146534e-01 8.78902191e-01 7.96676907e-01
9.98983982e-01 8.84926952e-01 8.11330289e-01
9.99549279e-01 8.91099767e-01 8.25755689e-01
9.99852301e-01 8.97417862e-01 8.39919357e-01
9.99906813e-01 9.03876775e-01 8.53788057e-01
9.99732621e-01 9.10469718e-01 8.67326860e-01
9.99353324e-01 9.17188176e-01 8.80504379e-01
9.98800923e-01 9.24020560e-01 8.93287138e-01
9.98109732e-01 9.30954040e-01 9.05649266e-01
9.97323589e-01 9.37972434e-01 9.17563643e-01
9.96492897e-01 9.45057135e-01 9.29007032e-01
9.95676036e-01 9.52186765e-01 9.39959052e-01
9.94948959e-01 9.59334170e-01 9.50394419e-01
9.94422261e-01 9.66460907e-01 9.60272181e-01
9.94324199e-01 9.73490281e-01 9.69478452e-01
9.96026094e-01 9.79967385e-01 9.77162988e-01
9.97755513e-01 9.86470640e-01 9.84703230e-01
9.99047345e-01 9.93159479e-01 9.92341391e-01
1.00000000e+00 1.00000000e+00 1.00000000e+00
