5.786928399999999861e-01 9.470045339999999534e-01 9.538350890000000248e-01
5.733009580000000271e-01 9.424481340000000484e-01 9.521858439999999479e-01
5.679041379999999473e-01 9.379061859999999751e-01 9.505502510000000127e-01
5.625018280000000370e-01 9.333784410000000031e-01 9.489295039999999792e-01
5.570940009999999498e-01 9.288646999999999876e-01 9.473232539999999480e-01
5.516802619999999768e-01 9.243647249999999982e-01 9.457322339999999494e-01
5.462604079999999751e-01 9.198782930000000135e-01 9.441566329999999674e-01
5.408342830000000268e-01 9.154051850000000101e-01 9.425964949999999787e-01
5.354014179999999623e-01 9.109451480000000378e-01 9.410527739999999808e-01
5.299618329999999933e-01 9.064979720000000407e-01 9.395250360000000356e-01
5.245151679999999761e-01 9.020634119999999534e-01 9.380139189999999738e-01
5.190611529999999973e-01 8.976412240000000153e-01 9.365198040000000113e-01
5.135997140000000405e-01 8.932311849999999831e-01 9.350425460000000299e-01
5.081305139999999776e-01 8.888330410000000459e-01 9.335827119999999812e-01
5.026532919999999738e-01 8.844465440000000012e-01 9.321406559999999564e-01
4.971679700000000146e-01 8.800714609999999993e-01 9.307162509999999944e-01
4.916743250000000232e-01 8.757075439999999489e-01 9.293097529999999606e-01
4.861719480000000204e-01 8.713545219999999647e-01 9.279219020000000206e-01
4.806607990000000274e-01 8.670121579999999772e-01 9.265524670000000462e-01
4.751406859999999788e-01 8.626801990000000364e-01 9.252016220000000013e-01
4.696113940000000153e-01 8.583583849999999460e-01 9.238695850000000487e-01
4.640726569999999995e-01 8.540464509999999843e-01 9.225567180000000533e-01
4.585242359999999739e-01 8.497441300000000419e-01 9.212632929999999831e-01
4.529660300000000195e-01 8.454511660000000317e-01 9.199892419999999849e-01
4.473978370000000204e-01 8.411672900000000119e-01 9.187347449999999638e-01
4.418194590000000255e-01 8.368922319999999582e-01 9.174999729999999687e-01
4.362307020000000257e-01 8.326257179999999591e-01 9.162850850000000547e-01
4.306313729999999840e-01 8.283674709999999664e-01 9.150902309999999762e-01
4.250212879999999971e-01 8.241172129999999596e-01 9.139155509999999927e-01
4.194002620000000237e-01 8.198746609999999491e-01 9.127611719999999540e-01
4.137681189999999898e-01 8.156395290000000298e-01 9.116272109999999929e-01
4.081246869999999860e-01 8.114115290000000202e-01 9.105137720000000545e-01
4.024698019999999876e-01 8.071903700000000459e-01 9.094209500000000057e-01
3.968033040000000233e-01 8.029757570000000122e-01 9.083488250000000264e-01
3.911250450000000045e-01 7.987673910000000488e-01 9.072974639999999980e-01
3.854348839999999776e-01 7.945649719999999805e-01 9.062669239999999737e-01
3.797326890000000121e-01 7.903681919999999694e-01 9.052572439999999609e-01
3.740183440000000026e-01 7.861767440000000384e-01 9.042684509999999731e-01
3.682917419999999775e-01 7.819903150000000469e-01 9.033005579999999757e-01
3.625527920000000126e-01 7.778085879999999674e-01 9.023535599999999990e-01
3.568014219999999792e-01 7.736312419999999968e-01 9.014274359999999708e-01
3.510374479999999742e-01 7.694579329999999828e-01 9.005224809999999858e-01
3.452608870000000163e-01 7.652883379999999569e-01 8.996385159999999992e-01
3.394717879999999965e-01 7.611221320000000068e-01 8.987753170000000180e-01
3.336701690000000164e-01 7.569589780000000045e-01 8.979327919999999796e-01
3.278558790000000167e-01 7.527984949999999564e-01 8.971113689999999918e-01
3.220291220000000010e-01 7.486403550000000351e-01 8.963106029999999835e-01
3.161900819999999834e-01 7.444842200000000298e-01 8.955301660000000163e-01
3.103386619999999874e-01 7.403296740000000487e-01 8.947706319999999547e-01
3.044752800000000148e-01 7.361763940000000117e-01 8.940312489999999723e-01
2.986001090000000024e-01 7.320239870000000426e-01 8.933120850000000335e-01
2.927134290000000250e-01 7.278720619999999863e-01 8.926130850000000283e-01
2.868157199999999962e-01 7.237202529999999800e-01 8.919337790000000377e-01
2.809073510000000273e-01 7.195681360000000248e-01 8.912742679999999806e-01
2.749889620000000034e-01 7.154153290000000442e-01 8.906340839999999925e-01
2.690612370000000086e-01 7.112614250000000027e-01 8.900129159999999873e-01
2.631248580000000170e-01 7.071059699999999726e-01 8.894108640000000232e-01
2.571809239999999774e-01 7.029485930000000105e-01 8.888270280000000190e-01
2.512304300000000046e-01 6.987888260000000296e-01 8.882614020000000332e-01
2.452746249999999961e-01 6.946262130000000479e-01 8.877137280000000352e-01
2.393150830000000118e-01 6.904603409999999775e-01 8.871832189999999674e-01
2.333535069999999878e-01 6.862907459999999515e-01 8.866694590000000487e-01
2.273918809999999902e-01 6.821169580000000510e-01 8.861719829999999964e-01
2.214324809999999866e-01 6.779384760000000121e-01 8.856904230000000044e-01
2.154779960000000050e-01 6.737548290000000550e-01 8.852240609999999510e-01
2.095315179999999999e-01 6.695655329999999905e-01 8.847721410000000120e-01
2.035965909999999934e-01 6.653700839999999728e-01 8.843339449999999546e-01
1.976772990000000008e-01 6.611679729999999644e-01 8.839086830000000283e-01
1.917783510000000136e-01 6.569586800000000171e-01 8.834954799999999997e-01
1.859051690000000090e-01 6.527416360000000140e-01 8.830936870000000161e-01
1.800640059999999987e-01 6.485163360000000266e-01 8.827020589999999833e-01
1.742620290000000127e-01 6.442822419999999495e-01 8.823194180000000220e-01
1.685074679999999936e-01 6.400388150000000387e-01 8.819444960000000222e-01
1.628098590000000012e-01 6.357854339999999826e-01 8.815763650000000284e-01
1.571800720000000040e-01 6.315215520000000415e-01 8.812134600000000040e-01
1.516304749999999868e-01 6.272466479999999622e-01 8.808539389999999747e-01
1.461755780000000005e-01 6.229600170000000325e-01 8.804968509999999693e-01
1.408313750000000086e-01 6.186612070000000463e-01 8.801396360000000030e-01
1.356166390000000110e-01 6.143495289999999498e-01 8.797809030000000030e-01
1.305522709999999975e-01 6.100244259999999530e-01 8.794183269999999997e-01
1.256617939999999933e-01 6.056853410000000437e-01 8.790494460000000121e-01
1.209717069999999978e-01 6.013316680000000414e-01 8.786718610000000540e-01
1.165115629999999985e-01 5.969627779999999717e-01 8.782830719999999980e-01
1.123134020000000066e-01 5.925781350000000058e-01 8.778799440000000232e-01
1.084119550000000043e-01 5.881771940000000143e-01 8.774591980000000513e-01
1.048442990000000019e-01 5.837594010000000111e-01 8.770174010000000298e-01
1.016491429999999974e-01 5.793242039999999538e-01 8.765508749999999516e-01
9.886509770000000141e-02 5.748711739999999848e-01 8.760552480000000086e-01
9.652994330000000400e-02 5.703998999999999597e-01 8.755258830000000048e-01
9.468006079999999325e-02 5.659098729999999522e-01 8.749582729999999531e-01
9.334587969999999513e-02 5.614008679999999973e-01 8.743466640000000512e-01
9.255346859999999398e-02 5.568725079999999883e-01 8.736856069999999752e-01
9.231937899999999309e-02 5.523247230000000174e-01 8.729684229999999934e-01
9.265243589999999640e-02 5.477573909999999824e-01 8.721883839999999832e-01
9.355187140000000012e-02 5.431705159999999921e-01 8.713381620000000272e-01
9.500669500000000212e-02 5.385643049999999654e-01 8.704096260000000473e-01
9.699740850000000691e-02 5.339390779999999559e-01 8.693941530000000029e-01
9.949601760000000017e-02 5.292954109999999934e-01 8.682822810000000446e-01
1.024680979999999936e-01 5.246341089999999596e-01 8.670638739999999567e-01
1.058754140000000010e-01 5.199561329999999870e-01 8.657283300000000459e-01
1.096757609999999966e-01 5.152628139999999579e-01 8.642641880000000443e-01
1.138257990000000053e-01 5.105557370000000095e-01 8.626594950000000539e-01
1.182804969999999983e-01 5.058369430000000389e-01 8.609015479999999609e-01
1.229958069999999987e-01 5.011087709999999529e-01 8.589773600000000231e-01
1.279281800000000024e-01 4.963739910000000144e-01 8.568736120000000067e-01
1.330349520000000119e-01 4.916358120000000054e-01 8.545768729999999591e-01
1.382746059999999944e-01 4.868978809999999768e-01 8.520738850000000308e-01
1.436071700000000062e-01 4.821642340000000249e-01 8.493519010000000202e-01
1.489942449999999974e-01 4.774392689999999995e-01 8.463990200000000019e-01
1.543979940000000106e-01 4.727278080000000271e-01 8.432045289999999804e-01
1.597834449999999962e-01 4.680347739999999868e-01 8.397594250000000038e-01
1.651163489999999956e-01 4.633653500000000092e-01 8.360567060000000383e-01
1.703652149999999865e-01 4.587246480000000126e-01 8.320917740000000062e-01
1.755008239999999997e-01 4.541176699999999733e-01 8.278626709999999944e-01
1.804966669999999995e-01 4.495491469999999823e-01 8.233702529999999964e-01
1.853294349999999868e-01 4.450233909999999904e-01 8.186181949999999929e-01
1.899789910000000137e-01 4.405442090000000199e-01 8.136129149999999921e-01
1.944290780000000052e-01 4.361147530000000216e-01 8.083632509999999494e-01
1.986663939999999962e-01 4.317375760000000118e-01 8.028803030000000174e-01
2.026818860000000055e-01 4.274144559999999982e-01 7.971767229999999760e-01
2.064687279999999903e-01 4.231466130000000048e-01 7.912667439999999663e-01
2.100241609999999870e-01 4.189345170000000063e-01 7.851651299999999889e-01
2.133474370000000009e-01 4.147781309999999944e-01 7.788872700000000204e-01
2.164400700000000122e-01 4.106769189999999736e-01 7.724486430000000459e-01
2.193054909999999913e-01 4.066299159999999802e-01 7.658644890000000371e-01
2.219487089999999940e-01 4.026358099999999829e-01 7.591495400000000116e-01
2.243759800000000026e-01 3.986930129999999850e-01 7.523178149999999453e-01
2.265939240000000021e-01 3.947997810000000163e-01 7.453828359999999931e-01
2.286101969999999872e-01 3.909541950000000043e-01 7.383570229999999457e-01
2.304324319999999926e-01 3.871542760000000194e-01 7.312521610000000116e-01
2.320689260000000087e-01 3.833979659999999789e-01 7.240788120000000161e-01
2.335275229999999869e-01 3.796832330000000089e-01 7.168470089999999795e-01
2.348160840000000082e-01 3.760080510000000098e-01 7.095659010000000544e-01
2.359423979999999976e-01 3.723704259999999766e-01 7.022437759999999862e-01
2.369141050000000137e-01 3.687684119999999899e-01 6.948881040000000064e-01
2.377386429999999995e-01 3.652001260000000138e-01 6.875055799999999495e-01
2.384222820000000131e-01 3.616637890000000133e-01 6.801031360000000525e-01
2.389725940000000104e-01 3.581576360000000014e-01 6.726855010000000190e-01
2.393950089999999919e-01 3.546800410000000014e-01 6.652587490000000381e-01
2.396962250000000128e-01 3.512294069999999935e-01 6.578267759999999464e-01
2.398817729999999926e-01 3.478042419999999857e-01 6.503939429999999744e-01
2.399569430000000059e-01 3.444031229999999777e-01 6.429641499999999565e-01
2.399267790000000067e-01 3.410246989999999867e-01 6.355408790000000030e-01
2.397960899999999895e-01 3.376676889999999931e-01 6.281272270000000102e-01
2.395694439999999925e-01 3.343308819999999959e-01 6.207259370000000054e-01
2.392511830000000062e-01 3.310131279999999898e-01 6.133394309999999905e-01
2.388454240000000006e-01 3.277133440000000175e-01 6.059698439999999797e-01
2.383558080000000023e-01 3.244304989999999833e-01 5.986194369999999765e-01
2.377857989999999921e-01 3.211636150000000134e-01 5.912902309999999995e-01
2.371391890000000002e-01 3.179117799999999772e-01 5.839832379999999601e-01
2.364185940000000097e-01 3.146741040000000100e-01 5.767008310000000249e-01
2.356275080000000133e-01 3.114497709999999864e-01 5.694435589999999880e-01
2.347686260000000080e-01 3.082379929999999879e-01 5.622128229999999727e-01
2.338443610000000006e-01 3.050380089999999988e-01 5.550101440000000386e-01
2.328575589999999917e-01 3.018491260000000231e-01 5.478359189999999490e-01
2.318105460000000062e-01 2.986706650000000018e-01 5.406910839999999885e-01
2.307055379999999878e-01 2.955019819999999964e-01 5.335764539999999778e-01
2.295446439999999921e-01 2.923424660000000230e-01 5.264927280000000209e-01
2.283298679999999914e-01 2.891915310000000017e-01 5.194405050000000523e-01
2.270631200000000072e-01 2.860486210000000029e-01 5.124202890000000288e-01
2.257462150000000001e-01 2.829132030000000020e-01 5.054324970000000361e-01
2.243808780000000058e-01 2.797847700000000160e-01 4.984774699999999781e-01
2.229687519999999923e-01 2.766628360000000231e-01 4.915554750000000195e-01
2.215113959999999993e-01 2.735469369999999900e-01 4.846667150000000257e-01
2.200102389999999963e-01 2.704366209999999882e-01 4.778114609999999929e-01
2.184664440000000096e-01 2.673314359999999779e-01 4.709903590000000251e-01
2.168816249999999946e-01 2.642309950000000240e-01 4.642028670000000190e-01
2.152569850000000118e-01 2.611348949999999780e-01 4.574491459999999732e-01
2.135934180000000071e-01 2.580427180000000043e-01 4.507299089999999842e-01
2.118924500000000100e-01 2.549541350000000262e-01 4.440442279999999853e-01
2.101547320000000107e-01 2.518687370000000092e-01 4.373930639999999981e-01
2.083816559999999984e-01 2.487862170000000039e-01 4.307754500000000042e-01
2.065737930000000055e-01 2.457061869999999926e-01 4.241922739999999803e-01
2.047324299999999930e-01 2.426283619999999863e-01 4.176424959999999742e-01
2.028580670000000030e-01 2.395523720000000134e-01 4.111269220000000058e-01
2.009517560000000092e-01 2.364779290000000034e-01 4.046448229999999868e-01
1.990143020000000040e-01 2.334047310000000042e-01 3.981959620000000144e-01
1.970461470000000048e-01 2.303324310000000041e-01 3.917809449999999916e-01
1.950482339999999870e-01 2.272607660000000029e-01 3.853989320000000274e-01
1.930212099999999986e-01 2.241894409999999893e-01 3.790497509999999903e-01
1.909656760000000009e-01 2.211181650000000054e-01 3.727332440000000191e-01
1.888820679999999863e-01 2.180466279999999923e-01 3.664496150000000063e-01
1.867710700000000112e-01 2.149745660000000058e-01 3.601982659999999892e-01
1.846332139999999900e-01 2.119017009999999979e-01 3.539789260000000271e-01
1.824689820000000018e-01 2.088277510000000059e-01 3.477913630000000200e-01
1.802788320000000000e-01 2.057524380000000097e-01 3.416353229999999908e-01
1.780631940000000080e-01 2.026754859999999880e-01 3.355105389999999965e-01
1.758224720000000074e-01 1.995966160000000045e-01 3.294167279999999920e-01
1.735570469999999921e-01 1.965155520000000100e-01 3.233535920000000230e-01
1.712672729999999977e-01 1.934320150000000127e-01 3.173208209999999752e-01
1.689534809999999887e-01 1.903457279999999918e-01 3.113180899999999918e-01
1.666159789999999974e-01 1.872564080000000131e-01 3.053450620000000004e-01
1.642550479999999868e-01 1.841637740000000023e-01 2.994013899999999895e-01
1.618709500000000134e-01 1.810675389999999996e-01 2.934867139999999819e-01
1.594639220000000079e-01 1.779674129999999910e-01 2.876006620000000069e-01
1.570341759999999975e-01 1.748631029999999920e-01 2.817428539999999870e-01
1.545818760000000069e-01 1.717543049999999960e-01 2.759129989999999921e-01
1.521071340000000049e-01 1.686407050000000019e-01 2.701108830000000238e-01
1.496101730000000130e-01 1.655220059999999993e-01 2.643358370000000179e-01
1.470911189999999924e-01 1.623978939999999871e-01 2.585874369999999756e-01
1.445500700000000027e-01 1.592680439999999975e-01 2.528652490000000141e-01
1.419870109999999963e-01 1.561321039999999938e-01 2.471691649999999962e-01
1.394020310000000096e-01 1.529897400000000129e-01 2.414986120000000014e-01
1.367952169999999967e-01 1.498406140000000109e-01 2.358529299999999884e-01
1.341665449999999982e-01 1.466843559999999880e-01 2.302317530000000112e-01
1.315158849999999990e-01 1.435205679999999873e-01 2.246350089999999966e-01
1.288433360000000028e-01 1.403488960000000008e-01 2.190616870000000049e-01
1.261487779999999892e-01 1.371689269999999961e-01 2.135114660000000109e-01
1.234320319999999971e-01 1.339802280000000068e-01 2.079841460000000086e-01
1.206931110000000057e-01 1.307823959999999952e-01 2.024786799999999942e-01
1.179317260000000006e-01 1.275749519999999915e-01 1.969950480000000059e-01
1.151477770000000067e-01 1.243574459999999965e-01 1.915323770000000037e-01
1.123410370000000047e-01 1.211293840000000066e-01 1.860901470000000113e-01
1.095112089999999982e-01 1.178902420000000062e-01 1.806679730000000095e-01
1.066581030000000041e-01 1.146395040000000032e-01 1.752648890000000070e-01
1.037812800000000035e-01 1.113765780000000039e-01 1.698807509999999965e-01
1.008805200000000013e-01 1.081009029999999982e-01 1.645143669999999947e-01
9.795529279999999617e-02 1.048118219999999989e-01 1.591656160000000098e-01
9.500528569999999728e-02 1.015087060000000041e-01 1.538332759999999910e-01
9.202991000000000643e-02 9.819083319999999393e-02 1.485170419999999880e-01
8.902870640000000446e-02 9.485748369999999485e-02 1.432158380000000120e-01
8.600105530000000387e-02 9.150786610000000154e-02 1.379289929999999997e-01
8.294629629999999976e-02 8.814114359999999926e-02 1.326557230000000032e-01
7.986379479999999864e-02 8.475644529999999677e-02 1.273948209999999914e-01
7.675263860000000604e-02 8.135278969999999721e-02 1.221459280000000008e-01
7.361210830000000649e-02 7.792919230000000530e-02 1.169074709999999989e-01
7.044121070000000651e-02 7.448454749999999791e-02 1.116786389999999962e-01
6.723889630000000339e-02 7.101767489999999405e-02 1.064584040000000065e-01
6.400410360000000076e-02 6.752732240000000608e-02 1.012452580000000046e-01
6.073553009999999724e-02 6.401210179999999861e-02 9.603817280000000178e-02
5.743181239999999715e-02 6.047052259999999985e-02 9.083572739999999646e-02
5.409148269999999870e-02 5.690096979999999943e-02 8.563620700000000585e-02
5.071283559999999885e-02 5.330165719999999802e-02 8.043811039999999857e-02
4.729397910000000121e-02 4.967062359999999815e-02 7.523979969999999851e-02
4.383289950000000129e-02 4.600572890000000081e-02 7.003904730000000411e-02
4.032532500000000214e-02 4.230458580000000246e-02 6.483370389999999761e-02
3.681197989999999975e-02 3.855880309999999700e-02 5.962157600000000252e-02
3.343837999999999672e-02 3.492348680000000039e-02 5.439990179999999731e-02
3.020655319999999977e-02 3.145663060000000039e-02 4.916555959999999864e-02
2.711859159999999852e-02 2.815891419999999937e-02 4.391515060000000109e-02
2.417668660000000039e-02 2.503114539999999957e-02 3.863829270000000010e-02
2.138315249999999876e-02 2.207427940000000061e-02 3.360126979999999985e-02
1.874050260000000023e-02 1.928945329999999861e-02 2.894484300000000135e-02
1.625140370000000001e-02 1.667799450000000128e-02 2.466102220000000039e-02
1.391874700000000041e-02 1.424146389999999922e-02 2.074208040000000142e-02
1.174569779999999966e-02 1.198170070000000031e-02 1.718057729999999950e-02
9.735753950000000309e-03 9.900879879999999536e-03 1.396943990000000003e-02
7.892853030000000769e-03 8.001597020000000837e-03 1.110188630000000058e-02
6.221482149999999801e-03 6.286976369999999932e-03 8.571571639999999229e-03
4.726844770000000404e-03 4.760829799999999681e-03 6.372743539999999735e-03
3.415130419999999785e-03 3.427901799999999964e-03 4.500374399999999830e-03
2.293937719999999958e-03 2.294262699999999842e-03 2.950457389999999822e-03
1.373016849999999980e-03 1.368002620000000015e-03 1.720556509999999952e-03
6.657565390000000013e-04 6.606291590000000491e-04 8.109775780000000192e-04
1.929182730000000053e-04 1.906030230000000075e-04 2.279254310000000097e-04
0.000000000000000000e+00 0.000000000000000000e+00 0.000000000000000000e+00
2.504026160000000245e-04 1.750197300000000096e-04 1.617118090000000037e-04
8.925044050000000267e-04 5.993221370000000004e-04 5.484570770000000419e-04
1.895647849999999943e-03 1.227006259999999932e-03 1.112933809999999994e-03
3.252483410000000120e-03 2.036163420000000179e-03 1.831950460000000055e-03
4.961518019999999751e-03 3.012246990000000055e-03 2.689964689999999829e-03
7.023867470000000335e-03 4.144406930000000405e-03 3.675347969999999843e-03
9.442072890000000052e-03 5.424010949999999616e-03 4.778856149999999997e-03
1.221955289999999972e-02 6.843898479999999986e-03 5.992849270000000401e-03
1.536031279999999950e-02 8.397952139999999635e-03 7.310839419999999589e-03
1.886877480000000162e-02 1.008082930000000002e-02 8.727205470000000756e-03
2.274967290000000017e-02 1.188778319999999993e-02 1.023700150000000052e-02
2.700798459999999984e-02 1.381453759999999933e-02 1.183582250000000079e-02
3.164888359999999679e-02 1.585719600000000049e-02 1.351970589999999979e-02
3.667770749999999663e-02 1.801217399999999885e-02 1.528505840000000081e-02
4.205330680000000237e-02 2.027614679999999864e-02 1.712859870000000076e-02
4.743447700000000267e-02 2.264600870000000113e-02 1.904731410000000055e-02
5.278280119999999992e-02 2.511884049999999965e-02 2.103842389999999868e-02
5.810211950000000042e-02 2.769188309999999834e-02 2.309935150000000034e-02
6.339577949999999906e-02 3.036251610000000045e-02 2.522770070000000114e-02
6.866672179999999681e-02 3.312823959999999790e-02 2.742123579999999894e-02
7.391754870000000199e-02 3.598665959999999830e-02 2.967786559999999879e-02
7.915057709999999414e-02 3.893547499999999717e-02 3.199562980000000140e-02
8.436788209999999955e-02 4.193075980000000175e-02 3.437268670000000192e-02
8.957133200000000350e-02 4.487310060000000017e-02 3.680730360000000062e-02
9.476261680000000465e-02 4.777328909999999790e-02 3.929784800000000328e-02
9.994327229999999673e-02 5.063312279999999943e-02 4.180585719999999755e-02
1.051147000000000054e-01 5.345423679999999900e-02 4.426623920000000156e-02
1.102781820000000024e-01 5.623812289999999964e-02 4.669048640000000167e-02
1.154349699999999979e-01 5.898610370000000047e-02 4.908014430000000317e-02
1.205862280000000036e-01 6.169938509999999682e-02 5.143664030000000276e-02
1.257328299999999899e-01 6.437919470000000310e-02 5.376146560000000241e-02
1.308757110000000057e-01 6.702659369999999783e-02 5.605591669999999971e-02
1.360157369999999977e-01 6.964256239999999654e-02 5.832120889999999752e-02
1.411537170000000119e-01 7.222800729999999392e-02 6.055848450000000244e-02
1.462906220000000090e-01 7.478363209999999706e-02 6.276864379999999577e-02
1.514270560000000043e-01 7.731027860000000418e-02 6.495278770000000035e-02
1.565635900000000025e-01 7.980872969999999733e-02 6.711195600000000039e-02
1.617008460000000092e-01 8.227965989999999619e-02 6.924706410000000534e-02
1.668396010000000040e-01 8.472357360000000448e-02 7.135882859999999328e-02
1.719804430000000106e-01 8.714103149999999354e-02 7.344805370000000166e-02
1.771236909999999998e-01 8.953271120000000360e-02 7.551569889999999730e-02
1.822698429999999870e-01 9.189912270000000216e-02 7.756252550000000690e-02
1.874198430000000026e-01 9.424042180000000157e-02 7.958887689999999404e-02
1.925736789999999976e-01 9.655735819999999858e-02 8.159582989999999980e-02
1.977317729999999996e-01 9.885035089999999469e-02 8.358406520000000173e-02
2.028950760000000075e-01 1.011194110000000063e-01 8.555379230000000057e-02
2.080634429999999868e-01 1.033652629999999989e-01 8.750607740000000689e-02
2.132374330000000040e-01 1.055881139999999968e-01 8.944137920000000408e-02
2.184176220000000057e-01 1.077881210000000006e-01 9.136011380000000348e-02
2.236039340000000042e-01 1.099658679999999944e-01 9.326319750000000575e-02
2.287973010000000085e-01 1.121211960000000063e-01 9.515070409999999701e-02
2.339974930000000009e-01 1.142547460000000042e-01 9.702362459999999689e-02
2.392052389999999862e-01 1.163664430000000000e-01 9.888215340000000575e-02
2.444205610000000084e-01 1.184566979999999992e-01 1.007270350000000064e-01
2.496439870000000116e-01 1.205255300000000057e-01 1.025585880000000061e-01
2.548755890000000135e-01 1.225732689999999986e-01 1.043774829999999931e-01
2.601159100000000057e-01 1.245998749999999988e-01 1.061839970000000022e-01
2.653648539999999834e-01 1.266057650000000090e-01 1.079789059999999995e-01
2.706232020000000071e-01 1.285906729999999887e-01 1.097622689999999956e-01
2.758906420000000193e-01 1.305551470000000103e-01 1.115350140000000018e-01
2.811678989999999989e-01 1.324989199999999923e-01 1.132972260000000009e-01
2.864549590000000090e-01 1.344222790000000056e-01 1.150495750000000011e-01
2.917519120000000021e-01 1.363254160000000048e-01 1.167926370000000047e-01
2.970595260000000182e-01 1.382079690000000138e-01 1.185264480000000065e-01
3.023775430000000264e-01 1.400703729999999980e-01 1.202518499999999935e-01
3.077061870000000199e-01 1.419126689999999913e-01 1.219692960000000048e-01
3.130459640000000099e-01 1.437346509999999911e-01 1.236790219999999996e-01
3.183969770000000254e-01 1.455364239999999976e-01 1.253815739999999956e-01
3.237592879999999784e-01 1.473181169999999984e-01 1.270775279999999952e-01
3.291331189999999740e-01 1.490797120000000031e-01 1.287673370000000095e-01
3.345186860000000095e-01 1.508211869999999954e-01 1.304514599999999913e-01
3.399164040000000053e-01 1.525423280000000048e-01 1.321302020000000021e-01
3.453262610000000232e-01 1.542432770000000120e-01 1.338042050000000094e-01
3.507484180000000062e-01 1.559240169999999981e-01 1.354739759999999960e-01
3.561830619999999947e-01 1.575844939999999916e-01 1.371400120000000056e-01
3.616303739999999767e-01 1.592246479999999964e-01 1.388028159999999955e-01
3.670905259999999726e-01 1.608444159999999901e-01 1.404629079999999974e-01
3.725636840000000061e-01 1.624437270000000100e-01 1.421208200000000088e-01
3.780500039999999951e-01 1.640225060000000123e-01 1.437770999999999910e-01
3.835496360000000271e-01 1.655806740000000110e-01 1.454323100000000091e-01
3.890627190000000013e-01 1.671181489999999936e-01 1.470870330000000059e-01
3.945893839999999875e-01 1.686348460000000049e-01 1.487418699999999983e-01
4.001298320000000186e-01 1.701306019999999919e-01 1.503973829999999956e-01
4.056843450000000018e-01 1.716051660000000034e-01 1.520540989999999981e-01
4.112528269999999875e-01 1.730586289999999916e-01 1.537128239999999979e-01
4.168353670000000122e-01 1.744909010000000038e-01 1.553742529999999900e-01
4.224321039999999750e-01 1.759018330000000074e-01 1.570390630000000065e-01
4.280435470000000242e-01 1.772909010000000007e-01 1.587077020000000060e-01
4.336692979999999809e-01 1.786584499999999964e-01 1.603812619999999967e-01
4.393096650000000158e-01 1.800041310000000117e-01 1.620603790000000044e-01
4.449648889999999746e-01 1.813276380000000132e-01 1.637457609999999897e-01
4.506347230000000148e-01 1.826291459999999922e-01 1.654384740000000020e-01
4.563196979999999958e-01 1.839080319999999991e-01 1.671390990000000132e-01
4.620194979999999729e-01 1.851645209999999986e-01 1.688488089999999886e-01
4.677343589999999884e-01 1.863982580000000111e-01 1.705684510000000098e-01
4.734644849999999905e-01 1.876089079999999909e-01 1.722989440000000094e-01
4.792096229999999735e-01 1.887966010000000083e-01 1.740415290000000004e-01
4.849698849999999895e-01 1.899610720000000086e-01 1.757972670000000071e-01
4.907456210000000207e-01 1.911017799999999989e-01 1.775671339999999876e-01
4.965365780000000062e-01 1.922188180000000135e-01 1.793525230000000137e-01
5.023427539999999469e-01 1.933119960000000137e-01 1.811547360000000106e-01
5.081641500000000367e-01 1.943811059999999979e-01 1.829751380000000094e-01
5.140007309999999885e-01 1.954259610000000091e-01 1.848151889999999908e-01
5.198524230000000079e-01 1.964464039999999911e-01 1.866764469999999954e-01
5.257191369999999475e-01 1.974422789999999983e-01 1.885605650000000133e-01
5.316010669999999827e-01 1.984130809999999911e-01 1.904691490000000043e-01
5.374977069999999912e-01 1.993590970000000129e-01 1.924042639999999915e-01
5.434087680000000420e-01 2.002803509999999954e-01 1.943679660000000031e-01
5.493346780000000207e-01 2.011759969999999953e-01 1.963621110000000058e-01
5.552743999999999458e-01 2.020469089999999968e-01 1.983893640000000125e-01
5.612283230000000289e-01 2.028922320000000057e-01 2.004519060000000130e-01
5.671956460000000533e-01 2.037125310000000022e-01 2.025526049999999967e-01
5.731759870000000534e-01 2.045078359999999984e-01 2.046943300000000077e-01
5.791689150000000064e-01 2.052782230000000097e-01 2.068801859999999937e-01
5.851738579999999912e-01 2.060239120000000035e-01 2.091135660000000007e-01
5.911900839999999491e-01 2.067453029999999914e-01 2.113981819999999900e-01
5.972166780000000008e-01 2.074430110000000105e-01 2.137380909999999912e-01
6.032525600000000487e-01 2.081178459999999952e-01 2.161377180000000064e-01
6.092970250000000476e-01 2.087700909999999910e-01 2.186017859999999924e-01
6.153481729999999983e-01 2.094015939999999965e-01 2.211357019999999896e-01
6.214045649999999643e-01 2.100135740000000084e-01 2.237452380000000129e-01
6.274644670000000257e-01 2.106076159999999975e-01 2.264367750000000068e-01
6.335255349999999730e-01 2.111861270000000013e-01 2.292173839999999962e-01
6.395851259999999483e-01 2.117519140000000133e-01 2.320948479999999925e-01
6.456398239999999733e-01 2.123088740000000085e-01 2.350777310000000120e-01
6.516862169999999566e-01 2.128608859999999992e-01 2.381754980000000133e-01
6.577195559999999830e-01 2.134137720000000016e-01 2.413985009999999876e-01
6.637345829999999891e-01 2.139741269999999862e-01 2.447581000000000062e-01
6.697248599999999774e-01 2.145503370000000076e-01 2.482665930000000076e-01
6.756830849999999611e-01 2.151521389999999923e-01 2.519373240000000180e-01
6.816000859999999939e-01 2.157922389999999968e-01 2.557841940000000203e-01
6.874655379999999871e-01 2.164852710000000069e-01 2.598217099999999835e-01
6.932673019999999742e-01 2.172489310000000062e-01 2.640642229999999868e-01
6.989917289999999506e-01 2.181035940000000117e-01 2.685253779999999812e-01
7.046235280000000545e-01 2.190726990000000096e-01 2.732167750000000228e-01
7.101464819999999678e-01 2.201817000000000080e-01 2.781469750000000185e-01
7.155439900000000186e-01 2.214573330000000062e-01 2.833198299999999947e-01
7.208002169999999653e-01 2.229258100000000020e-01 2.887333100000000208e-01
7.259013340000000092e-01 2.246107350000000058e-01 2.943787330000000035e-01
7.308366899999999555e-01 2.265310729999999995e-01 3.002405619999999886e-01
7.355998000000000259e-01 2.286992399999999981e-01 3.062975729999999897e-01
7.401886810000000150e-01 2.311202450000000019e-01 3.125244919999999871e-01
7.446056340000000162e-01 2.337917680000000109e-01 3.188941730000000030e-01
7.488565160000000276e-01 2.367051390000000088e-01 3.253797769999999812e-01
7.529497490000000015e-01 2.398469259999999881e-01 3.319561719999999938e-01
7.568953059999999899e-01 2.432005919999999932e-01 3.386011560000000142e-01
7.607037970000000149e-01 2.467480740000000117e-01 3.452959729999999783e-01
7.643859349999999608e-01 2.504709390000000035e-01 3.520245410000000241e-01
7.679518870000000552e-01 2.543513339999999845e-01 3.587744769999999805e-01
7.714111529999999606e-01 2.583724740000000186e-01 3.655357530000000188e-01
7.747725619999999980e-01 2.625188099999999913e-01 3.722999839999999727e-01
7.780437879999999584e-01 2.667765129999999929e-01 3.790616949999999763e-01
7.812320649999999755e-01 2.711329040000000079e-01 3.858154890000000115e-01
7.843435650000000203e-01 2.755769539999999851e-01 3.925580949999999958e-01
7.873839430000000306e-01 2.800987690000000252e-01 3.992865620000000115e-01
7.903581790000000495e-01 2.846896740000000037e-01 4.059988050000000182e-01
7.932705519999999622e-01 2.893421760000000065e-01 4.126936390000000010e-01
7.961252239999999647e-01 2.940493789999999996e-01 4.193694009999999750e-01
7.989256460000000448e-01 2.988054629999999934e-01 4.260254749999999868e-01
8.016749539999999952e-01 3.036052799999999774e-01 4.326613539999999980e-01
8.043760020000000344e-01 3.084442709999999921e-01 4.392766370000000253e-01
8.070313820000000193e-01 3.133184099999999916e-01 4.458710490000000193e-01
8.096436169999999821e-01 3.182239909999999838e-01 4.524441020000000147e-01
8.122144900000000112e-01 3.231582040000000045e-01 4.589964080000000224e-01
8.147463249999999935e-01 3.281179479999999926e-01 4.655272830000000139e-01
8.172405729999999702e-01 3.331010799999999938e-01 4.720373959999999980e-01
8.196990379999999909e-01 3.381052949999999724e-01 4.785265630000000159e-01
8.221233660000000221e-01 3.431285609999999986e-01 4.849947079999999966e-01
8.245148070000000162e-01 3.481693180000000054e-01 4.914422589999999924e-01
8.268746909999999950e-01 3.532260349999999938e-01 4.978693470000000176e-01
8.292042410000000086e-01 3.582973669999999777e-01 5.042761559999999754e-01
8.315047479999999602e-01 3.633819930000000142e-01 5.106626600000000460e-01
8.337772599999999645e-01 3.684788760000000107e-01 5.170291099999999584e-01
8.360226450000000087e-01 3.735871880000000145e-01 5.233759190000000228e-01
8.382419559999999548e-01 3.787060030000000133e-01 5.297031519999999549e-01
8.404363049999999946e-01 3.838344040000000179e-01 5.360107440000000389e-01
8.426062359999999529e-01 3.889719790000000232e-01 5.422993339999999662e-01
8.447529590000000255e-01 3.941178180000000086e-01 5.485686210000000340e-01
8.468770420000000243e-01 3.992715620000000243e-01 5.548190990000000378e-01
8.489791819999999989e-01 4.044327810000000190e-01 5.610510429999999715e-01
8.510605209999999587e-01 4.096007249999999988e-01 5.672641419999999712e-01
8.531214959999999792e-01 4.147752200000000000e-01 5.734589260000000355e-01
8.551628049999999703e-01 4.199559150000000129e-01 5.796355680000000454e-01
8.571851619999999450e-01 4.251424619999999988e-01 5.857941930000000186e-01
8.591892509999999872e-01 4.303345579999999782e-01 5.919349400000000205e-01
8.611757319999999716e-01 4.355319349999999812e-01 5.980579579999999451e-01
8.631452400000000358e-01 4.407343610000000189e-01 6.041634070000000412e-01
8.650983850000000253e-01 4.459416319999999767e-01 6.102514510000000003e-01
8.670357600000000442e-01 4.511535729999999744e-01 6.163222640000000085e-01
8.689579370000000136e-01 4.563700330000000083e-01 6.223760240000000277e-01
8.708654729999999455e-01 4.615908839999999791e-01 6.284129130000000174e-01
8.727589190000000219e-01 4.668160080000000045e-01 6.344331069999999961e-01
8.746391959999999521e-01 4.720450370000000007e-01 6.404364150000000366e-01
8.765064729999999527e-01 4.772781429999999880e-01 6.464233780000000484e-01
8.783612509999999540e-01 4.825152659999999982e-01 6.523941920000000394e-01
8.802044249999999570e-01 4.877560839999999787e-01 6.583486880000000152e-01
8.820363150000000152e-01 4.930006760000000265e-01 6.642872300000000063e-01
8.838573100000000071e-01 4.982490769999999847e-01 6.702101029999999460e-01
8.856684230000000380e-01 5.035009089999999965e-01 6.761170420000000014e-01
8.874695160000000138e-01 5.087565689999999918e-01 6.820087870000000052e-01
8.892618949999999689e-01 5.140154970000000434e-01 6.878848330000000288e-01
8.910452920000000443e-01 5.192781779999999792e-01 6.937460090000000523e-01
8.928209280000000136e-01 5.245441239999999450e-01 6.995919010000000160e-01
8.945887829999999985e-01 5.298136599999999641e-01 7.054231149999999895e-01
8.963496170000000429e-01 5.350866060000000202e-01 7.112396250000000419e-01
8.981040380000000489e-01 5.403628879999999857e-01 7.170415340000000359e-01
8.998522399999999699e-01 5.456426939999999837e-01 7.228292630000000552e-01
9.015950329999999902e-01 5.509258289999999780e-01 7.286027630000000421e-01
9.033329340000000318e-01 5.562122840000000012e-01 7.343622199999999545e-01
9.050662250000000020e-01 5.615021980000000079e-01 7.401079860000000510e-01
9.067954480000000039e-01 5.667955500000000368e-01 7.458402259999999950e-01
9.085213709999999665e-01 5.720921860000000025e-01 7.515589529999999741e-01
9.102443999999999535e-01 5.773921749999999520e-01 7.572644440000000365e-01
9.119649309999999787e-01 5.826955910000000127e-01 7.629569790000000351e-01
9.136834969999999556e-01 5.880024310000000476e-01 7.686367530000000059e-01
9.154006239999999961e-01 5.933126930000000021e-01 7.743039649999999829e-01
9.171168400000000442e-01 5.986263800000000135e-01 7.799588250000000222e-01
9.188326679999999635e-01 6.039434989999999948e-01 7.856015480000000384e-01
9.205486720000000123e-01 6.092640350000000371e-01 7.912323340000000371e-01
9.222653760000000256e-01 6.145879979999999687e-01 7.968514119999999812e-01
9.239832230000000202e-01 6.199154449999999539e-01 8.024590689999999693e-01
9.257027319999999726e-01 6.252463929999999559e-01 8.080555489999999841e-01
9.274244179999999727e-01 6.305808590000000491e-01 8.136411059999999473e-01
9.291487980000000535e-01 6.359188639999999726e-01 8.192160029999999704e-01
9.308763839999999457e-01 6.412604299999999924e-01 8.247805089999999950e-01
9.326077299999999681e-01 6.466055600000000236e-01 8.303348790000000257e-01
9.343433989999999634e-01 6.519542510000000402e-01 8.358793749999999800e-01
9.360838360000000025e-01 6.573065670000000082e-01 8.414143269999999619e-01
9.378295460000000139e-01 6.626625390000000504e-01 8.469400409999999768e-01
9.395810359999999806e-01 6.680221990000000387e-01 8.524568329999999694e-01
9.413388080000000269e-01 6.733855829999999543e-01 8.579650260000000195e-01
9.431033620000000006e-01 6.787527239999999740e-01 8.634649540000000068e-01
9.448751949999999455e-01 6.841236630000000485e-01 8.689569600000000005e-01
9.466549380000000014e-01 6.894983690000000554e-01 8.744413319999999601e-01
9.484431629999999780e-01 6.948768429999999663e-01 8.799183999999999894e-01
9.502401679999999962e-01 7.002592290000000386e-01 8.853886300000000098e-01
9.520464379999999949e-01 7.056455740000000532e-01 8.908524079999999845e-01
9.538624540000000263e-01 7.110359269999999565e-01 8.963101319999999816e-01
9.556890719999999728e-01 7.164301450000000182e-01 9.017620360000000446e-01
9.575264690000000467e-01 7.218284350000000460e-01 9.072086790000000178e-01
9.593750460000000091e-01 7.272308840000000218e-01 9.126505190000000489e-01
9.612353850000000532e-01 7.326374909999999741e-01 9.180879490000000143e-01
9.631082279999999551e-01 7.380481770000000274e-01 9.235213020000000439e-01
9.649936319999999901e-01 7.434632009999999624e-01 9.289512140000000251e-01
9.668920979999999776e-01 7.488826020000000083e-01 9.343781410000000509e-01
9.688045229999999730e-01 7.543062230000000534e-01 9.398023850000000179e-01
9.707308180000000508e-01 7.597343930000000078e-01 9.452246640000000477e-01
9.726715919999999738e-01 7.651670959999999910e-01 9.506454180000000198e-01
9.746275049999999496e-01 7.706042929999999958e-01 9.560650800000000116e-01
9.765985139999999731e-01 7.760462820000000317e-01 9.614843680000000337e-01
9.785855009999999687e-01 7.814929179999999809e-01 9.669036439999999510e-01
9.805885279999999593e-01 7.869444450000000479e-01 9.723236020000000090e-01
9.826080160000000285e-01 7.924009349999999730e-01 9.777448010000000522e-01
9.846445480000000083e-01 7.978623839999999801e-01 9.831677479999999525e-01
9.866980440000000518e-01 8.033290979999999637e-01 9.885932069999999738e-01
