8.01238784e-02 5.08521175e-02 1.85853093e-01
8.46490283e-02 5.31038807e-02 1.93130567e-01
8.90984846e-02 5.53146487e-02 2.00522369e-01
9.34674359e-02 5.74897031e-02 2.08028577e-01
9.77502327e-02 5.96349141e-02 2.15648560e-01
1.01940274e-01 6.17570014e-02 2.23380513e-01
1.06029980e-01 6.38636789e-02 2.31221202e-01
1.10010835e-01 6.59636083e-02 2.39166156e-01
1.13873249e-01 6.80667679e-02 2.47208866e-01
1.17606557e-01 7.01845381e-02 2.55340569e-01
1.21199029e-01 7.23298432e-02 2.63549820e-01
1.24637936e-01 7.45170811e-02 2.71822485e-01
1.27909600e-01 7.67623053e-02 2.80140933e-01
1.30999587e-01 7.90830979e-02 2.88483756e-01
1.33892976e-01 8.14981703e-02 2.96826024e-01
1.36574746e-01 8.40271955e-02 3.05138476e-01
1.39030263e-01 8.66899378e-02 3.13388465e-01
1.41245957e-01 8.95056079e-02 3.21539835e-01
1.43209957e-01 9.24916805e-02 3.29554415e-01
1.44912845e-01 9.56628861e-02 3.37392975e-01
1.46348321e-01 9.90301281e-02 3.45016853e-01
1.47513708e-01 1.02599602e-01 3.52389732e-01
1.48410229e-01 1.06372263e-01 3.59479334e-01
1.49043004e-01 1.10343725e-01 3.66258883e-01
1.49420748e-01 1.14504625e-01 3.72708136e-01
1.49555233e-01 1.18841389e-01 3.78813856e-01
1.49460643e-01 1.23337252e-01 3.84569687e-01
1.49153156e-01 1.27973303e-01 3.89975429e-01
1.48649494e-01 1.32729762e-01 3.95036743e-01
1.47967085e-01 1.37586746e-01 3.99763525e-01
1.47123352e-01 1.42525055e-01 4.04169085e-01
1.46135191e-01 1.47526757e-01 4.08269202e-01
1.45018637e-01 1.52575565e-01 4.12081206e-01
1.43788890e-01 1.57656939e-01 4.15623192e-01
1.42460835e-01 1.62757920e-01 4.18913466e-01
1.41047575e-01 1.67867587e-01 4.21970178e-01
1.39561630e-01 1.72976537e-01 4.24810926e-01
1.38014748e-01 1.78076831e-01 4.27452590e-01
1.36417699e-01 1.83161928e-01 4.29911170e-01
1.34780327e-01 1.88226531e-01 4.32201678e-01
1.33112892e-01 1.93266009e-01 4.34338405e-01
1.31422948e-01 1.98277329e-01 4.36334177e-01
1.29719907e-01 2.03257422e-01 4.38201479e-01
1.28010552e-01 2.08204574e-01 4.39951299e-01
1.26302386e-01 2.13117239e-01 4.41594076e-01
1.24602409e-01 2.17994380e-01 4.43139419e-01
1.22917159e-01 2.22835379e-01 4.44596139e-01
1.21252756e-01 2.27639974e-01 4.45972303e-01
1.19614939e-01 2.32408195e-01 4.47275281e-01
1.18009096e-01 2.37140313e-01 4.48511797e-01
1.16441249e-01 2.41836537e-01 4.49688388e-01
1.14915956e-01 2.46497562e-01 4.50810569e-01
1.13438049e-01 2.51124059e-01 4.51883588e-01
1.12012331e-01 2.55716745e-01 4.52912347e-01
1.10643258e-01 2.60276443e-01 4.53901305e-01
1.09334408e-01 2.64804197e-01 4.54854248e-01
1.08090232e-01 2.69300814e-01 4.55775145e-01
1.06914455e-01 2.73767260e-01 4.56667437e-01
1.05810036e-01 2.78204639e-01 4.57534030e-01
1.04780142e-01 2.82613955e-01 4.58377797e-01
1.03827623e-01 2.86996228e-01 4.59201353e-01
1.02954998e-01 2.91352489e-01 4.60007070e-01
1.02164449e-01 2.95683772e-01 4.60797101e-01
1.01457816e-01 2.99991108e-01 4.61573394e-01
1.00836589e-01 3.04275525e-01 4.62337707e-01
1.00301903e-01 3.08538038e-01 4.63091626e-01
9.98552116e-02 3.12779518e-01 4.63836939e-01
9.94964275e-02 3.17001061e-01 4.64574648e-01
9.92255517e-02 3.21203656e-01 4.65305849e-01
9.90425623e-02 3.25388213e-01 4.66031688e-01
9.89474297e-02 3.29555558e-01 4.66753384e-01
9.89384289e-02 3.33706768e-01 4.67471268e-01
9.90150563e-02 3.37842601e-01 4.68186436e-01
9.91755588e-02 3.41963981e-01 4.68899338e-01
9.94181437e-02 3.46071767e-01 4.69610463e-01
9.97411012e-02 3.50166736e-01 4.70320409e-01
1.00141905e-01 3.54249756e-01 4.71029336e-01
1.00618352e-01 3.58321578e-01 4.71737639e-01
1.01167868e-01 3.62382969e-01 4.72445515e-01
1.01787363e-01 3.66434745e-01 4.73152857e-01
1.02474773e-01 3.70477494e-01 4.73860202e-01
1.03226383e-01 3.74512069e-01 4.74567036e-01
1.04039509e-01 3.78539106e-01 4.75273468e-01
1.04911413e-01 3.82559223e-01 4.75979542e-01
1.05838608e-01 3.86573154e-01 4.76684760e-01
1.06818137e-01 3.90581520e-01 4.77388897e-01
1.07847544e-01 3.94584838e-01 4.78091992e-01
1.08923446e-01 3.98583784e-01 4.78793374e-01
1.10043015e-01 4.02578928e-01 4.79492635e-01
1.11203536e-01 4.06570815e-01 4.80189338e-01
1.12402592e-01 4.10559938e-01 4.80883135e-01
1.13637585e-01 4.14546825e-01 4.81573423e-01
1.14906022e-01 4.18531986e-01 4.82259535e-01
1.16205682e-01 4.22515893e-01 4.82940853e-01
1.17534496e-01 4.26498993e-01 4.83616722e-01
1.18890549e-01 4.30481717e-01 4.84286449e-01
1.20272106e-01 4.34464472e-01 4.84949314e-01
1.21677692e-01 4.38447631e-01 4.85604635e-01
1.23105759e-01 4.42431587e-01 4.86251509e-01
1.24555080e-01 4.46416692e-01 4.86889112e-01
1.26024608e-01 4.50403273e-01 4.87516593e-01
1.27513480e-01 4.54391640e-01 4.88133075e-01
1.29021014e-01 4.58382081e-01 4.88737655e-01
1.30546712e-01 4.62374862e-01 4.89329410e-01
1.32090261e-01 4.66370231e-01 4.89907396e-01
1.33651530e-01 4.70368415e-01 4.90470649e-01
1.35230574e-01 4.74369617e-01 4.91018193e-01
1.36827625e-01 4.78374022e-01 4.91549034e-01
1.38443097e-01 4.82381794e-01 4.92062166e-01
1.40077583e-01 4.86393075e-01 4.92556573e-01
1.41731848e-01 4.90407987e-01 4.93031232e-01
1.43406831e-01 4.94426630e-01 4.93485110e-01
1.45103640e-01 4.98449084e-01 4.93917173e-01
1.46823548e-01 5.02475408e-01 4.94326379e-01
1.48567990e-01 5.06505641e-01 4.94711690e-01
1.50338558e-01 5.10539799e-01 4.95072063e-01
1.52136995e-01 5.14577879e-01 4.95406463e-01
1.53965192e-01 5.18619859e-01 4.95713853e-01
1.55825184e-01 5.22665693e-01 4.95993206e-01
1.57719139e-01 5.26715317e-01 4.96243500e-01
1.59649358e-01 5.30768645e-01 4.96463722e-01
1.61618263e-01 5.34825573e-01 4.96652868e-01
1.63628395e-01 5.38885975e-01 4.96809949e-01
1.65682405e-01 5.42949704e-01 4.96933984e-01
1.67783047e-01 5.47016595e-01 4.97024012e-01
1.69933171e-01 5.51086461e-01 4.97079084e-01
1.72135714e-01 5.55159094e-01 4.97098270e-01
1.74393677e-01 5.59234272e-01 4.97080635e-01
1.76710163e-01 5.63311744e-01 4.97025301e-01
1.79088331e-01 5.67391241e-01 4.96931396e-01
1.81531395e-01 5.71472474e-01 4.96798073e-01
1.84042622e-01 5.75555132e-01 4.96624507e-01
1.86625322e-01 5.79638882e-01 4.96409900e-01
1.89282845e-01 5.83723370e-01 4.96153483e-01
1.92018571e-01 5.87808216e-01 4.95854517e-01
1.94835905e-01 5.91893020e-01 4.95512294e-01
1.97738273e-01 5.95977357e-01 4.95126140e-01
2.00729120e-01 6.00060774e-01 4.94695422e-01
2.03811900e-01 6.04142796e-01 4.94219543e-01
2.06989989e-01 6.08222950e-01 4.93697678e-01
2.10266934e-01 6.12300681e-01 4.93129487e-01
2.13646238e-01 6.16375419e-01 4.92514549e-01
2.17131392e-01 6.20446569e-01 4.91852462e-01
2.20725898e-01 6.24513501e-01 4.91142887e-01
2.24433187e-01 6.28575597e-01 4.90385036e-01
2.28256871e-01 6.32632122e-01 4.89578965e-01
2.32200536e-01 6.36682314e-01 4.88724699e-01
2.36267751e-01 6.40725400e-01 4.87821962e-01
2.40462149e-01 6.44760581e-01 4.86870222e-01
2.44787469e-01 6.48786901e-01 4.85870387e-01
2.49247478e-01 6.52803456e-01 4.84822045e-01
2.53846057e-01 6.56809228e-01 4.83725561e-01
2.58587141e-01 6.60803107e-01 4.82581803e-01
2.63474939e-01 6.64783983e-01 4.81390537e-01
2.68513584e-01 6.68750561e-01 4.80153453e-01
2.73707639e-01 6.72701537e-01 4.78870850e-01
2.79061739e-01 6.76635455e-01 4.77544158e-01
2.84580608e-01 6.80550735e-01 4.76175500e-01
2.90269775e-01 6.84445717e-01 4.74765586e-01
2.96134579e-01 6.88318537e-01 4.73317300e-01
3.02180805e-01 6.92167188e-01 4.71833586e-01
3.08414775e-01 6.95989478e-01 4.70317620e-01
3.14843268e-01 6.99783002e-01 4.68773294e-01
3.21473551e-01 7.03545117e-01 4.67205376e-01
3.28313397e-01 7.07272913e-01 4.65619711e-01
3.35371076e-01 7.10963184e-01 4.64023467e-01
3.42655330e-01 7.14612402e-01 4.62425431e-01
3.50176539e-01 7.18216598e-01 4.60834716e-01
3.57943945e-01 7.21771504e-01 4.59265061e-01
3.65968471e-01 7.25272329e-01 4.57731156e-01
3.74260024e-01 7.28713940e-01 4.56252465e-01
3.82830301e-01 7.32090553e-01 4.54850319e-01
3.91687898e-01 7.35396229e-01 4.53553425e-01
4.00840200e-01 7.38624711e-01 4.52395538e-01
4.10291540e-01 7.41769690e-01 4.51416951e-01
4.20040772e-01 7.44825257e-01 4.50665585e-01
4.30076815e-01 7.47786808e-01 4.50198182e-01
4.40380089e-01 7.50651222e-01 4.50076341e-01
4.50914209e-01 7.53418720e-01 4.50367210e-01
4.61629002e-01 7.56093110e-01 4.51135893e-01
4.72458793e-01 7.58682832e-01 4.52440079e-01
4.83327970e-01 7.61200624e-01 4.54322031e-01
4.94158841e-01 7.63662363e-01 4.56802791e-01
5.04877226e-01 7.66085951e-01 4.59880322e-01
5.15425502e-01 7.68488043e-01 4.63531085e-01
5.25759569e-01 7.70884004e-01 4.67716004e-01
5.35851708e-01 7.73286506e-01 4.72386420e-01
5.45689698e-01 7.75704976e-01 4.77490329e-01
5.55274144e-01 7.78145607e-01 4.82977408e-01
5.64606278e-01 7.80614287e-01 4.88798435e-01
5.73700409e-01 7.83112900e-01 4.94911861e-01
5.82568888e-01 7.85643347e-01 5.01279630e-01
5.91226516e-01 7.88206281e-01 5.07869202e-01
5.99686951e-01 7.90802178e-01 5.14651664e-01
6.07964341e-01 7.93430863e-01 5.21602485e-01
6.16073476e-01 7.96091459e-01 5.28701663e-01
6.24027608e-01 7.98783128e-01 5.35931823e-01
6.31836911e-01 8.01505698e-01 5.43276128e-01
6.39512524e-01 8.04258320e-01 5.50721398e-01
6.47065244e-01 8.07039931e-01 5.58256892e-01
6.54502736e-01 8.09850322e-01 5.65870964e-01
6.61834771e-01 8.12688247e-01 5.73556346e-01
6.69069797e-01 8.15552691e-01 5.81306406e-01
6.76213516e-01 8.18443501e-01 5.89112877e-01
6.83271792e-01 8.21360302e-01 5.96969011e-01
6.90252308e-01 8.24301799e-01 6.04871914e-01
6.97158818e-01 8.27268149e-01 6.12814625e-01
7.03996531e-01 8.30258787e-01 6.20793179e-01
7.10771551e-01 8.33272619e-01 6.28806075e-01
7.17486565e-01 8.36309911e-01 6.36847581e-01
7.24144791e-01 8.39370626e-01 6.44913376e-01
7.30751354e-01 8.42453774e-01 6.53002998e-01
7.37309376e-01 8.45559166e-01 6.61113475e-01
7.43821837e-01 8.48686609e-01 6.69242159e-01
7.50291579e-01 8.51835907e-01 6.77386688e-01
7.56721313e-01 8.55006862e-01 6.85544952e-01
7.63113625e-01 8.58199280e-01 6.93715070e-01
7.69470981e-01 8.61412965e-01 7.01895352e-01
7.75795738e-01 8.64647729e-01 7.10084282e-01
7.82090147e-01 8.67903386e-01 7.18280488e-01
7.88355318e-01 8.71180301e-01 7.26480582e-01
7.94593156e-01 8.74478402e-01 7.34682981e-01
8.00806613e-01 8.77797028e-01 7.42888577e-01
8.06997604e-01 8.81136014e-01 7.51096401e-01
8.13166404e-01 8.84496059e-01 7.59302092e-01
8.19314763e-01 8.87877057e-01 7.67504546e-01
8.25445845e-01 8.91278090e-01 7.75706015e-01
8.31559201e-01 8.94700218e-01 7.83900780e-01
8.37657001e-01 8.98143040e-01 7.92089038e-01
8.43741850e-01 9.01605880e-01 8.00272119e-01
8.49812190e-01 9.05090437e-01 8.08441659e-01
8.55873080e-01 9.08594606e-01 8.16604743e-01
8.61922038e-01 9.12120645e-01 8.24750618e-01
8.67964194e-01 9.15666378e-01 8.32886509e-01
8.73997228e-01 9.19234019e-01 8.41001647e-01
8.80026251e-01 9.22821393e-01 8.49102967e-01
8.86048706e-01 9.26430926e-01 8.57178548e-01
8.92069513e-01 9.30060585e-01 8.65234316e-01
8.98087902e-01 9.33711803e-01 8.73261920e-01
9.04106179e-01 9.37384198e-01 8.81260028e-01
9.10126895e-01 9.41077287e-01 8.89227313e-01
9.16148673e-01 9.44793059e-01 8.97152284e-01
9.22175970e-01 9.48529994e-01 9.05036869e-01
9.28209707e-01 9.52288818e-01 9.12873679e-01
9.34249245e-01 9.56071281e-01 9.20651122e-01
9.40297775e-01 9.59876830e-01 9.28366169e-01
9.46355457e-01 9.63706777e-01 9.36008755e-01
9.52419324e-01 9.67564224e-01 9.43563170e-01
9.58488129e-01 9.71450959e-01 9.51020513e-01
9.64556248e-01 9.75370851e-01 9.58368204e-01
9.70613248e-01 9.79329658e-01 9.65593898e-01
9.76641245e-01 9.83335986e-01 9.72686278e-01
9.82619434e-01 9.87398081e-01 9.79649314e-01
9.88521022e-01 9.91525425e-01 9.86498149e-01
9.94320095e-01 9.95725371e-01 9.93265552e-01
1.00000000e+00 1.00000000e+00 1.00000000e+00
9.94821639e-01 9.95550759e-01 9.93053076e-01
9.89547524e-01 9.91166566e-01 9.86082681e-01
9.84187898e-01 9.86849837e-01 9.79022850e-01
9.78771500e-01 9.82593820e-01 9.71825513e-01
9.73333171e-01 9.78388315e-01 9.64452723e-01
9.67908195e-01 9.74219969e-01 9.56895718e-01
9.62522955e-01 9.70077890e-01 9.49156187e-01
9.57195662e-01 9.65953153e-01 9.41248252e-01
9.51937133e-01 9.61839264e-01 9.33190927e-01
9.46751874e-01 9.57732900e-01 9.24996466e-01
9.41642528e-01 9.53630670e-01 9.16685242e-01
9.36609001e-01 9.49531087e-01 9.08269448e-01
9.31650234e-01 9.45433489e-01 8.99756864e-01
9.26765423e-01 9.41336610e-01 8.91160453e-01
9.21953335e-01 9.37239930e-01 8.82487435e-01
9.17212816e-01 9.33143324e-01 8.73740701e-01
9.12543160e-01 9.29046111e-01 8.64927097e-01
9.07943798e-01 9.24947734e-01 8.56051698e-01
9.03414370e-01 9.20847736e-01 8.47117750e-01
8.98954752e-01 9.16745619e-01 8.38127956e-01
8.94565104e-01 9.12640993e-01 8.29082738e-01
8.90245702e-01 9.08533115e-01 8.19985722e-01
8.85996988e-01 9.04421311e-01 8.10839145e-01
8.81819573e-01 9.00304910e-01 8.01644495e-01
8.77714212e-01 8.96183195e-01 7.92403099e-01
8.73681782e-01 8.92055408e-01 7.83116170e-01
8.69723273e-01 8.87920752e-01 7.73784837e-01
8.65839773e-01 8.83778387e-01 7.64410177e-01
8.62032458e-01 8.79627439e-01 7.54993240e-01
8.58302581e-01 8.75466992e-01 7.45535071e-01
8.54651459e-01 8.71296098e-01 7.36036733e-01
8.51080645e-01 8.67113804e-01 7.26498157e-01
8.47591755e-01 8.62919095e-01 7.16919543e-01
8.44186042e-01 8.58710860e-01 7.07303700e-01
8.40865010e-01 8.54488008e-01 6.97651938e-01
8.37630339e-01 8.50249424e-01 6.87964878e-01
8.34484413e-01 8.45993952e-01 6.78240103e-01
8.31427994e-01 8.41720353e-01 6.68483494e-01
8.28463230e-01 8.37427394e-01 6.58694223e-01
8.25592193e-01 8.33113767e-01 6.48872355e-01
8.22815895e-01 8.28778190e-01 6.39022477e-01
8.20137181e-01 8.24419221e-01 6.29141946e-01
8.17556850e-01 8.20035540e-01 6.19236242e-01
8.15077122e-01 8.15625669e-01 6.09305506e-01
8.12700030e-01 8.11188090e-01 5.99350872e-01
8.10426471e-01 8.06721406e-01 5.89377245e-01
8.08258250e-01 8.02224072e-01 5.79386478e-01
8.06197902e-01 7.97694352e-01 5.69378475e-01
8.04245880e-01 7.93130836e-01 5.59359367e-01
8.02403550e-01 7.88531928e-01 5.49332421e-01
8.00672078e-01 7.83896035e-01 5.39301437e-01
7.99052388e-01 7.79221581e-01 5.29270779e-01
7.97545119e-01 7.74507022e-01 5.19245410e-01
7.96150583e-01 7.69750867e-01 5.09230913e-01
7.94868971e-01 7.64951629e-01 4.99232968e-01
7.93700623e-01 7.60107752e-01 4.89256802e-01
7.92643805e-01 7.55218224e-01 4.79311831e-01
7.91697148e-01 7.50281952e-01 4.69406184e-01
7.90860590e-01 7.45297452e-01 4.59545170e-01
7.90129746e-01 7.40264528e-01 4.49742072e-01
7.89503734e-01 7.35181959e-01 4.40003045e-01
7.88977316e-01 7.30049914e-01 4.30341685e-01
7.88547413e-01 7.24867940e-01 4.20767118e-01
7.88208882e-01 7.19636317e-01 4.11291429e-01
7.87955802e-01 7.14355692e-01 4.01927204e-01
7.87782086e-01 7.09026876e-01 3.92686523e-01
7.87680948e-01 7.03651052e-01 3.83581766e-01
7.87645101e-01 6.98229723e-01 3.74625252e-01
7.87666419e-01 6.92764862e-01 3.65829625e-01
7.87736475e-01 6.87258734e-01 3.57207035e-01
7.87846621e-01 6.81713880e-01 3.48769034e-01
7.87988024e-01 6.76133107e-01 3.40526519e-01
7.88151890e-01 6.70519414e-01 3.32489477e-01
7.88329289e-01 6.64876058e-01 3.24667183e-01
7.88511591e-01 6.59206383e-01 3.17067743e-01
7.88690478e-01 6.53513801e-01 3.09698134e-01
7.88858039e-01 6.47801747e-01 3.02564168e-01
7.89006845e-01 6.42073625e-01 2.95670486e-01
7.89130007e-01 6.36332775e-01 2.89020578e-01
7.89221214e-01 6.30582430e-01 2.82616820e-01
7.89274732e-01 6.24825703e-01 2.76460558e-01
7.89285433e-01 6.19065555e-01 2.70552153e-01
7.89248864e-01 6.13304732e-01 2.64891016e-01
7.89161127e-01 6.07545811e-01 2.59475776e-01
7.89018876e-01 6.01791180e-01 2.54304334e-01
7.88819292e-01 5.96043031e-01 2.49373953e-01
7.88560038e-01 5.90303368e-01 2.44681340e-01
7.88239224e-01 5.84574009e-01 2.40222715e-01
7.87855364e-01 5.78856595e-01 2.35993887e-01
7.87407331e-01 5.73152595e-01 2.31990313e-01
7.86894323e-01 5.67463323e-01 2.28207155e-01
7.86315823e-01 5.61789946e-01 2.24639328e-01
7.85671561e-01 5.56133491e-01 2.21281546e-01
7.84961483e-01 5.50494863e-01 2.18128358e-01
7.84185616e-01 5.44874916e-01 2.15174170e-01
7.83344277e-01 5.39274323e-01 2.12413284e-01
7.82437958e-01 5.33693634e-01 2.09839940e-01
7.81467199e-01 5.28133351e-01 2.07448322e-01
7.80432634e-01 5.22593903e-01 2.05232581e-01
7.79334875e-01 5.17075713e-01 2.03186815e-01
7.78174643e-01 5.11579116e-01 2.01305122e-01
7.76952913e-01 5.06104249e-01 1.99581712e-01
7.75670546e-01 5.00651303e-01 1.98010774e-01
7.74328235e-01 4.95220562e-01 1.96586421e-01
7.72927031e-01 4.89812036e-01 1.95303009e-01
7.71467925e-01 4.84425747e-01 1.94154946e-01
7.69951676e-01 4.79061861e-01 1.93136535e-01
7.68379330e-01 4.73720307e-01 1.92242384e-01
7.66751903e-01 4.68401008e-01 1.91467199e-01
7.65070098e-01 4.63104097e-01 1.90805507e-01
7.63335076e-01 4.57829331e-01 1.90252396e-01
7.61547656e-01 4.52576705e-01 1.89802757e-01
7.59708741e-01 4.47346118e-01 1.89451709e-01
7.57819312e-01 4.42137383e-01 1.89194620e-01
7.55880108e-01 4.36950482e-01 1.89026723e-01
7.53892158e-01 4.31785130e-01 1.88943788e-01
7.51856171e-01 4.26641287e-01 1.88941332e-01
7.49773098e-01 4.21518678e-01 1.89015384e-01
7.47643674e-01 4.16417189e-01 1.89161845e-01
7.45468753e-01 4.11336578e-01 1.89376970e-01
7.43249080e-01 4.06276669e-01 1.89657033e-01
7.40985439e-01 4.01237232e-01 1.89998549e-01
7.38678560e-01 3.96218056e-01 1.90398132e-01
7.36329174e-01 3.91218906e-01 1.90852575e-01
7.33937982e-01 3.86239548e-01 1.91358804e-01
7.31505672e-01 3.81279739e-01 1.91913894e-01
7.29032910e-01 3.76339229e-01 1.92515061e-01
7.26520343e-01 3.71417762e-01 1.93159657e-01
7.23968599e-01 3.66515079e-01 1.93845168e-01
7.21378288e-01 3.61630909e-01 1.94569210e-01
7.18749998e-01 3.56764985e-01 1.95329520e-01
7.16084303e-01 3.51917024e-01 1.96123967e-01
7.13381751e-01 3.47086749e-01 1.96950517e-01
7.10642881e-01 3.42273868e-01 1.97807277e-01
7.07868198e-01 3.37478096e-01 1.98692419e-01
7.05058210e-01 3.32699126e-01 1.99604278e-01
7.02213376e-01 3.27936676e-01 2.00541205e-01
6.99334177e-01 3.23190414e-01 2.01501761e-01
6.96421020e-01 3.18460071e-01 2.02484432e-01
6.93474368e-01 3.13745279e-01 2.03488021e-01
6.90494563e-01 3.09045798e-01 2.04511093e-01
6.87482064e-01 3.04361209e-01 2.05552724e-01
6.84437153e-01 2.99691293e-01 2.06611544e-01
6.81360244e-01 2.95035630e-01 2.07686767e-01
6.78251612e-01 2.90393959e-01 2.08777246e-01
6.75111583e-01 2.85765915e-01 2.09882159e-01
6.71940456e-01 2.81151147e-01 2.11000704e-01
6.68738448e-01 2.76549385e-01 2.12131896e-01
6.65505895e-01 2.71960153e-01 2.13275361e-01
6.62242943e-01 2.67383230e-01 2.14430066e-01
6.58949825e-01 2.62818230e-01 2.15595469e-01
6.55626764e-01 2.58264742e-01 2.16771128e-01
6.52273872e-01 2.53722503e-01 2.17956220e-01
6.48891326e-01 2.49191110e-01 2.19150345e-01
6.45479276e-01 2.44670158e-01 2.20353140e-01
6.42037783e-01 2.40159365e-01 2.21563897e-01
6.38566935e-01 2.35658365e-01 2.22782184e-01
6.35066852e-01 2.31166683e-01 2.24007908e-01
6.31537529e-01 2.26684041e-01 2.25240402e-01
6.27978983e-01 2.22210075e-01 2.26479265e-01
6.24391215e-01 2.17744411e-01 2.27724144e-01
6.20774218e-01 2.13286637e-01 2.28974810e-01
6.17127949e-01 2.08836366e-01 2.30230968e-01
6.13452316e-01 2.04393274e-01 2.31492131e-01
6.09747227e-01 1.99956984e-01 2.32757973e-01
6.06012562e-01 1.95527123e-01 2.34028167e-01
6.02248180e-01 1.91103320e-01 2.35302379e-01
5.98453910e-01 1.86685207e-01 2.36580268e-01
5.94629559e-01 1.82272422e-01 2.37861475e-01
5.90774904e-01 1.77864608e-01 2.39145625e-01
5.86889696e-01 1.73461418e-01 2.40432316e-01
5.82973658e-01 1.69062513e-01 2.41721120e-01
5.79026485e-01 1.64667566e-01 2.43011572e-01
5.75047843e-01 1.60276265e-01 2.44303169e-01
5.71037371e-01 1.55888317e-01 2.45595361e-01
5.66994675e-01 1.51503445e-01 2.46887545e-01
5.62919338e-01 1.47121349e-01 2.48179280e-01
5.58810904e-01 1.42741803e-01 2.49469871e-01
5.54668882e-01 1.38364667e-01 2.50758337e-01
5.50492759e-01 1.33989795e-01 2.52043797e-01
5.46281981e-01 1.29616960e-01 2.53325889e-01
5.42035967e-01 1.25246224e-01 2.54603091e-01
5.37754100e-01 1.20877578e-01 2.55874410e-01
5.33435720e-01 1.16511056e-01 2.57138950e-01
5.29080156e-01 1.12146929e-01 2.58394932e-01
5.24686667e-01 1.07785399e-01 2.59641427e-01
5.20254517e-01 1.03426958e-01 2.60876463e-01
5.15782917e-01 9.90721685e-02 2.62098370e-01
5.11271019e-01 9.47217461e-02 2.63305600e-01
5.06718002e-01 9.03767218e-02 2.64495649e-01
5.02122979e-01 8.60383127e-02 2.65666327e-01
4.97485019e-01 8.17080410e-02 2.66815321e-01
4.92803172e-01 7.73878083e-02 2.67940009e-01
4.88076492e-01 7.30799589e-02 2.69037272e-01
4.83303993e-01 6.87873384e-02 2.70103940e-01
4.78484673e-01 6.45134095e-02 2.71136558e-01
4.73617524e-01 6.02623709e-02 2.72131368e-01
4.68701519e-01 5.60393101e-02 2.73084378e-01
4.63735616e-01 5.18503969e-02 2.73991361e-01
4.58718858e-01 4.77030071e-02 2.74847385e-01
4.53650286e-01 4.36060300e-02 2.75647346e-01
4.48528891e-01 3.95610394e-02 2.76386128e-01
4.43353812e-01 3.56995464e-02 2.77057840e-01
4.38124235e-01 3.21468332e-02 2.77656310e-01
4.32839365e-01 2.88994643e-02 2.78175234e-01
4.27498574e-01 2.59535484e-02 2.78607717e-01
4.22101376e-01 2.33047331e-02 2.78946498e-01
4.16647273e-01 2.09484875e-02 2.79184448e-01
4.11136125e-01 1.88793418e-02 2.79313622e-01
4.05567909e-01 1.70913236e-02 2.79326070e-01
3.99942812e-01 1.55777536e-02 2.79213688e-01
3.94261272e-01 1.43311281e-02 2.78968242e-01
3.88524002e-01 1.33430388e-02 2.78581441e-01
3.82732021e-01 1.26040997e-02 2.78045034e-01
3.76886672e-01 1.21038857e-02 2.77350902e-01
3.70989643e-01 1.18308862e-02 2.76491167e-01
3.65042982e-01 1.17724764e-02 2.75458306e-01
3.59049106e-01 1.19149112e-02 2.74245264e-01
3.53010770e-01 1.22434353e-02 2.72845607e-01
3.46931184e-01 1.27420389e-02 2.71253509e-01
3.40813894e-01 1.33937989e-02 2.69463994e-01
3.34662784e-01 1.41809379e-02 2.67472994e-01
3.28482062e-01 1.50849274e-02 2.65277425e-01
3.22276266e-01 1.60865745e-02 2.62875242e-01
3.16050158e-01 1.71663514e-02 2.60265523e-01
3.09808745e-01 1.83044575e-02 2.57448464e-01
3.03557169e-01 1.94811718e-02 2.54425414e-01
2.97300673e-01 2.06770441e-02 2.51198840e-01
2.91044556e-01 2.18730790e-02 2.47772292e-01
2.84794171e-01 2.30508452e-02 2.44150347e-01
2.78554714e-01 2.41930341e-02 2.40338537e-01
2.72331281e-01 2.52833906e-02 2.36343244e-01
2.66128806e-01 2.63069039e-02 2.32171605e-01
2.59952000e-01 2.72499808e-02 2.27831405e-01
2.53805301e-01 2.81005645e-02 2.23330950e-01
2.47692837e-01 2.88482207e-02 2.18678952e-01
2.41618389e-01 2.94841942e-02 2.13884406e-01
2.35585377e-01 3.00013944e-02 2.08956484e-01
2.29596994e-01 3.03940792e-02 2.03904549e-01
2.23655697e-01 3.06588565e-02 1.98737680e-01
2.17763742e-01 3.07934689e-02 1.93464981e-01
2.11923110e-01 3.07968965e-02 1.88095491e-01
2.06135018e-01 3.06702522e-02 1.82637639e-01
2.00400584e-01 3.04153388e-02 1.77099818e-01
1.94720446e-01 3.00353261e-02 1.71489973e-01
1.89094697e-01 2.95347705e-02 1.65815422e-01
1.83523195e-01 2.89189092e-02 1.60083195e-01
1.78005409e-01 2.81938725e-02 1.54299816e-01
1.72540429e-01 2.73665698e-02 1.48471277e-01
1.67126972e-01 2.64445780e-02 1.42603016e-01
1.61763393e-01 2.54360333e-02 1.36699900e-01
1.56447695e-01 2.43495279e-02 1.30766219e-01
1.51177630e-01 2.31938492e-02 1.24805883e-01
1.45950621e-01 2.19780402e-02 1.18822312e-01
1.40763450e-01 2.07118170e-02 1.12817715e-01
