0.000000000000000000e+00 0.000000000000000000e+00 0.000000000000000000e+00
2.869097220000000020e-04 2.083527759999999893e-04 2.827937390000000162e-04
1.024208410000000073e-03 7.090266140000000107e-04 1.010208189999999961e-03
2.180327469999999990e-03 1.442419919999999916e-03 2.148446830000000189e-03
3.752802180000000109e-03 2.377901319999999995e-03 3.688913340000000204e-03
5.747272959999999951e-03 3.493709670000000149e-03 5.628410339999999866e-03
8.173594100000000640e-03 4.772419709999999732e-03 7.965625860000000516e-03
1.104431810000000048e-02 6.199144749999999787e-03 1.069976159999999968e-02
1.437377930000000026e-02 7.760725999999999909e-03 1.382970279999999955e-02
1.817764280000000107e-02 9.445238070000000485e-03 1.735364179999999978e-02
2.247276809999999847e-02 1.124161509999999954e-02 2.126897390000000165e-02
2.727693689999999976e-02 1.313949149999999941e-02 2.557207400000000019e-02
3.260869250000000136e-02 1.512907689999999986e-02 3.025818889999999997e-02
3.848720630000000004e-02 1.720107220000000048e-02 3.532136660000000095e-02
4.472222609999999821e-02 1.934661329999999915e-02 4.074861970000000222e-02
5.095008060000000283e-02 2.155723309999999990e-02 4.620188709999999838e-02
5.718085099999999782e-02 2.382483570000000148e-02 5.156892350000000236e-02
6.341876809999999476e-02 2.614167859999999913e-02 5.685074839999999796e-02
6.966727429999999832e-02 2.850036090000000050e-02 6.204782429999999849e-02
7.592915779999999393e-02 3.089381370000000154e-02 6.716019060000000263e-02
8.220665770000000483e-02 3.331529309999999716e-02 7.218756960000000111e-02
8.850155060000000629e-02 3.575837390000000116e-02 7.712945129999999871e-02
9.481531579999999404e-02 3.821686800000000106e-02 8.198519510000000510e-02
1.011489549999999987e-01 4.068063429999999731e-02 8.675399279999999880e-02
1.075031870000000001e-01 4.306161180000000338e-02 9.143498040000000437e-02
1.138785469999999966e-01 4.536332249999999733e-02 9.602728709999999723e-02
1.202753689999999931e-01 4.758808149999999709e-02 1.005300449999999984e-01
1.266938820000000077e-01 4.973800569999999727e-02 1.049424209999999941e-01
1.331340990000000057e-01 5.181514570000000236e-02 1.092636059999999992e-01
1.395958720000000097e-01 5.382147350000000136e-02 1.134928439999999955e-01
1.460790250000000012e-01 5.575879470000000282e-02 1.176294590000000057e-01
1.525833329999999877e-01 5.762878660000000236e-02 1.216728430000000027e-01
1.591085040000000117e-01 5.943303409999999704e-02 1.256224639999999892e-01
1.656541250000000132e-01 6.117309919999999734e-02 1.294778629999999986e-01
1.722198110000000004e-01 6.285039750000000203e-02 1.332386620000000077e-01
1.788051780000000091e-01 6.446623660000000422e-02 1.369045550000000111e-01
1.854097969999999873e-01 6.602186729999999504e-02 1.404753069999999937e-01
1.920332100000000097e-01 6.751847789999999849e-02 1.439507529999999869e-01
1.986749869999999973e-01 6.895715160000000232e-02 1.473307919999999882e-01
2.053347219999999973e-01 7.033887299999999621e-02 1.506153719999999974e-01
2.120119709999999935e-01 7.166459510000000588e-02 1.538045040000000085e-01
2.187063150000000122e-01 7.293518290000000626e-02 1.568982429999999928e-01
2.254173580000000121e-01 7.415142080000000635e-02 1.598966860000000101e-01
2.321447229999999973e-01 7.531401420000000124e-02 1.627999599999999936e-01
2.388880150000000091e-01 7.642363779999999940e-02 1.656082349999999925e-01
2.456468729999999878e-01 7.748088320000000306e-02 1.683217059999999876e-01
2.524209689999999950e-01 7.848625680000000104e-02 1.709405760000000107e-01
2.592099609999999887e-01 7.944023420000000113e-02 1.734650799999999937e-01
2.660135189999999761e-01 8.034323960000000486e-02 1.758954679999999993e-01
2.728313430000000039e-01 8.119562040000000147e-02 1.782319920000000057e-01
2.796631709999999882e-01 8.199763760000000623e-02 1.804748949999999963e-01
2.865086809999999873e-01 8.274958540000000584e-02 1.826244599999999885e-01
2.933675960000000082e-01 8.345166900000000609e-02 1.846809550000000077e-01
3.002397139999999909e-01 8.410396420000000595e-02 1.866446009999999933e-01
3.071247369999999810e-01 8.470662819999999482e-02 1.885156779999999921e-01
3.140223959999999814e-01 8.525974790000000192e-02 1.902944460000000060e-01
3.209325069999999780e-01 8.576326639999999613e-02 1.919810989999999884e-01
3.278548219999999902e-01 8.621717419999999632e-02 1.935758650000000136e-01
3.347890519999999759e-01 8.662148290000000472e-02 1.950789940000000056e-01
3.417350319999999941e-01 8.697600590000000020e-02 1.964906230000000031e-01
3.486925379999999963e-01 8.728060040000000519e-02 1.978109180000000022e-01
3.556612490000000126e-01 8.753522440000000016e-02 1.990401089999999928e-01
3.626410420000000245e-01 8.773953010000000441e-02 2.001782300000000125e-01
3.696316459999999804e-01 8.789334279999999611e-02 2.012254199999999882e-01
3.766327199999999764e-01 8.799656150000000066e-02 2.021818629999999894e-01
3.836442369999999991e-01 8.804859049999999576e-02 2.030473989999999895e-01
3.906657410000000108e-01 8.804944089999999779e-02 2.038222670000000014e-01
3.976970300000000069e-01 8.799871880000000035e-02 2.045064129999999980e-01
4.047379210000000005e-01 8.789596140000000002e-02 2.050997129999999891e-01
4.117879039999999824e-01 8.774120729999999868e-02 2.056023730000000049e-01
4.188470449999999734e-01 8.753352679999999719e-02 2.060138790000000109e-01
4.259146340000000142e-01 8.727325319999999775e-02 2.063345940000000101e-01
4.329906880000000124e-01 8.695947669999999630e-02 2.065639380000000025e-01
4.400745520000000077e-01 8.659242420000000384e-02 2.067021169999999908e-01
4.471661579999999803e-01 8.617127689999999618e-02 2.067485139999999944e-01
4.542647910000000011e-01 8.569637149999999315e-02 2.067033070000000028e-01
4.613704229999999740e-01 8.516677379999999797e-02 2.065656559999999864e-01
4.684821900000000205e-01 8.458313010000000076e-02 2.063358190000000036e-01
4.756000380000000027e-01 8.394453929999999564e-02 2.060128029999999943e-01
4.827231599999999845e-01 8.325159050000000005e-02 2.055966220000000066e-01
4.898510449999999850e-01 8.250433890000000159e-02 2.050867650000000042e-01
4.969833989999999924e-01 8.170241540000000580e-02 2.044822540000000022e-01
5.041192719999999516e-01 8.084689550000000169e-02 2.037830360000000007e-01
5.112580270000000038e-01 7.993830020000000647e-02 2.029884449999999896e-01
5.183992899999999571e-01 7.897664499999999810e-02 2.020972089999999999e-01
5.255420179999999997e-01 7.796358159999999815e-02 2.011090359999999910e-01
5.326853820000000406e-01 7.690048509999999893e-02 2.000231249999999961e-01
5.398285160000000360e-01 7.578902040000000395e-02 1.988385510000000023e-01
5.469704869999999497e-01 7.463128730000000155e-02 1.975543120000000097e-01
5.541102770000000399e-01 7.342990380000000150e-02 1.961693379999999987e-01
5.612467840000000541e-01 7.218810350000000320e-02 1.946824819999999900e-01
5.683788029999999880e-01 7.090985029999999356e-02 1.930925270000000138e-01
5.755050210000000055e-01 6.959997040000000246e-02 1.913981839999999990e-01
5.826240019999999742e-01 6.826430569999999975e-02 1.895980929999999953e-01
5.897341750000000271e-01 6.690989009999999404e-02 1.876908270000000045e-01
5.968338210000000421e-01 6.554514890000000260e-02 1.856748970000000054e-01
6.039210550000000399e-01 6.418012239999999757e-02 1.835487530000000089e-01
6.109940299999999658e-01 6.282597920000000669e-02 1.813102349999999863e-01
6.180506080000000013e-01 6.149625110000000311e-02 1.789573000000000136e-01
6.250880300000000167e-01 6.020821739999999977e-02 1.764889040000000020e-01
6.321042559999999755e-01 5.897850599999999999e-02 1.739013640000000027e-01
6.390957849999999718e-01 5.783081820000000178e-02 1.711941839999999992e-01
6.460600720000000408e-01 5.678752499999999842e-02 1.683632710000000088e-01
6.529932619999999632e-01 5.587785089999999788e-02 1.654073149999999992e-01
6.598915960000000247e-01 5.513269450000000266e-02 1.623236520000000127e-01
6.667509630000000298e-01 5.458597540000000026e-02 1.591094210000000009e-01
6.735667969999999949e-01 5.427454339999999988e-02 1.557617850000000137e-01
6.803340319999999775e-01 5.423761140000000341e-02 1.522779930000000004e-01
6.870470600000000427e-01 5.451588710000000032e-02 1.486554579999999903e-01
6.936996850000000103e-01 5.515040150000000141e-02 1.448918479999999898e-01
7.002850910000000262e-01 5.618107690000000154e-02 1.409851910000000097e-01
7.067962370000000494e-01 5.764354509999999876e-02 1.369317630000000119e-01
7.132246519999999590e-01 5.957212989999999958e-02 1.327320280000000019e-01
7.195618729999999630e-01 6.199293919999999958e-02 1.283834650000000022e-01
7.257983199999999968e-01 6.492701189999999789e-02 1.238867270000000020e-01
7.319238740000000298e-01 6.838758609999999460e-02 1.192430909999999955e-01
7.379278529999999670e-01 7.238015000000000421e-02 1.144552259999999932e-01
7.437991130000000117e-01 7.690258149999999737e-02 1.095279319999999945e-01
7.495263089999999462e-01 8.194530140000000351e-02 1.044677960000000017e-01
7.550980659999999567e-01 8.749191879999999866e-02 9.928513249999999790e-02
7.605034400000000305e-01 9.351948670000000130e-02 9.399345269999999364e-02
7.657323369999999851e-01 9.999923419999999508e-02 8.860931419999999725e-02
7.707759450000000179e-01 1.068971390000000021e-01 8.315390000000000281e-02
7.756272400000000511e-01 1.141746859999999975e-01 7.765262080000000233e-02
7.802813680000000307e-01 1.217899360000000014e-01 7.213493390000000338e-02
7.847359440000000186e-01 1.296986089999999925e-01 6.663477769999999467e-02
7.889911969999999775e-01 1.378553439999999908e-01 6.119074809999999753e-02
7.930498729999999608e-01 1.462152579999999868e-01 5.584590259999999695e-02
7.969169849999999666e-01 1.547352730000000065e-01 5.064834969999999770e-02
8.005994939999999671e-01 1.633751210000000120e-01 4.565233509999999661e-02
8.041057799999999922e-01 1.720984210000000014e-01 4.091876819999999693e-02
8.074450210000000405e-01 1.808735370000000009e-01 3.656330120000000211e-02
8.106272070000000163e-01 1.896726059999999936e-01 3.284896899999999870e-02
8.136620199999999858e-01 1.984732849999999993e-01 2.978095310000000023e-02
8.165591070000000062e-01 2.072570260000000109e-01 2.735425279999999931e-02
8.193277310000000035e-01 2.160090070000000029e-01 2.556367810000000074e-02
8.219765580000000238e-01 2.247178270000000089e-01 2.440444749999999899e-02
8.245135430000000154e-01 2.333750400000000058e-01 2.387282240000000028e-02
8.269458819999999655e-01 2.419746989999999875e-01 2.396658419999999831e-02
8.292800040000000150e-01 2.505129130000000037e-01 2.468536959999999975e-02
8.315223430000000526e-01 2.589862510000000007e-01 2.603160699999999828e-02
8.336775539999999873e-01 2.673944520000000047e-01 2.800849869999999867e-02
8.357511920000000316e-01 2.757358719999999930e-01 3.062269980000000003e-02
8.377469320000000552e-01 2.840117620000000009e-01 3.388176019999999955e-02
8.396687050000000152e-01 2.922228110000000267e-01 3.779577130000000285e-02
8.415199989999999630e-01 3.003701990000000044e-01 4.231855319999999754e-02
8.433038999999999952e-01 3.084554669999999832e-01 4.718171129999999824e-02
8.450231360000000080e-01 3.164804170000000139e-01 5.232333900000000343e-02
8.466801240000000339e-01 3.244470309999999968e-01 5.769849679999999870e-02
8.482770029999999739e-01 3.323573930000000010e-01 6.327080200000000099e-02
8.498159770000000002e-01 3.402132869999999754e-01 6.901095560000000684e-02
8.512989949999999473e-01 3.480166020000000082e-01 7.489554280000000619e-02
8.527271520000000438e-01 3.557699910000000076e-01 8.090628649999999367e-02
8.541028539999999669e-01 3.634744149999999951e-01 8.702798720000000376e-02
8.554265290000000466e-01 3.711328520000000131e-01 9.324952429999999737e-02
8.567004620000000514e-01 3.787460739999999881e-01 9.956104409999999572e-02
8.579251140000000442e-01 3.863166379999999900e-01 1.059557019999999988e-01
8.591016740000000373e-01 3.938461540000000038e-01 1.124276919999999957e-01
8.602318359999999720e-01 4.013356049999999842e-01 1.189719959999999965e-01
8.613160309999999820e-01 4.087870960000000164e-01 1.255854409999999921e-01
8.623552660000000092e-01 4.162020229999999765e-01 1.322651890000000052e-01
8.633504920000000249e-01 4.235817250000000200e-01 1.390090380000000014e-01
8.643026120000000256e-01 4.309274819999999728e-01 1.458152980000000098e-01
8.652124860000000028e-01 4.382405129999999982e-01 1.526826960000000066e-01
8.660809419999999648e-01 4.455219790000000124e-01 1.596102960000000126e-01
8.669087800000000454e-01 4.527729779999999926e-01 1.665974369999999871e-01
8.676967810000000281e-01 4.599945480000000031e-01 1.736436809999999942e-01
8.684457119999999808e-01 4.671876660000000014e-01 1.807487740000000009e-01
8.691563319999999759e-01 4.743532520000000030e-01 1.879126100000000077e-01
8.698293950000000052e-01 4.814921659999999992e-01 1.951352040000000065e-01
8.704656600000000299e-01 4.886052100000000120e-01 2.024166719999999919e-01
8.710658900000000093e-01 4.956931330000000080e-01 2.097572090000000000e-01
8.716308600000000073e-01 5.027566260000000398e-01 2.171570760000000044e-01
8.721616229999999970e-01 5.097961399999999532e-01 2.246163429999999961e-01
8.726588109999999787e-01 5.168123980000000062e-01 2.321355280000000076e-01
8.731231680000000051e-01 5.238060009999999656e-01 2.397150999999999865e-01
8.735555459999999606e-01 5.307774419999999882e-01 2.473554809999999882e-01
8.739571189999999490e-01 5.377269679999999719e-01 2.550568380000000079e-01
8.743286059999999527e-01 5.446551179999999936e-01 2.628198139999999849e-01
8.746708450000000301e-01 5.515623210000000221e-01 2.706449839999999774e-01
8.749850289999999697e-01 5.584487590000000168e-01 2.785326349999999729e-01
8.752721700000000160e-01 5.653147149999999677e-01 2.864832640000000152e-01
8.755331349999999624e-01 5.721605530000000162e-01 2.944975639999999895e-01
8.757693039999999707e-01 5.789863029999999799e-01 3.025757720000000206e-01
8.759817109999999962e-01 5.857922060000000375e-01 3.107185109999999750e-01
8.761714680000000088e-01 5.925784419999999830e-01 3.189263820000000083e-01
8.763401950000000440e-01 5.993448940000000169e-01 3.271995289999999890e-01
8.764888779999999713e-01 6.060918109999999803e-01 3.355387819999999799e-01
8.766191410000000461e-01 6.128190770000000454e-01 3.439443899999999887e-01
8.767323980000000239e-01 6.195266969999999596e-01 3.524168650000000236e-01
8.768301590000000534e-01 6.262146280000000509e-01 3.609566860000000266e-01
8.769142109999999990e-01 6.328826840000000287e-01 3.695641040000000044e-01
8.769860659999999530e-01 6.395308349999999642e-01 3.782397220000000004e-01
8.770477859999999959e-01 6.461587709999999651e-01 3.869836280000000239e-01
8.771010439999999964e-01 6.527663959999999710e-01 3.957963899999999979e-01
8.771480149999999476e-01 6.593533759999999910e-01 4.046781119999999787e-01
8.771906929999999658e-01 6.659194790000000364e-01 4.136291610000000230e-01
8.772313680000000113e-01 6.724643470000000178e-01 4.226496530000000140e-01
8.772723310000000163e-01 6.789876419999999468e-01 4.317397800000000174e-01
8.773160469999999878e-01 6.854889619999999795e-01 4.408996119999999963e-01
8.773650880000000152e-01 6.919678790000000079e-01 4.501291740000000208e-01
8.774221359999999637e-01 6.984239380000000219e-01 4.594284410000000207e-01
8.774900450000000518e-01 7.048566330000000102e-01 4.687972670000000175e-01
8.775717469999999576e-01 7.112654489999999941e-01 4.782354890000000136e-01
8.776703759999999743e-01 7.176498119999999981e-01 4.877427739999999901e-01
8.777891359999999699e-01 7.240091480000000468e-01 4.973187800000000158e-01
8.779314510000000293e-01 7.303428199999999482e-01 5.069629639999999604e-01
8.781008059999999560e-01 7.366502000000000328e-01 5.166747689999999782e-01
8.783009179999999860e-01 7.429305990000000248e-01 5.264534079999999561e-01
8.785355559999999953e-01 7.491833399999999754e-01 5.362980779999999559e-01
8.788087319999999814e-01 7.554076870000000499e-01 5.462077060000000150e-01
8.791244860000000383e-01 7.616029319999999547e-01 5.561812160000000338e-01
8.794871210000000383e-01 7.677683010000000419e-01 5.662172030000000023e-01
8.799009239999999732e-01 7.739030660000000283e-01 5.763142909999999786e-01
8.803704740000000140e-01 7.800064319999999718e-01 5.864707000000000114e-01
8.809002710000000125e-01 7.860776710000000334e-01 5.966847290000000248e-01
8.814951359999999569e-01 7.921159810000000245e-01 6.069541809999999815e-01
8.821597389999999983e-01 7.981206530000000132e-01 6.172770029999999908e-01
8.828990899999999975e-01 8.040909029999999680e-01 6.276505559999999706e-01
8.837179800000000141e-01 8.100260620000000467e-01 6.380724030000000102e-01
8.846215259999999914e-01 8.159253950000000533e-01 6.485394620000000110e-01
8.856145920000000338e-01 8.217882850000000072e-01 6.590488589999999869e-01
8.867022890000000324e-01 8.276140840000000276e-01 6.695971149999999650e-01
8.878895159999999898e-01 8.334022439999999587e-01 6.801808329999999847e-01
8.891812220000000488e-01 8.391522460000000461e-01 6.907962509999999723e-01
8.905823360000000299e-01 8.448636160000000395e-01 7.014393039999999857e-01
8.920974430000000455e-01 8.505360119999999524e-01 7.121061549999999629e-01
8.937315300000000517e-01 8.561690299999999976e-01 7.227918340000000219e-01
8.954887480000000011e-01 8.617625209999999480e-01 7.334924520000000170e-01
8.973737320000000350e-01 8.673162519999999542e-01 7.442027239999999821e-01
8.993905779999999961e-01 8.728301630000000477e-01 7.549178690000000191e-01
9.015431310000000531e-01 8.783042869999999613e-01 7.656330890000000444e-01
9.038356119999999549e-01 8.837386179999999758e-01 7.763421689999999709e-01
9.062713230000000175e-01 8.891333809999999449e-01 7.870402800000000365e-01
9.088536780000000537e-01 8.944888090000000513e-01 7.977217850000000166e-01
9.115862460000000445e-01 8.998051459999999446e-01 8.083799980000000440e-01
9.144720440000000394e-01 9.050827660000000385e-01 8.190089820000000520e-01
9.175140320000000349e-01 9.103220730000000094e-01 8.296024370000000259e-01
9.207152680000000311e-01 9.155234730000000321e-01 8.401533270000000053e-01
9.240789379999999609e-01 9.206873749999999745e-01 8.506537880000000218e-01
9.276083219999999852e-01 9.258141880000000379e-01 8.610953120000000016e-01
9.313067369999999956e-01 9.309042990000000461e-01 8.714691610000000477e-01
9.351780370000000175e-01 9.359580410000000184e-01 8.817647459999999882e-01
9.392265400000000541e-01 9.409757199999999600e-01 8.919696520000000017e-01
9.434570730000000349e-01 9.459576650000000031e-01 9.020689710000000527e-01
9.478748249999999764e-01 9.509043849999999631e-01 9.120444030000000035e-01
9.524848289999999773e-01 9.558168790000000081e-01 9.218731850000000394e-01
9.572906519999999642e-01 9.606972630000000235e-01 9.315270279999999792e-01
9.622917130000000485e-01 9.655498670000000061e-01 9.409717180000000125e-01
9.674785380000000545e-01 9.703829259999999790e-01 9.501688740000000521e-01
9.728260269999999821e-01 9.752105669999999726e-01 9.590824350000000109e-01
9.782873850000000093e-01 9.800538009999999467e-01 9.676923610000000009e-01
9.837954650000000356e-01 9.849381539999999546e-01 9.760125410000000112e-01
9.892785739999999661e-01 9.898859719999999474e-01 9.841049419999999825e-01
9.946852649999999851e-01 9.949079459999999875e-01 9.920666820000000330e-01
1.000000000000000000e+00 1.000000000000000000e+00 1.000000000000000000e+00
