0.00000000e+00 0.00000000e+00 0.00000000e+00
2.57673253e-04 2.19602841e-04 2.84783658e-04
9.00785946e-04 7.56143229e-04 1.02215214e-03
1.87831767e-03 1.55684425e-03 2.18590203e-03
3.16738912e-03 2.59810227e-03 3.77673683e-03
4.75244808e-03 3.86530653e-03 5.80254519e-03
6.62103697e-03 5.34845652e-03 8.27470982e-03
8.76215205e-03 7.04041203e-03 1.12067516e-02
1.11654278e-02 8.93602730e-03 1.46136544e-02
1.38206579e-02 1.10316838e-02 1.85113300e-02
1.67175275e-02 1.33249614e-02 2.29165701e-02
1.98454022e-02 1.58144558e-02 2.78468247e-02
2.31931675e-02 1.84996847e-02 3.33197709e-02
2.67491384e-02 2.13809754e-02 3.93533616e-02
3.05009704e-02 2.44594151e-02 4.56715743e-02
3.44355884e-02 2.77368006e-02 5.19719235e-02
3.85391436e-02 3.12156543e-02 5.82679984e-02
4.27196486e-02 3.48991814e-02 6.45626010e-02
4.67835919e-02 3.87912515e-02 7.08577125e-02
5.07365750e-02 4.28141719e-02 7.71545001e-02
5.45781811e-02 4.68071861e-02 8.34530372e-02
5.83074786e-02 5.07832887e-02 8.97529966e-02
6.19231741e-02 5.47472721e-02 9.60531731e-02
6.54236826e-02 5.87036336e-02 1.02351618e-01
6.88071469e-02 6.26565925e-02 1.08645863e-01
7.20715329e-02 6.66101166e-02 1.14932794e-01
7.52146980e-02 7.05679297e-02 1.21208680e-01
7.82344583e-02 7.45335112e-02 1.27469207e-01
8.11286558e-02 7.85100906e-02 1.33709524e-01
8.38952272e-02 8.25006379e-02 1.39924289e-01
8.65322704e-02 8.65078502e-02 1.46107732e-01
8.90381115e-02 9.05341372e-02 1.52253722e-01
9.14113182e-02 9.45816130e-02 1.58355923e-01
9.36508976e-02 9.86520628e-02 1.64407666e-01
9.57562567e-02 1.02746940e-01 1.70402220e-01
9.77271903e-02 1.06867372e-01 1.76332942e-01
9.95641086e-02 1.11014118e-01 1.82193169e-01
1.01267875e-01 1.15187605e-01 1.87976546e-01
1.02839929e-01 1.19387918e-01 1.93677009e-01
1.04282242e-01 1.23614818e-01 1.99288927e-01
1.05597340e-01 1.27867757e-01 2.04807163e-01
1.06788183e-01 1.32145926e-01 2.10227210e-01
1.07858320e-01 1.36448242e-01 2.15545115e-01
1.08811553e-01 1.40773448e-01 2.20757700e-01
1.09652078e-01 1.45120108e-01 2.25862447e-01
1.10384543e-01 1.49486616e-01 2.30857459e-01
1.11013559e-01 1.53871334e-01 2.35741636e-01
1.11543992e-01 1.58272548e-01 2.40514469e-01
1.11980810e-01 1.62688517e-01 2.45176048e-01
1.12329007e-01 1.67117517e-01 2.49727013e-01
1.12593541e-01 1.71557861e-01 2.54168498e-01
1.12779278e-01 1.76007927e-01 2.58502069e-01
1.12890943e-01 1.80466176e-01 2.62729653e-01
1.12933082e-01 1.84931171e-01 2.66853483e-01
1.12910081e-01 1.89401569e-01 2.70876025e-01
1.12826470e-01 1.93876059e-01 2.74799914e-01
1.12685741e-01 1.98353626e-01 2.78627964e-01
1.12492041e-01 2.02833170e-01 2.82363039e-01
1.12248511e-01 2.07313874e-01 2.86008062e-01
1.11958935e-01 2.11794834e-01 2.89565979e-01
1.11625865e-01 2.16275468e-01 2.93039693e-01
1.11252207e-01 2.20755164e-01 2.96432074e-01
1.10840836e-01 2.25233363e-01 2.99745955e-01
1.10393967e-01 2.29709684e-01 3.02984055e-01
1.09913685e-01 2.34183809e-01 3.06148997e-01
1.09401966e-01 2.38655471e-01 3.09243307e-01
1.08860574e-01 2.43124477e-01 3.12269395e-01
1.08291180e-01 2.47590676e-01 3.15229564e-01
1.07695449e-01 2.52053942e-01 3.18126026e-01
1.07074353e-01 2.56514297e-01 3.20960776e-01
1.06428941e-01 2.60971765e-01 3.23735716e-01
1.05760591e-01 2.65426322e-01 3.26452709e-01
1.05070193e-01 2.69878047e-01 3.29113429e-01
1.04358145e-01 2.74327113e-01 3.31719346e-01
1.03625982e-01 2.78773506e-01 3.34272070e-01
1.02873531e-01 2.83217510e-01 3.36772747e-01
1.02102064e-01 2.87659172e-01 3.39222744e-01
1.01311864e-01 2.92098708e-01 3.41623111e-01
1.00503219e-01 2.96536336e-01 3.43974798e-01
9.96773105e-02 3.00972140e-01 3.46278884e-01
9.88342962e-02 3.05406367e-01 3.48536105e-01
9.79745906e-02 3.09839227e-01 3.50747169e-01
9.70988183e-02 3.14270905e-01 3.52912743e-01
9.62076336e-02 3.18701585e-01 3.55033417e-01
9.53017845e-02 3.23131444e-01 3.57109715e-01
9.43821089e-02 3.27560653e-01 3.59142096e-01
9.34492373e-02 3.31989421e-01 3.61130873e-01
9.25041111e-02 3.36417919e-01 3.63076352e-01
9.15477876e-02 3.40846314e-01 3.64978777e-01
9.05814592e-02 3.45274764e-01 3.66838335e-01
8.96066447e-02 3.49703398e-01 3.68655211e-01
8.86248263e-02 3.54132365e-01 3.70429480e-01
8.76376595e-02 3.58561806e-01 3.72161163e-01
8.66470809e-02 3.62991842e-01 3.73850258e-01
8.56552706e-02 3.67422587e-01 3.75496723e-01
8.46646762e-02 3.71854139e-01 3.77100479e-01
8.36782161e-02 3.76286569e-01 3.78661471e-01
8.26992043e-02 3.80719924e-01 3.80179638e-01
8.17306232e-02 3.85154316e-01 3.81654690e-01
8.07762288e-02 3.89589799e-01 3.83086434e-01
7.98405282e-02 3.94026372e-01 3.84474769e-01
7.89280707e-02 3.98464067e-01 3.85819460e-01
7.80434813e-02 4.02902933e-01 3.87120147e-01
7.71924928e-02 4.07342943e-01 3.88376658e-01
7.63811275e-02 4.11784073e-01 3.89588757e-01
7.56152836e-02 4.16226344e-01 3.90756008e-01
7.49022657e-02 4.20669673e-01 3.91878264e-01
7.42491001e-02 4.25114036e-01 3.92955134e-01
7.36633555e-02 4.29559385e-01 3.93986247e-01
7.31536653e-02 4.34005600e-01 3.94971440e-01
7.27279507e-02 4.38452650e-01 3.95910184e-01
7.23955192e-02 4.42900392e-01 3.96802298e-01
7.21651642e-02 4.47348743e-01 3.97647336e-01
7.20462980e-02 4.51797568e-01 3.98444995e-01
7.20483127e-02 4.56246729e-01 3.99194935e-01
7.21804728e-02 4.60696085e-01 3.99896770e-01
7.24521877e-02 4.65145458e-01 4.00550214e-01
7.28722785e-02 4.69594690e-01 4.01154851e-01
7.34495685e-02 4.74043574e-01 4.01710411e-01
7.41920668e-02 4.78491919e-01 4.02216491e-01
7.51074316e-02 4.82939501e-01 4.02672798e-01
7.62024848e-02 4.87386090e-01 4.03078984e-01
7.74832908e-02 4.91831442e-01 4.03434718e-01
7.89551299e-02 4.96275287e-01 4.03739708e-01
8.06222687e-02 5.00717357e-01 4.03993611e-01
8.24882038e-02 5.05157347e-01 4.04196165e-01
8.45554112e-02 5.09594953e-01 4.04347055e-01
8.68255506e-02 5.14029841e-01 4.04446010e-01
8.92995143e-02 5.18461658e-01 4.04492809e-01
9.19772398e-02 5.22890049e-01 4.04487102e-01
9.48584046e-02 5.27314594e-01 4.04428862e-01
9.79414602e-02 5.31734928e-01 4.04317557e-01
1.01225166e-01 5.36150566e-01 4.04153338e-01
1.04707288e-01 5.40561076e-01 4.03935833e-01
1.08385602e-01 5.44965960e-01 4.03664953e-01
1.12257800e-01 5.49364677e-01 4.03340798e-01
1.16321007e-01 5.53756730e-01 4.02962855e-01
1.20572955e-01 5.58141488e-01 4.02531503e-01
1.25011143e-01 5.62518324e-01 4.02046818e-01
1.29632988e-01 5.66886630e-01 4.01508392e-01
1.34436516e-01 5.71245655e-01 4.00916786e-01
1.39419784e-01 5.75594644e-01 4.00272254e-01
1.44581107e-01 5.79932799e-01 3.99575064e-01
1.49919106e-01 5.84259289e-01 3.98825179e-01
1.55432887e-01 5.88573152e-01 3.98023539e-01
1.61121853e-01 5.92873394e-01 3.97170772e-01
1.66985827e-01 5.97158944e-01 3.96267654e-01
1.73025080e-01 6.01428643e-01 3.95315146e-01
1.79240357e-01 6.05681236e-01 3.94314425e-01
1.85632899e-01 6.09915359e-01 3.93266931e-01
1.92204463e-01 6.14129531e-01 3.92174420e-01
1.98957341e-01 6.18322133e-01 3.91039034e-01
2.05894380e-01 6.22491399e-01 3.89863378e-01
2.13018991e-01 6.26635395e-01 3.88650622e-01
2.20335739e-01 6.30752001e-01 3.87403538e-01
2.27848991e-01 6.34838872e-01 3.86127417e-01
2.35564080e-01 6.38893437e-01 3.84827731e-01
2.43487951e-01 6.42912830e-01 3.83509701e-01
2.51626644e-01 6.46893928e-01 3.82182374e-01
2.59988211e-01 6.50833233e-01 3.80854451e-01
2.68581129e-01 6.54726878e-01 3.79537055e-01
2.77413648e-01 6.58570645e-01 3.78244654e-01
2.86494851e-01 6.62359874e-01 3.76994056e-01
2.95833555e-01 6.66089502e-01 3.75805987e-01
3.05437621e-01 6.69754122e-01 3.74705913e-01
3.15314457e-01 6.73347927e-01 3.73723755e-01
3.25466201e-01 6.76865268e-01 3.72897703e-01
3.35892127e-01 6.80300526e-01 3.72271472e-01
3.46582528e-01 6.83649037e-01 3.71897483e-01
3.57518646e-01 6.86907470e-01 3.71834366e-01
3.68668390e-01 6.90074885e-01 3.72146002e-01
3.79984627e-01 6.93153648e-01 3.72897400e-01
3.91405680e-01 6.96150091e-01 3.74148583e-01
4.02858892e-01 6.99074620e-01 3.75947437e-01
4.14267248e-01 7.01941033e-01 3.78323335e-01
4.25557253e-01 7.04765192e-01 3.81283619e-01
4.36665941e-01 7.07563386e-01 3.84813969e-01
4.47549405e-01 7.10349927e-01 3.88882559e-01
4.58174415e-01 7.13138189e-01 3.93445722e-01
4.68529216e-01 7.15937465e-01 3.98454598e-01
4.78611459e-01 7.18755010e-01 4.03859520e-01
4.88423609e-01 7.21596819e-01 4.09611844e-01
4.97982146e-01 7.24464934e-01 4.15669899e-01
5.07296888e-01 7.27362618e-01 4.21993223e-01
5.16386039e-01 7.30290334e-01 4.28549013e-01
5.25265951e-01 7.33248445e-01 4.35308250e-01
5.33949619e-01 7.36237761e-01 4.42243937e-01
5.42455929e-01 7.39256819e-01 4.49337052e-01
5.50796305e-01 7.42305920e-01 4.56567216e-01
5.58986135e-01 7.45383704e-01 4.63920463e-01
5.67034905e-01 7.48490309e-01 4.71381024e-01
5.74954170e-01 7.51624877e-01 4.78937509e-01
5.82754804e-01 7.54786441e-01 4.86580530e-01
5.90445976e-01 7.57974327e-01 4.94301311e-01
5.98033947e-01 7.61188661e-01 5.02089783e-01
6.05528172e-01 7.64428205e-01 5.09941147e-01
6.12936542e-01 7.67692050e-01 5.17850663e-01
6.20263154e-01 7.70980540e-01 5.25810301e-01
6.27515135e-01 7.74292722e-01 5.33817009e-01
6.34697305e-01 7.77628378e-01 5.41865943e-01
6.41815710e-01 7.80986664e-01 5.49955008e-01
6.48872090e-01 7.84368370e-01 5.58076844e-01
6.55873549e-01 7.87771986e-01 5.66232714e-01
6.62823414e-01 7.91197437e-01 5.74419216e-01
6.69723799e-01 7.94645100e-01 5.82631591e-01
6.76578383e-01 7.98114614e-01 5.90868083e-01
6.83390977e-01 8.01605469e-01 5.99127826e-01
6.90164306e-01 8.05117563e-01 6.07408701e-01
6.96900969e-01 8.08650789e-01 6.15708828e-01
7.03603444e-01 8.12205040e-01 6.24026541e-01
7.10274099e-01 8.15780209e-01 6.32360364e-01
7.16915192e-01 8.19376190e-01 6.40708991e-01
7.23528881e-01 8.22992880e-01 6.49071264e-01
7.30116387e-01 8.26630595e-01 6.57444486e-01
7.36679486e-01 8.30289354e-01 6.65827259e-01
7.43220859e-01 8.33968680e-01 6.74220294e-01
7.49742333e-01 8.37668482e-01 6.82622878e-01
7.56245529e-01 8.41388742e-01 6.91034096e-01
7.62729527e-01 8.45130749e-01 6.99447748e-01
7.69198502e-01 8.48893118e-01 7.07868634e-01
7.75654022e-01 8.52675776e-01 7.16296264e-01
7.82094267e-01 8.56480469e-01 7.24722705e-01
7.88523784e-01 8.60305502e-01 7.33154231e-01
7.94942551e-01 8.64151622e-01 7.41587078e-01
8.01351159e-01 8.68019252e-01 7.50018843e-01
8.07752601e-01 8.71907453e-01 7.58452761e-01
8.14145206e-01 8.75817907e-01 7.66881213e-01
8.20533406e-01 8.79748827e-01 7.75310953e-01
8.26914784e-01 8.83702339e-01 7.83732468e-01
8.33293808e-01 8.87676602e-01 7.92152687e-01
8.39668671e-01 8.91673415e-01 8.00563357e-01
8.46042624e-01 8.95691631e-01 8.08968403e-01
8.52415695e-01 8.99732002e-01 8.17363772e-01
8.58788800e-01 9.03794775e-01 8.25747405e-01
8.65164721e-01 9.07879085e-01 8.34121687e-01
8.71541566e-01 9.11986914e-01 8.42477139e-01
8.77923213e-01 9.16116779e-01 8.50818326e-01
8.84310619e-01 9.20268995e-01 8.59142194e-01
8.90702851e-01 9.24445081e-01 8.67440580e-01
8.97103568e-01 9.28643788e-01 8.75716242e-01
9.03513982e-01 9.32865420e-01 8.83965288e-01
9.09933287e-01 9.37111585e-01 8.92178344e-01
9.16364555e-01 9.41381566e-01 9.00354907e-01
9.22809167e-01 9.45675748e-01 9.08489705e-01
9.29267818e-01 9.49994997e-01 9.16575363e-01
9.35739480e-01 9.54341248e-01 9.24600513e-01
9.42225691e-01 9.58714835e-01 9.32560139e-01
9.48724965e-01 9.63117804e-01 9.40443818e-01
9.55233872e-01 9.67553073e-01 9.48240212e-01
9.61745405e-01 9.72025118e-01 9.55936569e-01
9.68249034e-01 9.76539547e-01 9.63522885e-01
9.74730133e-01 9.81102983e-01 9.70995305e-01
9.81168072e-01 9.85723763e-01 9.78356538e-01
9.87539056e-01 9.90410204e-01 9.85621976e-01
9.93820955e-01 9.95168441e-01 9.92822080e-01
1.00000000e+00 1.00000000e+00 1.00000000e+00
