0.000000000000000000e+00 0.000000000000000000e+00 0.000000000000000000e+00
2.112698280000000113e-04 2.362398739999999899e-04 3.005108710000000240e-04
7.152091389999999486e-04 8.226226479999999711e-04 1.086045220000000098e-03
1.447564390000000102e-03 1.711074130000000059e-03 2.335990310000000091e-03
2.374230110000000171e-03 2.882016130000000179e-03 4.055592260000000053e-03
3.470114849999999911e-03 4.324289480000000074e-03 6.256457990000000371e-03
4.714388709999999677e-03 6.030961169999999802e-03 8.953005389999999300e-03
6.088531809999999690e-03 7.997692770000000215e-03 1.216114239999999992e-02
7.575327070000000343e-03 1.022194880000000007e-02 1.589759940000000024e-02
9.158181439999999590e-03 1.270257659999999948e-02 2.017970540000000104e-02
1.082054260000000004e-02 1.543958569999999940e-02 2.502551620000000032e-02
1.254643199999999972e-02 1.843387490000000101e-02 3.045151570000000085e-02
1.431861599999999929e-02 2.168739650000000088e-02 3.647625029999999879e-02
1.612042500000000073e-02 2.520280290000000145e-02 4.302170889999999692e-02
1.793379980000000054e-02 2.898372199999999996e-02 4.959647939999999727e-02
1.973976629999999940e-02 3.303468209999999711e-02 5.615286829999999868e-02
2.151898860000000038e-02 3.736102630000000258e-02 6.269189980000000606e-02
2.325050099999999981e-02 4.192758709999999667e-02 6.921410790000000202e-02
2.491215180000000071e-02 4.648910679999999906e-02 7.571838190000000635e-02
2.648137279999999982e-02 5.103330930000000293e-02 8.220095539999999756e-02
2.793261439999999984e-02 5.556663579999999991e-02 8.865844759999999547e-02
2.924088329999999930e-02 6.009502290000000302e-02 9.508342250000000051e-02
3.037901969999999910e-02 6.462445519999999999e-02 1.014675460000000057e-01
3.131957810000000203e-02 6.916070320000000660e-02 1.077995620000000015e-01
3.203544839999999949e-02 7.370928379999999724e-02 1.140651470000000056e-01
3.249903159999999874e-02 7.827564809999999762e-02 1.202477899999999933e-01
3.268730799999999825e-02 8.286440379999999994e-02 1.263261210000000134e-01
3.258076669999999952e-02 8.747953790000000118e-02 1.322760289999999894e-01
3.216687559999999863e-02 9.212388879999999780e-02 1.380702679999999960e-01
3.144304199999999744e-02 9.679869250000000536e-02 1.436793050000000072e-01
3.041982669999999944e-02 1.015030759999999976e-01 1.490728229999999932e-01
2.912194190000000002e-02 1.062338919999999964e-01 1.542223769999999938e-01
2.758832550000000008e-02 1.109857040000000045e-01 1.591040960000000004e-01
2.587000360000000013e-02 1.157511219999999980e-01 1.637012379999999989e-01
2.402557409999999880e-02 1.205215480000000061e-01 1.680059479999999883e-01
2.211603170000000021e-02 1.252880399999999894e-01 1.720195820000000042e-01
2.019935169999999974e-02 1.300422220000000129e-01 1.757516829999999919e-01
1.832694129999999991e-02 1.347768980000000061e-01 1.792179429999999907e-01
1.654180189999999995e-02 1.394863670000000000e-01 1.824378710000000015e-01
1.487812560000000006e-02 1.441664900000000082e-01 1.854326340000000128e-01
1.336293310000000005e-02 1.488144120000000070e-01 1.882235829999999999e-01
1.201502060000000059e-02 1.534287139999999938e-01 1.908307190000000098e-01
1.084953739999999951e-02 1.580086360000000079e-01 1.932726899999999970e-01
9.876273959999999283e-03 1.625543359999999937e-01 1.955658610000000075e-01
9.102892979999999135e-03 1.670663400000000076e-01 1.977247839999999868e-01
8.534810630000000398e-03 1.715455429999999948e-01 1.997620430000000002e-01
8.175896320000000661e-03 1.759930869999999925e-01 2.016883949999999925e-01
8.029030430000000385e-03 1.804102579999999900e-01 2.035129519999999970e-01
8.097466719999999937e-03 1.847982659999999888e-01 2.052438179999999945e-01
8.382740799999999909e-03 1.891585769999999944e-01 2.068871870000000002e-01
8.887987090000000479e-03 1.934923799999999916e-01 2.084489569999999903e-01
9.615134029999999887e-03 1.978010490000000066e-01 2.099334039999999901e-01
1.056723239999999946e-02 2.020857630000000016e-01 2.113444299999999998e-01
1.174771779999999981e-02 2.063476350000000015e-01 2.126852730000000080e-01
1.316033179999999934e-02 2.105877339999999986e-01 2.139584740000000096e-01
1.480926540000000041e-02 2.148070639999999920e-01 2.151659880000000025e-01
1.669959390000000030e-02 2.190065039999999907e-01 2.163095260000000020e-01
1.883689579999999961e-02 2.231868760000000063e-01 2.173903160000000001e-01
2.122739150000000144e-02 2.273489310000000041e-01 2.184092039999999957e-01
2.387809150000000033e-02 2.314933339999999951e-01 2.193667890000000065e-01
2.679688289999999917e-02 2.356206499999999870e-01 2.202635320000000119e-01
2.999260860000000153e-02 2.397313409999999867e-01 2.210998849999999960e-01
3.347434970000000287e-02 2.438259020000000110e-01 2.218755010000000027e-01
3.725272279999999880e-02 2.479046279999999880e-01 2.225906669999999921e-01
4.131815380000000010e-02 2.519678570000000173e-01 2.232448770000000082e-01
4.546934309999999674e-02 2.560157739999999738e-01 2.238381100000000068e-01
4.968110170000000075e-02 2.600485880000000249e-01 2.243696579999999996e-01
5.395166540000000122e-02 2.640663440000000084e-01 2.248395699999999886e-01
5.827960360000000034e-02 2.680691490000000066e-01 2.252469420000000055e-01
6.266434849999999446e-02 2.720569869999999724e-01 2.255914039999999954e-01
6.710576370000000124e-02 2.760297870000000264e-01 2.258726420000000124e-01
7.160395690000000146e-02 2.799874860000000076e-01 2.260898749999999957e-01
7.615937220000000563e-02 2.839299450000000169e-01 2.262426090000000112e-01
8.077263269999999939e-02 2.878569819999999835e-01 2.263304349999999965e-01
8.544447119999999674e-02 2.917683850000000190e-01 2.263529119999999895e-01
9.017570739999999918e-02 2.956639240000000224e-01 2.263094330000000043e-01
9.496721149999999556e-02 2.995433270000000259e-01 2.261995639999999919e-01
9.981986569999999614e-02 3.034062980000000187e-01 2.260228999999999988e-01
1.047345410000000004e-01 3.072525139999999766e-01 2.257790699999999984e-01
1.097120770000000051e-01 3.110816339999999958e-01 2.254677360000000019e-01
1.147532700000000044e-01 3.148932950000000175e-01 2.250885980000000008e-01
1.198588550000000003e-01 3.186871199999999904e-01 2.246414190000000088e-01
1.250295080000000114e-01 3.224627190000000088e-01 2.241259690000000082e-01
1.302658419999999928e-01 3.262196889999999794e-01 2.235420439999999953e-01
1.355683870000000124e-01 3.299576180000000081e-01 2.228895100000000129e-01
1.409375959999999983e-01 3.336760830000000122e-01 2.221682739999999989e-01
1.463738420000000040e-01 3.373746599999999929e-01 2.213782830000000090e-01
1.518774190000000135e-01 3.410529159999999838e-01 2.205195239999999945e-01
1.574485409999999974e-01 3.447104180000000184e-01 2.195920239999999968e-01
1.630873469999999936e-01 3.483467319999999923e-01 2.185958490000000087e-01
1.687938850000000046e-01 3.519614220000000238e-01 2.175311239999999924e-01
1.745681570000000016e-01 3.555540560000000072e-01 2.163979560000000024e-01
1.804100869999999968e-01 3.591242040000000024e-01 2.151965050000000101e-01
1.863195290000000115e-01 3.626714369999999854e-01 2.139269639999999972e-01
1.922962749999999887e-01 3.661953350000000107e-01 2.125895519999999872e-01
1.983400600000000125e-01 3.696954789999999935e-01 2.111845129999999904e-01
2.044505610000000029e-01 3.731714609999999821e-01 2.097121140000000050e-01
2.106274049999999898e-01 3.766228759999999953e-01 2.081726389999999927e-01
2.168701690000000015e-01 3.800493289999999913e-01 2.065663919999999876e-01
2.231783870000000058e-01 3.834504320000000077e-01 2.048936909999999889e-01
2.295515509999999926e-01 3.868258070000000215e-01 2.031548629999999911e-01
2.359891000000000072e-01 3.901750860000000043e-01 2.013502739999999958e-01
2.424904689999999863e-01 3.934979080000000073e-01 1.994802410000000026e-01
2.490550519999999990e-01 3.967939209999999939e-01 1.975451069999999976e-01
2.556822080000000219e-01 4.000627869999999753e-01 1.955452199999999918e-01
2.623712730000000160e-01 4.033041740000000153e-01 1.934809299999999954e-01
2.691215590000000102e-01 4.065177649999999754e-01 1.913525829999999928e-01
2.759323559999999897e-01 4.097032500000000188e-01 1.891605179999999997e-01
2.828029380000000037e-01 4.128603339999999955e-01 1.869050680000000075e-01
2.897325640000000258e-01 4.159887270000000026e-01 1.845865489999999887e-01
2.967204820000000076e-01 4.190881559999999895e-01 1.822052640000000057e-01
3.037659200000000226e-01 4.221583549999999851e-01 1.797615079999999865e-01
3.108680979999999816e-01 4.251990709999999840e-01 1.772555620000000054e-01
3.180262249999999957e-01 4.282100629999999741e-01 1.746876860000000087e-01
3.252395020000000136e-01 4.311910999999999938e-01 1.720581250000000062e-01
3.325071230000000155e-01 4.341419639999999913e-01 1.693671019999999916e-01
3.398282759999999847e-01 4.370624459999999933e-01 1.666148199999999968e-01
3.472021730000000028e-01 4.399523430000000235e-01 1.638014110000000079e-01
3.546279669999999884e-01 4.428114770000000089e-01 1.609270770000000017e-01
3.621048299999999887e-01 4.456396730000000139e-01 1.579919599999999869e-01
3.696319290000000257e-01 4.484367710000000118e-01 1.549961830000000096e-01
3.772084279999999845e-01 4.512026210000000259e-01 1.519398530000000136e-01
3.848334840000000034e-01 4.539370859999999896e-01 1.488230650000000044e-01
3.925062539999999989e-01 4.566400409999999965e-01 1.456459039999999927e-01
4.002258850000000034e-01 4.593113739999999945e-01 1.424084539999999899e-01
4.079915199999999964e-01 4.619509849999999807e-01 1.391108020000000056e-01
4.158022980000000146e-01 4.645587880000000003e-01 1.357530530000000124e-01
4.236573459999999902e-01 4.671347120000000075e-01 1.323353389999999963e-01
4.315557850000000251e-01 4.696786980000000056e-01 1.288578350000000039e-01
4.394967399999999969e-01 4.721906980000000198e-01 1.253207570000000048e-01
4.474792919999999730e-01 4.746706920000000052e-01 1.217244670000000029e-01
4.555025160000000239e-01 4.771186709999999942e-01 1.180694350000000004e-01
4.635654730000000057e-01 4.795346469999999806e-01 1.143562919999999983e-01
4.716672069999999772e-01 4.819186469999999778e-01 1.105858829999999959e-01
4.798067569999999726e-01 4.842707159999999900e-01 1.067593079999999972e-01
4.879831290000000155e-01 4.865909210000000096e-01 1.028780380000000050e-01
4.961952689999999944e-01 4.888793659999999819e-01 9.894406370000000117e-02
5.044421049999999740e-01 4.911361759999999799e-01 9.495995100000000078e-02
5.127225199999999594e-01 4.933615049999999780e-01 9.092903569999999380e-02
5.210353490000000365e-01 4.955555449999999862e-01 8.685563409999999540e-02
5.293793690000000440e-01 4.977185230000000238e-01 8.274531070000000488e-02
5.377532940000000483e-01 4.998507099999999759e-01 7.860521880000000128e-02
5.461557639999999880e-01 5.019524239999999526e-01 7.444453169999999675e-02
5.545855520000000372e-01 5.040239490000000266e-01 7.027455489999999416e-02
5.630410510000000146e-01 5.060657400000000417e-01 6.611038549999999347e-02
5.715205180000000329e-01 5.080783330000000486e-01 6.197129669999999757e-02
5.800221770000000276e-01 5.100623039999999664e-01 5.788155080000000063e-02
5.885445369999999787e-01 5.120181329999999864e-01 5.387095120000000292e-02
5.970852840000000494e-01 5.139466790000000174e-01 4.997861519999999974e-02
6.056420300000000534e-01 5.158488690000000432e-01 4.625303089999999867e-02
6.142130380000000445e-01 5.177253739999999604e-01 4.275204430000000000e-02
6.227949609999999803e-01 5.195776229999999885e-01 3.953971240000000303e-02
6.313854410000000472e-01 5.214066410000000040e-01 3.676688470000000208e-02
6.399808609999999565e-01 5.232140779999999713e-01 3.455382640000000116e-02
6.485781779999999497e-01 5.250013679999999683e-01 3.294406169999999912e-02
6.571728829999999855e-01 5.267706989999999534e-01 3.198782759999999753e-02
6.657612349999999513e-01 5.285239520000000191e-01 3.173842489999999933e-02
6.743379779999999490e-01 5.302638210000000241e-01 3.225683900000000243e-02
6.828975729999999800e-01 5.319932259999999857e-01 3.361011819999999706e-02
6.914339579999999597e-01 5.337154419999999844e-01 3.587257690000000138e-02
6.999404809999999477e-01 5.354341400000000029e-01 3.912678130000000337e-02
7.084092039999999590e-01 5.371537730000000010e-01 4.335234329999999858e-02
7.168313589999999458e-01 5.388793649999999991e-01 4.837995820000000335e-02
7.251971630000000335e-01 5.406166209999999639e-01 5.415298799999999912e-02
7.334956390000000326e-01 5.423720549999999641e-01 6.060589579999999671e-02
7.417147130000000255e-01 5.441529550000000492e-01 6.767857839999999459e-02
7.498406739999999848e-01 5.459677189999999625e-01 7.531845099999999460e-02
7.578584409999999938e-01 5.478257380000000065e-01 8.348074010000000600e-02
7.657516610000000279e-01 5.497373650000000334e-01 9.212776050000000272e-02
7.735030090000000191e-01 5.517137570000000268e-01 1.012278249999999935e-01
7.810936630000000491e-01 5.537672310000000264e-01 1.107525240000000050e-01
7.885044490000000517e-01 5.559105869999999561e-01 1.206758629999999943e-01
7.957160620000000018e-01 5.581569800000000248e-01 1.309723180000000042e-01
8.027096799999999810e-01 5.605195539999999754e-01 1.416152980000000006e-01
8.094678140000000077e-01 5.630108919999999850e-01 1.525762479999999977e-01
8.159752710000000020e-01 5.656423659999999520e-01 1.638246839999999982e-01
8.222195939999999981e-01 5.684238360000000156e-01 1.753269679999999997e-01
8.281920820000000516e-01 5.713628849999999870e-01 1.870483269999999865e-01
8.338879649999999533e-01 5.744646380000000274e-01 1.989531419999999995e-01
8.393064449999999566e-01 5.777316660000000326e-01 2.110055020000000114e-01
8.444505879999999465e-01 5.811639579999999805e-01 2.231706840000000081e-01
8.493269009999999675e-01 5.847591300000000158e-01 2.354163910000000026e-01
8.539446790000000398e-01 5.885127639999999660e-01 2.477138349999999933e-01
8.583152419999999783e-01 5.924188660000000439e-01 2.600385570000000035e-01
8.624513649999999698e-01 5.964703529999999532e-01 2.723679019999999951e-01
8.663665759999999993e-01 6.006593630000000017e-01 2.846842110000000203e-01
8.700748889999999625e-01 6.049776230000000199e-01 2.969713569999999914e-01
8.735898260000000137e-01 6.094168170000000551e-01 3.092194999999999805e-01
8.769247890000000378e-01 6.139687109999999448e-01 3.214188689999999959e-01
8.800925080000000511e-01 6.186253550000000434e-01 3.335625779999999985e-01
8.831048249999999822e-01 6.233792369999999750e-01 3.456463579999999869e-01
8.859734000000000220e-01 6.282230920000000385e-01 3.576646929999999780e-01
8.887086539999999868e-01 6.331502709999999867e-01 3.696155580000000107e-01
8.913197409999999987e-01 6.381547899999999718e-01 3.814995030000000176e-01
8.938159770000000393e-01 6.432308199999999809e-01 3.933142439999999795e-01
8.962061260000000473e-01 6.483729259999999606e-01 4.050579329999999811e-01
8.984969200000000322e-01 6.535766219999999960e-01 4.167336660000000026e-01
9.006955949999999600e-01 6.588374179999999525e-01 4.283411109999999966e-01
9.028087380000000550e-01 6.641512400000000316e-01 4.398806060000000073e-01
9.048423100000000385e-01 6.695144069999999781e-01 4.513530680000000239e-01
9.068016779999999999e-01 6.749236170000000312e-01 4.627598989999999746e-01
9.086916409999999944e-01 6.803759150000000533e-01 4.741029090000000168e-01
9.105177020000000399e-01 6.858682090000000064e-01 4.853813120000000092e-01
9.122848049999999764e-01 6.913977380000000394e-01 4.965951189999999738e-01
9.139947940000000548e-01 6.969630239999999866e-01 5.077507439999999761e-01
9.156544260000000213e-01 7.025608269999999989e-01 5.188427279999999753e-01
9.172646660000000063e-01 7.081901900000000527e-01 5.298780520000000438e-01
9.188315929999999465e-01 7.138483140000000393e-01 5.408520850000000380e-01
9.203551810000000222e-01 7.195347699999999902e-01 5.517725900000000072e-01
9.218425340000000467e-01 7.252465350000000255e-01 5.626323619999999970e-01
9.232938880000000070e-01 7.309832179999999902e-01 5.734377410000000008e-01
9.247117910000000052e-01 7.367436200000000435e-01 5.841899630000000343e-01
9.260994590000000137e-01 7.425263570000000257e-01 5.948887499999999662e-01
9.274617200000000450e-01 7.483295180000000268e-01 6.055308099999999749e-01
9.287987930000000114e-01 7.541529219999999478e-01 6.161210339999999563e-01
9.301132829999999574e-01 7.599955600000000144e-01 6.266597010000000134e-01
9.314076740000000187e-01 7.658565139999999882e-01 6.371471600000000457e-01
9.326843430000000268e-01 7.717349420000000348e-01 6.475838160000000343e-01
9.339455660000000048e-01 7.776300809999999730e-01 6.579701199999999917e-01
9.351935279999999961e-01 7.835412309999999492e-01 6.683065599999999939e-01
9.364303349999999471e-01 7.894677559999999650e-01 6.785936500000000482e-01
9.376580239999999788e-01 7.954090740000000492e-01 6.888319250000000116e-01
9.388785710000000506e-01 8.013646519999999551e-01 6.990219269999999874e-01
9.400955450000000324e-01 8.073334439999999557e-01 7.091617580000000309e-01
9.413107899999999528e-01 8.133150239999999975e-01 7.192521400000000398e-01
9.425250830000000413e-01 8.193093449999999667e-01 7.292952510000000332e-01
9.437402660000000498e-01 8.253160210000000108e-01 7.392916179999999837e-01
9.449584460000000075e-01 8.313345939999999823e-01 7.492413559999999695e-01
9.461860399999999505e-01 8.373632159999999658e-01 7.591386500000000259e-01
9.474205639999999651e-01 8.434029950000000442e-01 7.689900819999999637e-01
9.486639180000000504e-01 8.494535979999999764e-01 7.787960250000000029e-01
9.499236479999999538e-01 8.555128939999999682e-01 7.885494039999999538e-01
9.511974970000000029e-01 8.615819399999999906e-01 7.982563160000000213e-01
9.524882630000000017e-01 8.676601680000000094e-01 8.079160880000000322e-01
9.538028259999999925e-01 8.737457400000000485e-01 8.175229659999999621e-01
9.551378270000000503e-01 8.798400720000000286e-01 8.270843890000000309e-01
9.565031269999999530e-01 8.859404279999999465e-01 8.365911740000000485e-01
9.578958229999999796e-01 8.920480790000000493e-01 8.460503299999999616e-01
9.593244779999999805e-01 8.981607339999999606e-01 8.554548650000000087e-01
9.607888310000000098e-01 9.042788269999999518e-01 8.648089190000000093e-01
9.622975419999999502e-01 9.104000509999999879e-01 8.741062710000000457e-01
9.638508709999999979e-01 9.165246299999999513e-01 8.833513809999999911e-01
9.654607069999999736e-01 9.226492229999999628e-01 8.925358930000000246e-01
9.671274130000000468e-01 9.287738420000000161e-01 9.016665759999999974e-01
9.688670689999999697e-01 9.348935980000000479e-01 9.107346160000000523e-01
9.706866680000000303e-01 9.410058319999999865e-01 9.197471769999999713e-01
9.726080320000000112e-01 9.471024510000000118e-01 9.287059789999999593e-01
9.746725950000000305e-01 9.531670909999999663e-01 9.376177070000000224e-01
9.769769440000000138e-01 9.591617159999999975e-01 9.464870260000000091e-01
9.797690100000000513e-01 9.650028750000000377e-01 9.551780229999999872e-01
9.832076560000000409e-01 9.706758330000000434e-01 9.632486810000000510e-01
9.868357700000000010e-01 9.763695449999999498e-01 9.706628379999999723e-01
9.903183020000000392e-01 9.821691249999999762e-01 9.778933069999999894e-01
9.936508899999999533e-01 9.880524790000000390e-01 9.851667509999999517e-01
9.968701939999999873e-01 9.939994859999999877e-01 9.925339499999999981e-01
1.000000000000000000e+00 1.000000000000000000e+00 1.000000000000000000e+00
