0.00000000 0.00000000 0.00000000
0.00021898 0.00017754 0.00025561
0.00076812 0.00060878 0.00092539
0.00160743 0.00124802 0.00199558
0.00272048 0.00207364 0.00347485
0.00409716 0.00307139 0.00537786
0.00573019 0.00423073 0.00772233
0.00761381 0.00554336 0.01052794
0.00974317 0.00700242 0.01381608
0.01211392 0.00860216 0.01760937
0.01472202 0.01033759 0.02193170
0.01756363 0.01220434 0.02680828
0.02063496 0.01419851 0.03226537
0.02393218 0.01631665 0.03833035
0.02745143 0.01855560 0.04481430
0.03118870 0.02091251 0.05131952
0.03513987 0.02338475 0.05785460
0.03930052 0.02596996 0.06442438
0.04354161 0.02866599 0.07103330
0.04771037 0.03147086 0.07768531
0.05181848 0.03438279 0.08438400
0.05586742 0.03740018 0.09113258
0.05985826 0.04052037 0.09793400
0.06379173 0.04361671 0.10479093
0.06766820 0.04667433 0.11170578
0.07148772 0.04969574 0.11868075
0.07525005 0.05268324 0.12571827
0.07895460 0.05563923 0.13281981
0.08260047 0.05856602 0.13998681
0.08618646 0.06146581 0.14722113
0.08971102 0.06434095 0.15452375
0.09317222 0.06719381 0.16189554
0.09656777 0.07002686 0.16933726
0.09989495 0.07284264 0.17684950
0.10315057 0.07564403 0.18443178
0.10633095 0.07843402 0.19208386
0.10943181 0.08121586 0.19980497
0.11244824 0.08399319 0.20759365
0.11537461 0.08677006 0.21544765
0.11820448 0.08955105 0.22336372
0.12093051 0.09234136 0.23133734
0.12354415 0.09514669 0.23936394
0.12603591 0.09797386 0.24743535
0.12839460 0.10083035 0.25554361
0.13060778 0.10372498 0.26367663
0.13266125 0.10666780 0.27181972
0.13453870 0.10967018 0.27995548
0.13622249 0.11274530 0.28805972
0.13769248 0.11590777 0.29610497
0.13892751 0.11917394 0.30405537
0.13990529 0.12256142 0.31186810
0.14060369 0.12608851 0.31949229
0.14100328 0.12977305 0.32686806
0.14108905 0.13363075 0.33392971
0.14085485 0.13767275 0.34060765
0.14030582 0.14190326 0.34683541
0.13946092 0.14631750 0.35255669
0.13835299 0.15090096 0.35773279
0.13702589 0.15563056 0.36234775
0.13552998 0.16047745 0.36640916
0.13391682 0.16541049 0.36994484
0.13223524 0.17039939 0.37299698
0.13052769 0.17541734 0.37561563
0.12883085 0.18044152 0.37785338
0.12717381 0.18545403 0.37976130
0.12557993 0.19044117 0.38138671
0.12406690 0.19539309 0.38277191
0.12264895 0.20030274 0.38395435
0.12133689 0.20516545 0.38496658
0.12013821 0.20997859 0.38583641
0.11905793 0.21474103 0.38658742
0.11810112 0.21945206 0.38724090
0.11726874 0.22411258 0.38781359
0.11656186 0.22872361 0.38832050
0.11598031 0.23328661 0.38877445
0.11552272 0.23780336 0.38918622
0.11518669 0.24227593 0.38956487
0.11497028 0.24670609 0.38991911
0.11486875 0.25109637 0.39025479
0.11487881 0.25544867 0.39057840
0.11499490 0.25976546 0.39089415
0.11521258 0.26404870 0.39120681
0.11552627 0.26830054 0.39151990
0.11592980 0.27252320 0.39183610
0.11641712 0.27671870 0.39215795
0.11698192 0.28088905 0.39248747
0.11761767 0.28503622 0.39282629
0.11831774 0.28916211 0.39317563
0.11907606 0.29326840 0.39353703
0.11988536 0.29735704 0.39391058
0.12073885 0.30142979 0.39429656
0.12163040 0.30548820 0.39469560
0.12255338 0.30953390 0.39510752
0.12350100 0.31356857 0.39553171
0.12446773 0.31759350 0.39596842
0.12544666 0.32161035 0.39641625
0.12643247 0.32562036 0.39687500
0.12741909 0.32962494 0.39734342
0.12840070 0.33362544 0.39782014
0.12937284 0.33762288 0.39830475
0.13032959 0.34161863 0.39879511
0.13126611 0.34561380 0.39928977
0.13217802 0.34960939 0.39978737
0.13306102 0.35360639 0.40028629
0.13391063 0.35760582 0.40078441
0.13472294 0.36160859 0.40127984
0.13549432 0.36561552 0.40177063
0.13622137 0.36962741 0.40225471
0.13690093 0.37364499 0.40272996
0.13753011 0.37766891 0.40319421
0.13810633 0.38169980 0.40364529
0.13862710 0.38573824 0.40408085
0.13909023 0.38978473 0.40449856
0.13949382 0.39383973 0.40489611
0.13983622 0.39790364 0.40527117
0.14011605 0.40197681 0.40562144
0.14033217 0.40605952 0.40594461
0.14048359 0.41015203 0.40623831
0.14056959 0.41425454 0.40650024
0.14058968 0.41836721 0.40672813
0.14054360 0.42249015 0.40691972
0.14043133 0.42662343 0.40707280
0.14025303 0.43076707 0.40718522
0.14000911 0.43492106 0.40725484
0.13970019 0.43908537 0.40727961
0.13932736 0.44325986 0.40725770
0.13889137 0.44744447 0.40718694
0.13839344 0.45163907 0.40706542
0.13783503 0.45584350 0.40689130
0.13721780 0.46005757 0.40666277
0.13654378 0.46428103 0.40637823
0.13581501 0.46851368 0.40603594
0.13503366 0.47275529 0.40563419
0.13420228 0.47700559 0.40517142
0.13332363 0.48126432 0.40464609
0.13240095 0.48553115 0.40405689
0.13143728 0.48980582 0.40340222
0.13043616 0.49408802 0.40268070
0.12940142 0.49837744 0.40189098
0.12833727 0.50267374 0.40103180
0.12724808 0.50697661 0.40010184
0.12613858 0.51128572 0.39909981
0.12501392 0.51560073 0.39802449
0.12387960 0.51992131 0.39687468
0.12274146 0.52424711 0.39564913
0.12160583 0.52857779 0.39434668
0.12047948 0.53291300 0.39296615
0.11936956 0.53725240 0.39150632
0.11828361 0.54159565 0.38996595
0.11722992 0.54594237 0.38834391
0.11621712 0.55029223 0.38663900
0.11525437 0.55464486 0.38485003
0.11435090 0.55899994 0.38297545
0.11351711 0.56335707 0.38101422
0.11276354 0.56771589 0.37896503
0.11210114 0.57207603 0.37682652
0.11154113 0.57643714 0.37459725
0.11109476 0.58079886 0.37227545
0.11077423 0.58516077 0.36985992
0.11059147 0.58952250 0.36734907
0.11055845 0.59388363 0.36474122
0.11068701 0.59824378 0.36203464
0.11098879 0.60260253 0.35922746
0.11147466 0.60695949 0.35631734
0.11215579 0.61131420 0.35330258
0.11304239 0.61566621 0.35018100
0.11414389 0.62001504 0.34695030
0.11546890 0.62436022 0.34360799
0.11702510 0.62870125 0.34015144
0.11881920 0.63303762 0.33657782
0.12085689 0.63736877 0.33288411
0.12314288 0.64169414 0.32906710
0.12568088 0.64601313 0.32512332
0.12847367 0.65032509 0.32104903
0.13152318 0.65462937 0.31684026
0.13483061 0.65892525 0.31249269
0.13839650 0.66321196 0.30800168
0.14222063 0.66748876 0.30336121
0.14630286 0.67175475 0.29856609
0.15064274 0.67600896 0.29361081
0.15523964 0.68025039 0.28848896
0.16009283 0.68447801 0.28319171
0.16520210 0.68869063 0.27771146
0.17056748 0.69288687 0.27204120
0.17618959 0.69706548 0.26616681
0.18206944 0.70122473 0.26008225
0.18820949 0.70536307 0.25377005
0.19461226 0.70947844 0.24722096
0.20128219 0.71356878 0.24041704
0.20822504 0.71763171 0.23333980
0.21544756 0.72166446 0.22597111
0.22295874 0.72566397 0.21828768
0.23076974 0.72962671 0.21026319
0.23889405 0.73354860 0.20186780
0.24734787 0.73742492 0.19306787
0.25615336 0.74125005 0.18381722
0.26533195 0.74501752 0.17407711
0.27491632 0.74871935 0.16378419
0.28493995 0.75234621 0.15288052
0.29544597 0.75588663 0.14129253
0.30648539 0.75932666 0.12894010
0.31811979 0.76264905 0.11573779
0.33041482 0.76583324 0.10162533
0.34343934 0.76885490 0.08660412
0.35725162 0.77168705 0.07085157
0.37185781 0.77430581 0.05501220
0.38716428 0.77669994 0.04072930
0.40291099 0.77888739 0.03174717
0.41868959 0.78092288 0.03109659
0.43407369 0.78288342 0.03903659
0.44876656 0.78484015 0.05342174
0.46265686 0.78683821 0.07027463
0.47574736 0.78890149 0.08773867
0.48811323 0.79103593 0.10501990
0.49983988 0.79324108 0.12182085
0.51101087 0.79551299 0.13805964
0.52170332 0.79784580 0.15374690
0.53197846 0.80023480 0.16891855
0.54189359 0.80267405 0.18363026
0.55148880 0.80516041 0.19792337
0.56080787 0.80768825 0.21185430
0.56987833 0.81025535 0.22545646
0.57873065 0.81285768 0.23877216
0.58738639 0.81549307 0.25183009
0.59586506 0.81815934 0.26465695
0.60418428 0.82085436 0.27727737
0.61235993 0.82357605 0.28971401
0.62040484 0.82632294 0.30198454
0.62832708 0.82909489 0.31409767
0.63614348 0.83188836 0.32608123
0.64385481 0.83470526 0.33792996
0.65147627 0.83754210 0.34966994
0.65901236 0.84039904 0.36130499
0.66646739 0.84327621 0.37283868
0.67385022 0.84617184 0.38428525
0.68116556 0.84908559 0.39565021
0.68841783 0.85201713 0.40693871
0.69561119 0.85496614 0.41815561
0.70274952 0.85793231 0.42930545
0.70983644 0.86091533 0.44039253
0.71687539 0.86391493 0.45142088
0.72386954 0.86693082 0.46239430
0.73082192 0.86996276 0.47331638
0.73773534 0.87301050 0.48419051
0.74461245 0.87607380 0.49501987
0.75145316 0.87915368 0.50580079
0.75826111 0.88224936 0.51653934
0.76503948 0.88536020 0.52724070
0.77178944 0.88848650 0.53790500
0.77850995 0.89162960 0.54852644
0.78520658 0.89478757 0.55911725
0.79187855 0.89796155 0.56967262
0.79852699 0.90115178 0.58019298
0.80515573 0.90435700 0.59068646
0.81176148 0.90757967 0.60114141
0.81835100 0.91081694 0.61157453
