1.113840100000000055e-01 2.669948999999999933e-02 1.899457599999999913e-01
1.163058399999999937e-01 2.843274000000000148e-02 1.959604100000000015e-01
1.212237099999999984e-01 3.017007999999999843e-02 2.020038500000000126e-01
1.261396499999999921e-01 3.190504999999999730e-02 2.080806099999999992e-01
1.310524499999999870e-01 3.363619000000000331e-02 2.141897200000000001e-01
1.359635499999999886e-01 3.535760000000000292e-02 2.203350299999999873e-01
1.408725600000000078e-01 3.706638999999999767e-02 2.265172599999999981e-01
1.457793799999999862e-01 3.875900000000000178e-02 2.327378900000000028e-01
1.506844999999999990e-01 4.043075000000000141e-02 2.389995699999999945e-01
1.555881000000000070e-01 4.203151000000000109e-02 2.453046799999999972e-01
1.604896399999999890e-01 4.356923000000000046e-02 2.516544000000000003e-01
1.653890000000000082e-01 4.504430000000000239e-02 2.580509599999999959e-01
1.702859300000000020e-01 4.645678000000000307e-02 2.644965699999999864e-01
1.751800299999999866e-01 4.780675999999999676e-02 2.709934500000000246e-01
1.800707400000000069e-01 4.909436999999999829e-02 2.775437900000000124e-01
1.849576199999999893e-01 5.031912000000000190e-02 2.841504000000000252e-01
1.898400799999999944e-01 5.148048999999999681e-02 2.908162499999999984e-01
1.947164700000000026e-01 5.258009999999999767e-02 2.975423899999999899e-01
1.995861800000000019e-01 5.361678000000000277e-02 3.043327000000000115e-01
2.044475099999999990e-01 5.459151000000000281e-02 3.111891900000000044e-01
2.092992200000000080e-01 5.550375999999999921e-02 3.181156399999999773e-01
2.141388200000000075e-01 5.635561000000000043e-02 3.251136700000000213e-01
2.189642099999999925e-01 5.714769000000000099e-02 3.321867199999999909e-01
2.237727399999999978e-01 5.788147999999999904e-02 3.393379400000000046e-01
2.285611200000000065e-01 5.855955000000000188e-02 3.465701199999999815e-01
2.333252700000000013e-01 5.918596999999999747e-02 3.538854900000000248e-01
2.380604000000000053e-01 5.976622000000000184e-02 3.612858899999999984e-01
2.427616999999999969e-01 6.030483999999999845e-02 3.687753300000000123e-01
2.474219300000000121e-01 6.081290999999999780e-02 3.763530900000000012e-01
2.520334399999999975e-01 6.130189999999999945e-02 3.840199200000000146e-01
2.565869499999999803e-01 6.178750000000000214e-02 3.917747100000000260e-01
2.610712199999999927e-01 6.229106999999999700e-02 3.996134599999999759e-01
2.654735300000000131e-01 6.283782999999999730e-02 4.075312899999999905e-01
2.697781799999999786e-01 6.346322999999999548e-02 4.155164199999999974e-01
2.739677300000000204e-01 6.420866000000000073e-02 4.235541400000000234e-01
2.780223600000000239e-01 6.512510999999999994e-02 4.316222900000000195e-01
2.819206699999999843e-01 6.627120000000000233e-02 4.396914299999999942e-01
2.856406699999999854e-01 6.771083999999999437e-02 4.477241599999999822e-01
2.891615300000000000e-01 6.950789999999999746e-02 4.556761500000000020e-01
2.924655299999999736e-01 7.171985999999999639e-02 4.634974800000000172e-01
2.955403500000000072e-01 7.438844999999999485e-02 4.711380700000000199e-01
2.983806199999999853e-01 7.753366999999999898e-02 4.785516599999999898e-01
3.009883199999999759e-01 8.115026999999999657e-02 4.857011700000000154e-01
3.033721099999999726e-01 8.520982000000000556e-02 4.925613500000000089e-01
3.055456200000000178e-01 8.966644000000000003e-02 4.991194400000000253e-01
3.075254900000000124e-01 9.446421000000000678e-02 5.053739499999999607e-01
3.093294899999999847e-01 9.954425000000000079e-02 5.113322799999999724e-01
3.109752499999999809e-01 1.048499700000000007e-01 5.170078399999999963e-01
3.124794900000000264e-01 1.103302399999999961e-01 5.224174600000000002e-01
3.138572600000000268e-01 1.159408900000000048e-01 5.275799599999999590e-01
3.151220299999999974e-01 1.216449799999999998e-01 5.325144600000000228e-01
3.162856800000000135e-01 1.274122400000000099e-01 5.372395300000000207e-01
3.173585400000000223e-01 1.332183899999999921e-01 5.417728299999999830e-01
3.183500100000000166e-01 1.390438599999999914e-01 5.461305400000000532e-01
3.192675600000000058e-01 1.448738199999999865e-01 5.503279500000000102e-01
3.201185200000000175e-01 1.506961699999999904e-01 5.543786200000000441e-01
3.209085700000000041e-01 1.565021400000000118e-01 5.582951499999999623e-01
3.216431499999999888e-01 1.622847600000000001e-01 5.620887700000000153e-01
3.223270100000000249e-01 1.680388300000000001e-01 5.657697099999999812e-01
3.229642899999999872e-01 1.737605899999999925e-01 5.693472000000000532e-01
3.235586400000000085e-01 1.794473699999999949e-01 5.728296299999999786e-01
3.241132500000000194e-01 1.850973900000000005e-01 5.762245799999999862e-01
3.246310900000000110e-01 1.907095000000000040e-01 5.795389300000000077e-01
3.251151999999999931e-01 1.962827500000000058e-01 5.827789399999999675e-01
3.255673099999999986e-01 2.018174000000000079e-01 5.859502800000000455e-01
3.259902900000000159e-01 2.073130400000000040e-01 5.890581900000000370e-01
3.263854500000000214e-01 2.127704699999999893e-01 5.921073500000000323e-01
3.267551699999999837e-01 2.181898200000000065e-01 5.951021600000000467e-01
3.271007799999999799e-01 2.235719899999999982e-01 5.980465700000000551e-01
3.274237199999999737e-01 2.289177900000000099e-01 6.009442299999999682e-01
3.277254600000000240e-01 2.342280499999999932e-01 6.037984899999999655e-01
3.280075299999999916e-01 2.395035000000000081e-01 6.066125100000000492e-01
3.282708599999999977e-01 2.447452900000000042e-01 6.093890899999999666e-01
3.285165500000000183e-01 2.499543899999999985e-01 6.121308699999999936e-01
3.287456200000000162e-01 2.551318000000000197e-01 6.148403000000000063e-01
3.289590099999999961e-01 2.602785100000000185e-01 6.175196299999999860e-01
3.291575999999999946e-01 2.653955399999999853e-01 6.201709600000000489e-01
3.293421899999999791e-01 2.704838800000000099e-01 6.227962200000000115e-01
3.295135200000000042e-01 2.755445100000000203e-01 6.253972199999999759e-01
3.296722999999999737e-01 2.805784199999999950e-01 6.279756399999999461e-01
3.298193500000000111e-01 2.855864599999999864e-01 6.305330700000000288e-01
3.299551099999999959e-01 2.905696600000000074e-01 6.330709100000000422e-01
3.300801300000000271e-01 2.955289600000000072e-01 6.355905200000000477e-01
3.301949200000000029e-01 3.004652400000000223e-01 6.380931300000000084e-01
3.303000200000000275e-01 3.053793699999999833e-01 6.405799199999999693e-01
3.303961100000000206e-01 3.102720900000000004e-01 6.430520499999999862e-01
3.304833600000000038e-01 3.151443600000000123e-01 6.455104400000000187e-01
3.305621699999999885e-01 3.199969899999999812e-01 6.479560199999999659e-01
3.306331299999999973e-01 3.248306599999999933e-01 6.503897499999999887e-01
3.306964900000000096e-01 3.296462000000000003e-01 6.528123900000000202e-01
3.307524900000000101e-01 3.344443799999999856e-01 6.552246499999999640e-01
3.308016799999999868e-01 3.392258400000000007e-01 6.576273099999999650e-01
3.308441899999999825e-01 3.439913399999999788e-01 6.600209500000000507e-01
3.308802900000000213e-01 3.487415799999999955e-01 6.624061599999999661e-01
3.309104399999999724e-01 3.534771299999999727e-01 6.647835600000000511e-01
3.309346699999999863e-01 3.581987500000000102e-01 6.671535499999999841e-01
3.309534000000000087e-01 3.629069699999999954e-01 6.695166500000000465e-01
3.309667700000000212e-01 3.676024500000000250e-01 6.718732499999999774e-01
3.309750100000000139e-01 3.722857700000000158e-01 6.742237199999999708e-01
3.309784199999999954e-01 3.769574800000000114e-01 6.765684100000000090e-01
3.309771000000000241e-01 3.816181900000000238e-01 6.789075799999999550e-01
3.309713899999999764e-01 3.862683800000000223e-01 6.812415499999999735e-01
3.309613699999999770e-01 3.909086199999999844e-01 6.835704900000000306e-01
3.309473800000000132e-01 3.955393899999999907e-01 6.858946299999999496e-01
3.309295199999999770e-01 4.001612199999999842e-01 6.882141000000000508e-01
3.309080699999999986e-01 4.047745500000000107e-01 6.905290400000000384e-01
3.308832199999999779e-01 4.093798699999999791e-01 6.928395400000000315e-01
3.308552100000000107e-01 4.139776399999999801e-01 6.951456599999999986e-01
3.308242800000000261e-01 4.185682800000000148e-01 6.974474299999999793e-01
3.307906600000000141e-01 4.231522200000000233e-01 6.997448499999999738e-01
3.307546299999999939e-01 4.277298700000000120e-01 7.020378900000000533e-01
3.307164699999999846e-01 4.323016399999999870e-01 7.043264999999999665e-01
3.306764700000000001e-01 4.368678999999999757e-01 7.066105700000000489e-01
3.306349699999999725e-01 4.414290200000000053e-01 7.088899899999999699e-01
3.305922600000000267e-01 4.459853799999999868e-01 7.111646099999999748e-01
3.305488200000000210e-01 4.505372799999999844e-01 7.134342700000000370e-01
3.305049099999999851e-01 4.550851100000000149e-01 7.156987099999999602e-01
3.304611499999999813e-01 4.596291299999999969e-01 7.179577600000000004e-01
3.304178099999999785e-01 4.641697100000000131e-01 7.202110800000000035e-01
3.303756099999999862e-01 4.687070700000000034e-01 7.224584299999999848e-01
3.303349899999999950e-01 4.732415400000000161e-01 7.246994500000000228e-01
3.302966299999999800e-01 4.777733499999999855e-01 7.269337799999999739e-01
3.302612400000000115e-01 4.823027599999999970e-01 7.291610499999999773e-01
3.302294199999999957e-01 4.868300300000000247e-01 7.313807900000000028e-01
3.302021900000000065e-01 4.913553099999999896e-01 7.335926200000000286e-01
3.301802099999999740e-01 4.958788900000000166e-01 7.357959699999999659e-01
3.301645599999999958e-01 5.004009099999999766e-01 7.379903599999999564e-01
3.301564000000000165e-01 5.049215000000000231e-01 7.401752900000000412e-01
3.301565200000000089e-01 5.094409399999999533e-01 7.423500100000000046e-01
3.301664799999999844e-01 5.139592400000000394e-01 7.445140500000000383e-01
3.301876300000000097e-01 5.184765399999999858e-01 7.466667299999999452e-01
3.302211199999999791e-01 5.229930299999999699e-01 7.488072300000000459e-01
3.302688100000000238e-01 5.275087000000000526e-01 7.509349300000000005e-01
3.303324499999999997e-01 5.320236099999999801e-01 7.530490499999999976e-01
3.304138500000000089e-01 5.365377999999999536e-01 7.551487700000000247e-01
3.305148299999999817e-01 5.410513599999999812e-01 7.572331199999999818e-01
3.306378200000000267e-01 5.455641900000000044e-01 7.593013199999999463e-01
3.307852000000000015e-01 5.500762700000000338e-01 7.613524299999999689e-01
3.309595100000000123e-01 5.545875300000000507e-01 7.633854399999999707e-01
3.311635299999999837e-01 5.590978699999999968e-01 7.653993399999999836e-01
3.314001999999999781e-01 5.636071900000000356e-01 7.673930199999999813e-01
3.316726799999999975e-01 5.681153500000000189e-01 7.693653200000000192e-01
3.319845699999999789e-01 5.726221099999999620e-01 7.713151299999999599e-01
3.323396200000000023e-01 5.771272499999999805e-01 7.732412400000000519e-01
3.327418600000000004e-01 5.816304799999999497e-01 7.751423699999999695e-01
3.331956200000000257e-01 5.861315000000000275e-01 7.770172199999999529e-01
3.337055600000000122e-01 5.906299400000000199e-01 7.788644300000000520e-01
3.342766200000000243e-01 5.951254000000000266e-01 7.806825499999999751e-01
3.349140600000000134e-01 5.996174300000000068e-01 7.824700999999999462e-01
3.356237200000000143e-01 6.041054700000000333e-01 7.842256399999999461e-01
3.364117099999999749e-01 6.085889399999999672e-01 7.859476499999999977e-01
3.372845700000000058e-01 6.130671600000000554e-01 7.876345900000000233e-01
3.382491000000000247e-01 6.175394600000000400e-01 7.892847699999999689e-01
3.393124900000000221e-01 6.220050700000000488e-01 7.908964299999999836e-01
3.404828599999999983e-01 6.264630199999999816e-01 7.924681999999999560e-01
3.417681499999999928e-01 6.309124200000000293e-01 7.939982100000000376e-01
3.431770499999999835e-01 6.353522000000000336e-01 7.954848399999999708e-01
3.447187199999999785e-01 6.397811799999999494e-01 7.969265500000000113e-01
3.464024900000000073e-01 6.441981700000000144e-01 7.983216199999999541e-01
3.482382800000000111e-01 6.486017699999999664e-01 7.996685999999999517e-01
3.502363900000000085e-01 6.529905000000000292e-01 8.009662100000000118e-01
3.524069599999999913e-01 6.573628900000000330e-01 8.022127300000000405e-01
3.547609400000000246e-01 6.617171499999999762e-01 8.034074199999999832e-01
3.573090500000000169e-01 6.660515299999999472e-01 8.045493000000000228e-01
3.600620500000000224e-01 6.703641200000000078e-01 8.056376899999999619e-01
3.630305099999999729e-01 6.746529599999999682e-01 8.066722600000000298e-01
3.662247299999999983e-01 6.789159799999999745e-01 8.076529799999999648e-01
3.696544900000000022e-01 6.831510299999999924e-01 8.085805000000000353e-01
3.733287900000000215e-01 6.873559399999999986e-01 8.094558299999999873e-01
3.772556499999999979e-01 6.915285399999999694e-01 8.102805699999999778e-01
3.814417900000000028e-01 6.956666799999999817e-01 8.110570099999999671e-01
3.858924300000000085e-01 6.997682899999999595e-01 8.117881399999999914e-01
3.906109400000000176e-01 7.038314100000000462e-01 8.124776799999999799e-01
3.955986699999999856e-01 7.078542799999999469e-01 8.131300799999999773e-01
4.008547299999999924e-01 7.118353699999999673e-01 8.137504800000000538e-01
4.063758399999999882e-01 7.157734300000000438e-01 8.143447400000000114e-01
4.121562599999999965e-01 7.196675599999999839e-01 8.149193300000000528e-01
4.181878299999999826e-01 7.235172199999999609e-01 8.154812000000000172e-01
4.244601399999999858e-01 7.273222799999999877e-01 8.160376099999999688e-01
4.309606899999999796e-01 7.310830400000000173e-01 8.165960599999999570e-01
4.376751999999999865e-01 7.348002000000000145e-01 8.171640700000000201e-01
4.445879899999999885e-01 7.384748500000000160e-01 8.177490299999999879e-01
4.516823600000000050e-01 7.421084500000000306e-01 8.183580599999999983e-01
4.589410500000000170e-01 7.457027899999999487e-01 8.189978300000000377e-01
4.663466199999999895e-01 7.492598999999999787e-01 8.196744599999999936e-01
4.738818799999999776e-01 7.527820299999999909e-01 8.203934099999999896e-01
4.815302499999999930e-01 7.562715399999999644e-01 8.211594399999999627e-01
4.892755899999999825e-01 7.597309399999999657e-01 8.219768400000000419e-01
4.971025499999999764e-01 7.631628200000000195e-01 8.228494200000000536e-01
5.049980499999999761e-01 7.665695799999999727e-01 8.237793500000000213e-01
5.129481500000000471e-01 7.699539100000000191e-01 8.247698300000000371e-01
5.209421300000000032e-01 7.733180899999999580e-01 8.258219100000000479e-01
5.289695899999999895e-01 7.766644999999999799e-01 8.269368499999999456e-01
5.370208100000000151e-01 7.799954399999999843e-01 8.281158100000000077e-01
5.450874300000000394e-01 7.833130999999999844e-01 8.293593299999999502e-01
5.531627000000000072e-01 7.866194300000000084e-01 8.306672699999999576e-01
5.612403799999999832e-01 7.899163300000000554e-01 8.320394800000000535e-01
5.693144599999999667e-01 7.932057200000000030e-01 8.334760199999999841e-01
5.773805699999999819e-01 7.964892199999999978e-01 8.349761799999999567e-01
5.854352000000000444e-01 7.997683199999999770e-01 8.365390200000000220e-01
5.934751999999999805e-01 8.030444399999999705e-01 8.381636599999999770e-01
6.014960000000000306e-01 8.063192999999999611e-01 8.398503000000000496e-01
6.094977999999999785e-01 8.095936599999999927e-01 8.415964900000000304e-01
6.174759399999999454e-01 8.128692699999999771e-01 8.434029100000000057e-01
6.254312400000000549e-01 8.161467500000000319e-01 8.452671499999999671e-01
6.333613200000000054e-01 8.194273600000000490e-01 8.471888800000000330e-01
6.412648300000000079e-01 8.227121600000000257e-01 8.491673100000000085e-01
6.491419299999999781e-01 8.260018599999999767e-01 8.512009099999999773e-01
6.569919199999999515e-01 8.292973399999999939e-01 8.532887900000000192e-01
6.648142900000000299e-01 8.325994199999999790e-01 8.554300599999999921e-01
6.726087800000000172e-01 8.359088700000000260e-01 8.576237799999999467e-01
6.803752899999999659e-01 8.392263899999999888e-01 8.598690500000000236e-01
6.881138700000000163e-01 8.425526500000000141e-01 8.621649200000000013e-01
6.958247100000000129e-01 8.458882399999999580e-01 8.645104900000000203e-01
7.035081399999999485e-01 8.492337399999999592e-01 8.669048299999999596e-01
7.111645500000000064e-01 8.525896600000000269e-01 8.693470599999999493e-01
7.187944600000000239e-01 8.559565000000000090e-01 8.718362699999999688e-01
7.263974199999999604e-01 8.593349599999999811e-01 8.743721300000000252e-01
7.339740500000000445e-01 8.627254800000000445e-01 8.769537800000000161e-01
7.415257800000000232e-01 8.661282500000000439e-01 8.795800099999999677e-01
7.490521599999999669e-01 8.695439600000000047e-01 8.822505899999999457e-01
7.565536000000000483e-01 8.729730599999999674e-01 8.849649099999999935e-01
7.640318699999999463e-01 8.764155900000000221e-01 8.877217099999999972e-01
7.714852700000000008e-01 8.798725800000000152e-01 8.905214700000000372e-01
7.789169200000000126e-01 8.833436500000000358e-01 8.933623299999999823e-01
7.863247199999999770e-01 8.868299200000000493e-01 8.962450100000000086e-01
7.937114499999999850e-01 8.903311099999999811e-01 8.991678899999999697e-01
8.010762099999999553e-01 8.938479599999999969e-01 9.021311400000000535e-01
8.084198799999999796e-01 8.973807000000000311e-01 9.051341000000000525e-01
8.157437899999999686e-01 9.009294300000000311e-01 9.081759299999999646e-01
8.230467000000000199e-01 9.044949700000000092e-01 9.112569700000000550e-01
8.303302299999999470e-01 9.080773100000000264e-01 9.143762899999999805e-01
8.375951000000000368e-01 9.116766899999999563e-01 9.175333700000000148e-01
8.448414499999999938e-01 9.152935100000000324e-01 9.207279699999999512e-01
8.520686400000000438e-01 9.189284100000000288e-01 9.239602199999999987e-01
8.592782399999999710e-01 9.225813499999999667e-01 9.272292500000000048e-01
8.664705400000000113e-01 9.262526700000000002e-01 9.305347699999999556e-01
8.736458200000000174e-01 9.299427000000000110e-01 9.338765399999999772e-01
8.808043399999999634e-01 9.336517899999999814e-01 9.372542999999999846e-01
8.879463499999999954e-01 9.373802799999999547e-01 9.406677900000000037e-01
8.950718899999999811e-01 9.411285600000000029e-01 9.441168899999999864e-01
9.021811600000000375e-01 9.448969900000000477e-01 9.476013500000000089e-01
9.092746200000000334e-01 9.486858200000000130e-01 9.511208599999999569e-01
9.163523700000000272e-01 9.524954300000000318e-01 9.546752299999999858e-01
9.234145000000000270e-01 9.563262000000000151e-01 9.582642999999999578e-01
9.304610100000000328e-01 9.601785099999999851e-01 9.618878899999999676e-01
9.374918800000000552e-01 9.640527899999999928e-01 9.655458700000000283e-01
9.445069799999999960e-01 9.679494899999999680e-01 9.692380999999999913e-01
9.515059000000000156e-01 9.718691299999999700e-01 9.729645599999999783e-01
9.584882900000000205e-01 9.758122599999999869e-01 9.767251599999999812e-01
9.654538900000000368e-01 9.797793799999999775e-01 9.805197300000000338e-01
9.724020799999999465e-01 9.837711000000000094e-01 9.843482000000000065e-01
9.793320699999999990e-01 9.877881299999999865e-01 9.882105100000000419e-01
9.862427700000000463e-01 9.918312799999999818e-01 9.921065999999999496e-01
9.931327199999999689e-01 9.959015199999999846e-01 9.960364299999999727e-01
1.000000000000000000e+00 1.000000000000000000e+00 1.000000000000000000e+00
9.965127900000000372e-01 9.945726700000000475e-01 9.960533000000000303e-01
9.929533400000000176e-01 9.891968899999999953e-01 9.921196700000000090e-01
9.893243499999999635e-01 9.838692900000000074e-01 9.882215600000000544e-01
9.856371000000000437e-01 9.785829600000000017e-01 9.843820500000000084e-01
9.819082999999999561e-01 9.733293800000000218e-01 9.806186599999999753e-01
9.781597899999999735e-01 9.680986299999999600e-01 9.769420300000000168e-01
9.744150700000000498e-01 9.628807600000000022e-01 9.733560300000000387e-01
9.706929899999999778e-01 9.576684899999999834e-01 9.698562400000000361e-01
9.670084500000000194e-01 9.524563799999999913e-01 9.664351300000000311e-01
9.633724399999999966e-01 9.472405400000000197e-01 9.630849700000000402e-01
9.597896799999999784e-01 9.420197999999999627e-01 9.597957000000000294e-01
9.562634399999999646e-01 9.367932500000000218e-01 9.565603099999999692e-01
9.527944299999999700e-01 9.315609299999999537e-01 9.533724700000000274e-01
9.493811399999999567e-01 9.263237399999999511e-01 9.502260700000000337e-01
9.460236499999999937e-01 9.210815399999999764e-01 9.471187599999999485e-01
9.427186499999999914e-01 9.158358699999999963e-01 9.440455899999999900e-01
9.394651800000000108e-01 9.105868900000000377e-01 9.410051200000000282e-01
9.362609499999999807e-01 9.053354700000000310e-01 9.379949499999999940e-01
9.331040200000000340e-01 9.000822099999999937e-01 9.350134100000000448e-01
9.299932600000000438e-01 8.948273199999999816e-01 9.320598399999999728e-01
9.269261399999999540e-01 8.895716999999999652e-01 9.291322199999999532e-01
9.239024900000000207e-01 8.843150199999999517e-01 9.262310400000000055e-01
9.209194899999999517e-01 8.790583699999999778e-01 9.233540199999999976e-01
9.179776299999999889e-01 8.738010499999999681e-01 9.205022899999999453e-01
9.150740400000000330e-01 8.685441900000000492e-01 9.176735200000000203e-01
9.122095300000000462e-01 8.632869499999999974e-01 9.148690200000000328e-01
9.093814999999999538e-01 8.580303200000000130e-01 9.120867000000000280e-01
9.065906200000000137e-01 8.527735300000000018e-01 9.093276599999999821e-01
9.038349300000000364e-01 8.475172600000000500e-01 9.065903499999999893e-01
9.011145299999999692e-01 8.422610400000000164e-01 9.038752199999999792e-01
8.984284900000000240e-01 8.370049999999999990e-01 9.011816599999999955e-01
8.957758700000000296e-01 8.317492499999999955e-01 8.985090599999999705e-01
8.931571999999999845e-01 8.264931399999999595e-01 8.958581199999999800e-01
8.905704399999999632e-01 8.212373600000000273e-01 8.932271400000000305e-01
8.880167300000000319e-01 8.159809399999999879e-01 8.906173400000000351e-01
8.854945400000000522e-01 8.107243100000000036e-01 8.880274400000000012e-01
8.830032700000000068e-01 8.054674299999999842e-01 8.854570099999999888e-01
8.805440199999999829e-01 8.002092800000000228e-01 8.829071600000000242e-01
8.781148300000000129e-01 7.949505900000000125e-01 8.803761399999999737e-01
8.757156699999999461e-01 7.896909800000000423e-01 8.778639900000000384e-01
8.733473699999999562e-01 7.844295799999999597e-01 8.753714999999999691e-01
8.710082500000000394e-01 7.791669399999999746e-01 8.728971599999999498e-01
8.686980800000000391e-01 7.739028000000000018e-01 8.704407699999999748e-01
8.664178300000000554e-01 7.686362100000000419e-01 8.680031599999999958e-01
8.641662700000000141e-01 7.633674499999999474e-01 8.655832300000000368e-01
8.619429499999999855e-01 7.580963899999999533e-01 8.631805000000000172e-01
8.597476600000000246e-01 7.528227100000000060e-01 8.607947599999999921e-01
8.575812099999999827e-01 7.475455399999999528e-01 8.584266099999999788e-01
8.554425399999999735e-01 7.422650699999999713e-01 8.560750599999999988e-01
8.533312899999999646e-01 7.369810700000000159e-01 8.537396699999999505e-01
8.512472899999999898e-01 7.316932099999999828e-01 8.514201900000000212e-01
8.491903600000000329e-01 7.264011400000000007e-01 8.491163299999999747e-01
8.471605800000000519e-01 7.211043999999999787e-01 8.468280099999999644e-01
8.451579999999999648e-01 7.158024699999999685e-01 8.445551199999999925e-01
8.431819299999999684e-01 7.104953000000000518e-01 8.422969000000000150e-01
8.412321900000000463e-01 7.051825400000000243e-01 8.400530099999999889e-01
8.393086300000000000e-01 6.998638000000000359e-01 8.378231200000000323e-01
8.374110900000000246e-01 6.945386900000000141e-01 8.356068899999999910e-01
8.355393899999999929e-01 6.892068199999999978e-01 8.334039500000000045e-01
8.336933800000000394e-01 6.838677800000000362e-01 8.312138999999999500e-01
8.318728699999999865e-01 6.785211599999999565e-01 8.290363600000000277e-01
8.300777000000000294e-01 6.731665500000000302e-01 8.268709100000000145e-01
8.283076900000000409e-01 6.678035300000000341e-01 8.247170999999999808e-01
8.265626400000000151e-01 6.624316500000000385e-01 8.225744799999999968e-01
8.248423799999999861e-01 6.570504999999999818e-01 8.204425499999999927e-01
8.231467000000000089e-01 6.516596199999999950e-01 8.183208299999999991e-01
8.214753900000000275e-01 6.462585699999999767e-01 8.162087700000000279e-01
8.198283100000000045e-01 6.408468299999999784e-01 8.141058799999999485e-01
8.182060199999999783e-01 6.354234600000000510e-01 8.120121700000000331e-01
8.166075400000000206e-01 6.299884399999999829e-01 8.099264699999999539e-01
8.150326300000000357e-01 6.245413100000000162e-01 8.078481100000000081e-01
8.134810199999999991e-01 6.190815800000000202e-01 8.057764200000000487e-01
8.119529500000000066e-01 6.136084499999999720e-01 8.037110699999999719e-01
8.104487200000000113e-01 6.081210200000000121e-01 8.016517499999999963e-01
8.089670500000000208e-01 6.026194400000000062e-01 7.995969400000000338e-01
8.075078399999999768e-01 5.971030699999999580e-01 7.975459700000000485e-01
8.060723600000000433e-01 5.915703100000000436e-01 7.954991300000000543e-01
8.046585400000000332e-01 5.860218099999999763e-01 7.934542599999999668e-01
8.032673299999999461e-01 5.804561599999999988e-01 7.914113499999999579e-01
8.018981800000000160e-01 5.748729200000000095e-01 7.893692500000000223e-01
8.005506599999999695e-01 5.692715900000000495e-01 7.873268799999999512e-01
7.992250499999999924e-01 5.636511300000000002e-01 7.852836199999999600e-01
7.979206699999999985e-01 5.580111500000000113e-01 7.832381200000000376e-01
7.966372699999999529e-01 5.523509599999999464e-01 7.811892900000000362e-01
7.953753000000000073e-01 5.466693099999999639e-01 7.791364699999999699e-01
7.941332599999999520e-01 5.409663500000000402e-01 7.770776200000000244e-01
7.929119700000000215e-01 5.352405399999999869e-01 7.750122000000000400e-01
7.917109700000000139e-01 5.294912099999999899e-01 7.729387500000000077e-01
7.905293599999999588e-01 5.237180099999999561e-01 7.708554899999999765e-01
7.893669700000000011e-01 5.179200400000000259e-01 7.687610299999999564e-01
7.882235600000000453e-01 5.120964000000000071e-01 7.666538499999999701e-01
7.870993099999999965e-01 5.062458499999999972e-01 7.645326300000000463e-01
7.859932699999999661e-01 5.003679800000000455e-01 7.623952499999999688e-01
7.849049799999999744e-01 4.944619800000000231e-01 7.602398299999999498e-01
7.838339899999999805e-01 4.885270299999999732e-01 7.580643900000000324e-01
7.827797600000000466e-01 4.825622999999999996e-01 7.558668299999999896e-01
7.817421900000000035e-01 4.765666299999999911e-01 7.536451400000000467e-01
7.807205200000000289e-01 4.705393199999999831e-01 7.513968600000000553e-01
7.797138000000000124e-01 4.644798500000000274e-01 7.491193200000000330e-01
7.787211600000000233e-01 4.583875700000000220e-01 7.468097999999999681e-01
7.777424899999999530e-01 4.522611999999999743e-01 7.444657999999999554e-01
7.767768900000000531e-01 4.461000800000000099e-01 7.420842800000000405e-01
7.758226900000000370e-01 4.399042200000000125e-01 7.396617300000000172e-01
7.748802700000000376e-01 4.336717999999999962e-01 7.371953999999999452e-01
7.739472899999999544e-01 4.274034099999999836e-01 7.346811899999999840e-01
7.730230700000000343e-01 4.210981500000000044e-01 7.321155599999999986e-01
7.721068100000000323e-01 4.147552299999999748e-01 7.294947299999999801e-01
7.711963899999999539e-01 4.083750500000000172e-01 7.268142199999999553e-01
7.702904299999999704e-01 4.019573699999999805e-01 7.240697000000000383e-01
7.693873500000000254e-01 3.955021799999999810e-01 7.212565499999999963e-01
7.684853000000000378e-01 3.890097299999999980e-01 7.183698899999999554e-01
7.675821699999999526e-01 3.824806000000000039e-01 7.154045900000000069e-01
7.666756000000000126e-01 3.759156699999999796e-01 7.123553000000000246e-01
7.657629799999999820e-01 3.693161999999999834e-01 7.092164499999999983e-01
7.648425500000000099e-01 3.626826499999999953e-01 7.059824799999999678e-01
7.639100800000000469e-01 3.560181499999999777e-01 7.026472700000000460e-01
7.629633300000000506e-01 3.493239699999999837e-01 6.992049399999999970e-01
7.619979900000000139e-01 3.426037000000000110e-01 6.956493200000000154e-01
7.610109699999999533e-01 3.358599099999999837e-01 6.919743499999999603e-01
7.599980100000000016e-01 3.290966200000000064e-01 6.881739300000000448e-01
7.589546499999999529e-01 3.223184099999999996e-01 6.842421800000000331e-01
7.578763499999999764e-01 3.155302500000000121e-01 6.801734200000000286e-01
7.567582600000000159e-01 3.087378199999999961e-01 6.759623700000000346e-01
7.555953899999999779e-01 3.019473400000000085e-01 6.716041799999999951e-01
7.543828399999999990e-01 2.951653699999999825e-01 6.670945499999999528e-01
7.531149000000000315e-01 2.883997899999999892e-01 6.624301200000000112e-01
7.517864899999999739e-01 2.816582200000000147e-01 6.576081900000000369e-01
7.503923900000000202e-01 2.749488700000000119e-01 6.526271099999999548e-01
7.489275600000000477e-01 2.682801899999999740e-01 6.474862700000000304e-01
7.473870500000000527e-01 2.616608899999999793e-01 6.421862799999999982e-01
7.457665900000000070e-01 2.550992799999999838e-01 6.367287200000000258e-01
7.440620599999999696e-01 2.486037600000000070e-01 6.311165100000000194e-01
7.422699099999999772e-01 2.421823399999999959e-01 6.253536699999999726e-01
7.403872000000000231e-01 2.358424399999999865e-01 6.194452299999999578e-01
7.384115900000000066e-01 2.295908899999999919e-01 6.133971799999999863e-01
7.363413800000000453e-01 2.234337899999999932e-01 6.072163200000000316e-01
7.341754799999999914e-01 2.173764699999999883e-01 6.009101100000000528e-01
7.319134299999999760e-01 2.114234100000000061e-01 5.944865499999999470e-01
7.295553399999999966e-01 2.055782499999999902e-01 5.879539599999999977e-01
7.271018500000000495e-01 1.998437799999999986e-01 5.813208899999999790e-01
7.245540799999999892e-01 1.942220299999999900e-01 5.745959400000000272e-01
7.219135300000000255e-01 1.887142800000000120e-01 5.677876400000000379e-01
7.191820700000000066e-01 1.833211299999999988e-01 5.609043900000000304e-01
7.163618200000000380e-01 1.780426099999999900e-01 5.539543500000000398e-01
7.134551399999999877e-01 1.728782299999999938e-01 5.469453300000000073e-01
7.104645200000000438e-01 1.678270400000000107e-01 5.398848200000000430e-01
7.073925599999999481e-01 1.628877800000000098e-01 5.327799100000000232e-01
7.042419399999999552e-01 1.580588699999999902e-01 5.256372799999999845e-01
7.010153199999999973e-01 1.533385399999999954e-01 5.184632399999999919e-01
6.977153900000000464e-01 1.487248499999999918e-01 5.112636499999999584e-01
6.943447600000000053e-01 1.442157799999999879e-01 5.040440699999999552e-01
6.909059899999999699e-01 1.398092400000000013e-01 4.968095699999999781e-01
6.874015999999999460e-01 1.355031200000000047e-01 4.895648799999999801e-01
6.838339599999999630e-01 1.312953799999999893e-01 4.823143899999999817e-01
6.802053799999999706e-01 1.271839800000000020e-01 4.750622999999999929e-01
6.765180400000000427e-01 1.231670200000000021e-01 4.678123200000000037e-01
6.727740300000000229e-01 1.192426999999999931e-01 4.605679500000000037e-01
6.689753099999999897e-01 1.154093000000000063e-01 4.533325799999999850e-01
6.651237399999999633e-01 1.116653199999999985e-01 4.461091600000000046e-01
6.612210400000000377e-01 1.080093800000000021e-01 4.389005500000000004e-01
6.572688500000000156e-01 1.044402799999999965e-01 4.317094699999999841e-01
6.532686800000000460e-01 1.009570300000000032e-01 4.245383200000000246e-01
6.492219299999999471e-01 9.755882000000000442e-02 4.173895100000000191e-01
6.451299099999999731e-01 9.424507000000000023e-02 4.102652099999999913e-01
6.409937999999999469e-01 9.101541000000000492e-02 4.031675200000000014e-01
6.368147199999999453e-01 8.786969000000000030e-02 3.960984399999999961e-01
6.325936599999999466e-01 8.480801999999999785e-02 3.890598699999999743e-01
6.283315400000000217e-01 8.183073000000000430e-02 3.820536299999999774e-01
6.240291599999999717e-01 7.893840000000000579e-02 3.750814900000000174e-01
6.196872700000000123e-01 7.613187999999999900e-02 3.681451700000000216e-01
6.153065100000000287e-01 7.341225999999999308e-02 3.612463499999999939e-01
6.108874499999999985e-01 7.078086999999999573e-02 3.543866999999999989e-01
6.064305800000000524e-01 6.823933999999999556e-02 3.475678200000000273e-01
6.019363100000000300e-01 6.578945999999999406e-02 3.407914100000000168e-01
5.974049900000000246e-01 6.343335999999999419e-02 3.340590299999999790e-01
5.928368699999999603e-01 6.117328999999999822e-02 3.273724000000000078e-01
5.882321700000000542e-01 5.901171000000000194e-02 3.207332299999999803e-01
5.835909999999999709e-01 5.695139999999999925e-02 3.141431199999999979e-01
5.789134500000000516e-01 5.499504999999999671e-02 3.076039600000000096e-01
5.741995199999999633e-01 5.314552000000000165e-02 3.011175700000000011e-01
5.694491499999999595e-01 5.140588000000000102e-02 2.946857500000000241e-01
5.646622399999999820e-01 4.977894000000000069e-02 2.883105499999999988e-01
5.598386400000000540e-01 4.826750999999999958e-02 2.819940400000000014e-01
5.549781400000000087e-01 4.687424999999999925e-02 2.757383999999999946e-01
5.500804700000000436e-01 4.560157000000000099e-02 2.695458800000000155e-01
5.451453499999999730e-01 4.445164000000000060e-02 2.634188399999999874e-01
5.401724399999999759e-01 4.342598999999999765e-02 2.573598699999999906e-01
5.351614000000000093e-01 4.252572999999999770e-02 2.513716400000000073e-01
5.301118599999999903e-01 4.175133999999999790e-02 2.454569900000000138e-01
5.250234400000000079e-01 4.110259000000000135e-02 2.396188800000000063e-01
5.198957600000000401e-01 4.057848000000000011e-02 2.338604599999999922e-01
5.147284600000000543e-01 4.017305000000000181e-02 2.281850400000000056e-01
5.095212300000000472e-01 3.988861999999999963e-02 2.225960800000000017e-01
5.042737600000000153e-01 3.972236999999999990e-02 2.170971399999999940e-01
4.989858600000000033e-01 3.966871000000000286e-02 2.116919999999999913e-01
4.936574200000000134e-01 3.972169999999999868e-02 2.063845400000000052e-01
4.882884499999999850e-01 3.987500000000000072e-02 2.011786799999999986e-01
4.828790800000000161e-01 4.012181000000000081e-02 1.960783899999999913e-01
4.774296199999999990e-01 4.045478999999999742e-02 1.910875900000000016e-01
4.719405700000000037e-01 4.085798000000000207e-02 1.862102300000000044e-01
4.664126699999999737e-01 4.132654999999999662e-02 1.814500400000000069e-01
4.608468399999999798e-01 4.185048999999999714e-02 1.768105000000000093e-01
4.552443099999999854e-01 4.241927000000000197e-02 1.722948199999999874e-01
4.496065300000000042e-01 4.302225999999999967e-02 1.679057700000000097e-01
4.439352400000000087e-01 4.364856999999999765e-02 1.636456299999999864e-01
4.382324000000000219e-01 4.428756999999999833e-02 1.595160800000000045e-01
4.325002099999999960e-01 4.492880999999999958e-02 1.555181200000000097e-01
4.267410999999999843e-01 4.556211000000000289e-02 1.516520399999999880e-01
4.209576700000000060e-01 4.617782000000000137e-02 1.479173699999999925e-01
4.151525799999999933e-01 4.676711000000000062e-02 1.443128300000000031e-01
4.093286199999999764e-01 4.732176999999999911e-02 1.408363699999999885e-01
4.034885999999999751e-01 4.783442000000000249e-02 1.374852199999999913e-01
3.976352899999999746e-01 4.829855000000000259e-02 1.342559299999999955e-01
3.917713899999999971e-01 4.870856999999999964e-02 1.311444300000000063e-01
3.858994800000000169e-01 4.905981999999999704e-02 1.281461499999999865e-01
3.800221599999999977e-01 4.934796999999999795e-02 1.252560699999999971e-01
3.741415599999999841e-01 4.957038999999999890e-02 1.224688500000000041e-01
3.682598200000000155e-01 4.972465999999999692e-02 1.197789300000000057e-01
3.623788600000000248e-01 4.980895999999999935e-02 1.171805800000000064e-01
3.565004500000000243e-01 4.982208999999999943e-02 1.146680199999999955e-01
3.506259600000000143e-01 4.976375999999999716e-02 1.122354799999999986e-01
3.447567400000000060e-01 4.963363999999999970e-02 1.098772499999999958e-01
3.388939599999999941e-01 4.943183999999999773e-02 1.075877100000000031e-01
3.330385599999999835e-01 4.915884000000000226e-02 1.053613899999999992e-01
3.271912799999999732e-01 4.881540999999999658e-02 1.031930199999999964e-01
3.213526800000000017e-01 4.840259000000000228e-02 1.010775500000000021e-01
3.155233000000000065e-01 4.792126000000000025e-02 9.901007000000000557e-02
3.097036599999999917e-01 4.737220000000000319e-02 9.698582000000000036e-02
3.038936600000000099e-01 4.675731000000000331e-02 9.500055999999999778e-02
2.980937900000000251e-01 4.607701000000000158e-02 9.304982000000000530e-02
2.923039100000000001e-01 4.533291999999999877e-02 9.112968999999999931e-02
2.865239099999999928e-01 4.452633999999999759e-02 8.923638999999999877e-02
2.807537299999999791e-01 4.365829000000000237e-02 8.736623000000000305e-02
2.749932500000000224e-01 4.272978000000000193e-02 8.551572999999999813e-02
2.692422300000000268e-01 4.174181999999999892e-02 8.368156000000000205e-02
2.635003599999999890e-01 4.069541000000000130e-02 8.186061000000000032e-02
2.577672400000000086e-01 3.958238000000000034e-02 8.004989999999999328e-02
2.520424199999999892e-01 3.842693999999999971e-02 7.824664000000000619e-02
2.463253400000000037e-01 3.723743000000000192e-02 7.644816000000000111e-02
2.406155399999999889e-01 3.601730999999999683e-02 7.465183999999999709e-02
2.349127799999999877e-01 3.476951000000000347e-02 7.285485999999999351e-02
2.292158900000000055e-01 3.349839999999999762e-02 7.105532999999999988e-02
2.235248099999999905e-01 3.220647000000000093e-02 6.925037000000000553e-02
2.178382399999999885e-01 3.089799000000000018e-02 6.743828999999999796e-02
2.121561299999999983e-01 2.957523000000000096e-02 6.561620999999999426e-02
2.064770999999999967e-01 2.824234999999999940e-02 6.378256999999999677e-02
2.008004499999999914e-01 2.690234000000000028e-02 6.193512000000000323e-02
1.951256500000000116e-01 2.555788999999999977e-02 6.007139999999999702e-02
1.894513700000000078e-01 2.421262999999999888e-02 5.818973000000000201e-02
1.837766399999999911e-01 2.286958000000000046e-02 5.628802000000000111e-02
1.781004200000000093e-01 2.153174999999999881e-02 5.436417999999999806e-02
1.724215699999999962e-01 2.020212000000000049e-02 5.241612999999999828e-02
1.667388499999999940e-01 1.888366000000000003e-02 5.044176999999999689e-02
1.610509499999999983e-01 1.757931000000000077e-02 4.843896999999999786e-02
1.553564199999999951e-01 1.629200999999999913e-02 4.640559999999999824e-02
