0.000000000000000000e+00 0.000000000000000000e+00 0.000000000000000000e+00
3.124600499999999901e-04 2.011102069999999901e-04 2.562667369999999849e-04
1.122306050000000015e-03 6.815605860000000437e-04 9.051521330000000072e-04
2.398958200000000148e-03 1.381902009999999917e-03 1.907769359999999994e-03
4.138953570000000227e-03 2.272171510000000044e-03 3.252944069999999955e-03
6.345365470000000237e-03 3.331630920000000148e-03 4.937397110000000047e-03
9.024091700000000382e-03 4.544207980000000181e-03 6.961787409999999759e-03
1.218267070000000028e-02 5.896576609999999892e-03 9.329271099999999692e-03
1.582944890000000104e-02 7.377311870000000105e-03 1.204468260000000034e-02
1.997325289999999851e-02 8.976349899999999660e-03 1.511413219999999981e-02
2.462339649999999852e-02 1.068456169999999934e-02 1.854486350000000144e-02
2.978979279999999924e-02 1.249342380000000030e-02 2.234523050000000038e-02
3.548236870000000265e-02 1.439508060000000041e-02 2.652436290000000085e-02
4.167863890000000210e-02 1.638226469999999949e-02 3.109205190000000063e-02
4.793582059999999812e-02 1.844782689999999864e-02 3.605917050000000124e-02
5.415654159999999662e-02 2.058489590000000050e-02 4.141396990000000000e-02
6.034557289999999824e-02 2.278724299999999869e-02 4.682409390000000227e-02
6.650808040000000254e-02 2.504817399999999944e-02 5.222468570000000226e-02
7.264752979999999916e-02 2.736175700000000044e-02 5.762093609999999894e-02
7.876736619999999411e-02 2.972189819999999927e-02 6.301785890000000112e-02
8.487075350000000684e-02 3.212247029999999726e-02 6.842016809999999782e-02
9.095988600000000368e-02 3.455788630000000000e-02 7.383177470000000520e-02
9.703748199999999435e-02 3.702196199999999854e-02 7.925694240000000224e-02
1.031051570000000028e-01 3.950925389999999926e-02 8.469904450000000085e-02
1.091648979999999963e-01 4.197056109999999784e-02 9.016173239999999978e-02
1.152183660000000026e-01 4.434926919999999939e-02 9.564840530000000285e-02
1.212664970000000009e-01 4.665645129999999863e-02 1.011618430000000013e-01
1.273114220000000074e-01 4.889221669999999770e-02 1.067059090000000016e-01
1.333535319999999968e-01 5.105807009999999840e-02 1.122829550000000037e-01
1.393938289999999969e-01 5.315461970000000258e-02 1.178959029999999963e-01
1.454337370000000074e-01 5.518172760000000093e-02 1.235481469999999971e-01
1.514737220000000051e-01 5.713999980000000062e-02 1.292422279999999868e-01
1.575143479999999985e-01 5.902970650000000097e-02 1.349808259999999982e-01
1.635562560000000110e-01 6.085079830000000162e-02 1.407667679999999866e-01
1.695999980000000018e-01 6.260309830000000686e-02 1.466028709999999957e-01
1.756461119999999931e-01 6.428622189999999570e-02 1.524920260000000027e-01
1.816950009999999949e-01 6.589972019999999764e-02 1.584370810000000074e-01
1.877467730000000057e-01 6.744329990000000330e-02 1.644406389999999996e-01
1.938016379999999983e-01 6.891634779999999960e-02 1.705055169999999953e-01
1.998597199999999907e-01 7.031815299999999436e-02 1.766345410000000060e-01
2.059210599999999891e-01 7.164791069999999762e-02 1.828305490000000089e-01
2.119858669999999945e-01 7.290437360000000255e-02 1.890967299999999907e-01
2.180538790000000060e-01 7.408672330000000417e-02 1.954358059999999897e-01
2.241248419999999908e-01 7.519393169999999404e-02 2.018506330000000015e-01
2.301984420000000031e-01 7.622485530000000509e-02 2.083441199999999938e-01
2.362742670000000100e-01 7.717828179999999816e-02 2.149191860000000120e-01
2.423525340000000083e-01 7.805177139999999736e-02 2.215798629999999880e-01
2.484320250000000008e-01 7.884487760000000178e-02 2.283282409999999873e-01
2.545122220000000102e-01 7.955584590000000511e-02 2.351676030000000028e-01
2.605928410000000195e-01 8.018223200000000606e-02 2.421018349999999875e-01
2.666724149999999960e-01 8.072334300000000296e-02 2.491331159999999878e-01
2.727506450000000138e-01 8.117617439999999518e-02 2.562657709999999756e-01
2.788259989999999910e-01 8.153962430000000206e-02 2.635022739999999808e-01
2.848972280000000024e-01 8.181183259999999513e-02 2.708457730000000119e-01
2.909635839999999973e-01 8.198958600000000319e-02 2.783006499999999828e-01
2.970230200000000265e-01 8.207192470000000684e-02 2.858691199999999766e-01
3.030739519999999798e-01 8.205666609999999472e-02 2.935545139999999886e-01
3.091145949999999920e-01 8.194169319999999868e-02 3.013600699999999799e-01
3.151429539999999752e-01 8.172499930000000357e-02 3.092888990000000060e-01
3.211568029999999907e-01 8.140474070000000562e-02 3.173439450000000162e-01
3.271536820000000012e-01 8.097930100000000353e-02 3.255279480000000114e-01
3.331308780000000191e-01 8.044736610000000065e-02 3.338433940000000155e-01
3.390854170000000001e-01 7.980801390000000217e-02 3.422924649999999902e-01
3.450142549999999919e-01 7.906021959999999515e-02 3.508775250000000234e-01
3.509140199999999932e-01 7.820361309999999955e-02 3.596004800000000001e-01
3.567805940000000064e-01 7.724000020000000577e-02 3.684614929999999733e-01
3.626105070000000263e-01 7.616905570000000181e-02 3.774629039999999880e-01
3.683988770000000135e-01 7.499522250000000001e-02 3.866032209999999969e-01
3.741415149999999801e-01 7.372083890000000195e-02 3.958833119999999872e-01
3.798332680000000017e-01 7.235223770000000221e-02 4.053012309999999840e-01
3.854688880000000095e-01 7.089703429999999473e-02 4.148547929999999995e-01
3.910429060000000234e-01 6.936492340000000034e-02 4.245411199999999941e-01
3.965495620000000221e-01 6.776848230000000195e-02 4.343562309999999815e-01
4.019828369999999818e-01 6.612364060000000543e-02 4.442949789999999788e-01
4.073365050000000154e-01 6.445017200000000002e-02 4.543509929999999808e-01
4.126041819999999860e-01 6.277218079999999367e-02 4.645166499999999754e-01
4.177793949999999978e-01 6.111854810000000304e-02 4.747830679999999748e-01
4.228556479999999729e-01 5.952327610000000130e-02 4.851401329999999734e-01
4.278265900000000066e-01 5.802486319999999864e-02 4.955771740000000092e-01
4.326858219999999977e-01 5.666847609999999674e-02 5.060812510000000097e-01
4.374272570000000138e-01 5.550325360000000346e-02 5.166389970000000442e-01
4.420451289999999811e-01 5.458164979999999972e-02 5.272364800000000074e-01
4.465339669999999761e-01 5.395922389999999874e-02 5.378582400000000430e-01
4.508888260000000203e-01 5.369026920000000147e-02 5.484891769999999944e-01
4.551052219999999759e-01 5.382701150000000073e-02 5.591131660000000503e-01
4.591792650000000031e-01 5.441506570000000098e-02 5.697145049999999822e-01
4.631076559999999787e-01 5.549137039999999660e-02 5.802774189999999610e-01
4.668877200000000061e-01 5.708145230000000181e-02 5.907865839999999480e-01
4.705174109999999965e-01 5.919811850000000070e-02 6.012272440000000495e-01
4.739952989999999811e-01 6.184116969999999686e-02 6.115854520000000294e-01
4.773205560000000069e-01 6.499851430000000430e-02 6.218480220000000003e-01
4.804929050000000257e-01 6.864775469999999380e-02 6.320029750000000224e-01
4.835125969999999884e-01 7.275889180000000289e-02 6.420392670000000246e-01
4.863803529999999875e-01 7.729671500000000195e-02 6.519470520000000269e-01
4.890973040000000105e-01 8.222322640000000182e-02 6.617176649999999549e-01
4.916649579999999853e-01 8.749968260000000331e-02 6.713435260000000238e-01
4.940851379999999793e-01 9.308808749999999965e-02 6.808181639999999479e-01
4.963598710000000080e-01 9.895221930000000499e-02 6.901363839999999916e-01
4.984915560000000023e-01 1.050584660000000031e-01 6.992934259999999957e-01
5.004825419999999747e-01 1.113759039999999978e-01 7.082862330000000428e-01
5.023354260000000293e-01 1.178766599999999942e-01 7.171121630000000247e-01
5.040530260000000151e-01 1.245357240000000004e-01 7.257690719999999596e-01
5.056379739999999900e-01 1.313308529999999974e-01 7.342561650000000162e-01
5.070930689999999519e-01 1.382423690000000038e-01 7.425729220000000241e-01
5.084211260000000010e-01 1.452529100000000128e-01 7.507193789999999645e-01
5.096249579999999613e-01 1.523471999999999882e-01 7.586960600000000055e-01
5.107073610000000263e-01 1.595118249999999960e-01 7.665039099999999550e-01
5.116710960000000474e-01 1.667350220000000105e-01 7.741442410000000107e-01
5.125188809999999817e-01 1.740064809999999906e-01 7.816186699999999599e-01
5.132533839999999792e-01 1.813171769999999960e-01 7.889290740000000079e-01
5.138772120000000276e-01 1.886592079999999949e-01 7.960775410000000551e-01
5.143929109999999527e-01 1.960256589999999910e-01 8.030663289999999677e-01
5.148029600000000316e-01 2.034104820000000036e-01 8.098978300000000408e-01
5.151097740000000202e-01 2.108083849999999870e-01 8.165745359999999620e-01
5.153156979999999887e-01 2.182147419999999893e-01 8.230990120000000188e-01
5.154230130000000409e-01 2.256255080000000024e-01 8.294738659999999486e-01
5.154341479999999809e-01 2.330369919999999984e-01 8.357015930000000203e-01
5.153510700000000222e-01 2.404462480000000013e-01 8.417849760000000181e-01
5.151758579999999865e-01 2.478505910000000090e-01 8.477266479999999715e-01
5.149106820000000084e-01 2.552475849999999991e-01 8.535291409999999912e-01
5.145575439999999778e-01 2.626351749999999985e-01 8.591950200000000315e-01
5.141182220000000136e-01 2.700117020000000201e-01 8.647268719999999798e-01
5.135948150000000378e-01 2.773754820000000065e-01 8.701270620000000067e-01
5.129890430000000334e-01 2.847252800000000250e-01 8.753980310000000209e-01
5.123026899999999495e-01 2.920599689999999748e-01 8.805420919999999985e-01
5.115376809999999663e-01 2.993784689999999804e-01 8.855614290000000111e-01
5.106955180000000150e-01 3.066801089999999785e-01 8.904582450000000371e-01
5.097782149999999790e-01 3.139639889999999989e-01 8.952345219999999770e-01
5.087871440000000245e-01 3.212297279999999922e-01 8.998922750000000192e-01
5.077243000000000173e-01 3.284766330000000178e-01 9.044333039999999935e-01
5.065910559999999840e-01 3.357044900000000220e-01 9.088593969999999578e-01
5.053893619999999531e-01 3.429127960000000197e-01 9.131721680000000063e-01
5.041206529999999741e-01 3.501014390000000143e-01 9.173731710000000428e-01
5.027868130000000546e-01 3.572700970000000087e-01 9.214638170000000184e-01
5.013894190000000028e-01 3.644186950000000147e-01 9.254454229999999892e-01
4.999302999999999941e-01 3.715470699999999793e-01 9.293191859999999638e-01
4.984112110000000206e-01 3.786551570000000200e-01 9.330861900000000375e-01
4.968339820000000073e-01 3.857429099999999944e-01 9.367474000000000078e-01
4.952005569999999857e-01 3.928102720000000159e-01 9.403036710000000076e-01
4.935128549999999725e-01 3.998572599999999921e-01 9.437557319999999583e-01
4.917729949999999906e-01 4.068838370000000260e-01 9.471042039999999496e-01
4.899831029999999754e-01 4.138900289999999926e-01 9.503495819999999705e-01
4.881454729999999964e-01 4.208758289999999791e-01 9.534922470000000150e-01
4.862625130000000073e-01 4.278412409999999833e-01 9.565324589999999461e-01
4.843368009999999835e-01 4.347862479999999863e-01 9.594703650000000472e-01
4.823710190000000120e-01 4.417108550000000133e-01 9.623059809999999770e-01
4.803681570000000178e-01 4.486149890000000195e-01 9.650392330000000518e-01
4.783312439999999888e-01 4.554986420000000091e-01 9.676698879999999781e-01
4.762637250000000266e-01 4.623616890000000201e-01 9.701976460000000246e-01
4.741691530000000099e-01 4.692040519999999826e-01 9.726220549999999854e-01
4.720514359999999909e-01 4.760255809999999754e-01 9.749425680000000094e-01
4.699148069999999899e-01 4.828260839999999887e-01 9.771585390000000482e-01
4.677637179999999950e-01 4.896053830000000051e-01 9.792691700000000221e-01
4.656032139999999875e-01 4.963631510000000024e-01 9.812736410000000298e-01
4.634384189999999903e-01 5.030991580000000463e-01 9.831709140000000069e-01
4.612752940000000024e-01 5.098129380000000488e-01 9.849600099999999969e-01
4.591198129999999877e-01 5.165041710000000119e-01 9.866396779999999644e-01
4.569789320000000044e-01 5.231722619999999990e-01 9.882087889999999764e-01
4.548596990000000062e-01 5.298167449999999778e-01 9.896659399999999662e-01
4.527701100000000034e-01 5.364369190000000120e-01 9.910098370000000045e-01
4.507185499999999956e-01 5.430321030000000437e-01 9.922390279999999674e-01
4.487140640000000236e-01 5.496015269999999786e-01 9.933520240000000001e-01
4.467666479999999884e-01 5.561442199999999669e-01 9.943474690000000393e-01
4.448863869999999943e-01 5.626593760000000444e-01 9.952236479999999608e-01
4.430848680000000206e-01 5.691457720000000498e-01 9.959793089999999793e-01
4.413739680000000054e-01 5.756022760000000238e-01 9.966129799999999817e-01
4.397661950000000264e-01 5.820277000000000367e-01 9.971231609999999801e-01
4.382752739999999925e-01 5.884205569999999552e-01 9.975087649999999639e-01
4.369153820000000188e-01 5.947793689999999467e-01 9.977686559999999760e-01
4.357011789999999940e-01 6.011026390000000497e-01 9.979016830000000393e-01
4.346484330000000007e-01 6.073885709999999882e-01 9.979072660000000150e-01
4.337732799999999833e-01 6.136353479999999694e-01 9.977849269999999882e-01
4.330923179999999761e-01 6.198410619999999982e-01 9.975344769999999750e-01
4.326224309999999740e-01 6.260037360000000328e-01 9.971560050000000119e-01
4.323808599999999780e-01 6.321212499999999679e-01 9.966501570000000365e-01
4.323848719999999757e-01 6.381914069999999883e-01 9.960180560000000405e-01
4.326515089999999897e-01 6.442119750000000478e-01 9.952613049999999850e-01
4.331974109999999767e-01 6.501806810000000381e-01 9.943820979999999921e-01
4.340385589999999905e-01 6.560952310000000010e-01 9.933832740000000383e-01
4.351900009999999930e-01 6.619533429999999719e-01 9.922683650000000410e-01
4.366655609999999799e-01 6.677527739999999934e-01 9.910416290000000350e-01
4.384775799999999779e-01 6.734913430000000201e-01 9.897081399999999585e-01
4.406365839999999978e-01 6.791669890000000542e-01 9.882737110000000547e-01
4.431510539999999887e-01 6.847778030000000182e-01 9.867449350000000452e-01
4.460271960000000147e-01 6.903220599999999596e-01 9.851291639999999461e-01
4.492687590000000175e-01 6.957982660000000541e-01 9.834344699999999495e-01
4.528769089999999942e-01 7.012051879999999793e-01 9.816695840000000395e-01
4.568501730000000260e-01 7.065418669999999901e-01 9.798439789999999761e-01
4.611844070000000184e-01 7.118076850000000233e-01 9.779675220000000335e-01
4.658729039999999766e-01 7.170023970000000135e-01 9.760502869999999609e-01
4.709065530000000055e-01 7.221260980000000496e-01 9.741026649999999787e-01
4.762739639999999941e-01 7.271792049999999952e-01 9.721355699999999489e-01
4.819617769999999801e-01 7.321625339999999760e-01 9.701596639999999772e-01
4.879551280000000157e-01 7.370773050000000159e-01 9.681847919999999608e-01
4.942373740000000071e-01 7.419249270000000118e-01 9.662222620000000539e-01
5.007914599999999661e-01 7.467072879999999691e-01 9.642807450000000502e-01
5.075988980000000206e-01 7.514263970000000237e-01 9.623708300000000104e-01
5.146417070000000038e-01 7.560846329999999504e-01 9.605000390000000277e-01
5.219007700000000138e-01 7.606844699999999460e-01 9.586779829999999558e-01
5.293579670000000403e-01 7.652286249999999956e-01 9.569115540000000530e-01
5.369954080000000074e-01 7.697199150000000323e-01 9.552074640000000061e-01
5.447955949999999659e-01 7.741612439999999706e-01 9.535721209999999948e-01
5.527417519999999751e-01 7.785555819999999683e-01 9.520112240000000448e-01
5.608179599999999487e-01 7.829059329999999983e-01 9.505297569999999752e-01
5.690092540000000199e-01 7.872152989999999795e-01 9.491319929999999516e-01
5.773016899999999785e-01 7.914866590000000368e-01 9.478215159999999750e-01
5.856823829999999731e-01 7.957229390000000180e-01 9.466012480000000062e-01
5.941395259999999734e-01 7.999269949999999740e-01 9.454734879999999730e-01
6.026619380000000081e-01 8.041016380000000074e-01 9.444405689999999520e-01
6.112387270000000372e-01 8.082496719999999746e-01 9.435052630000000384e-01
6.198623279999999625e-01 8.123735549999999694e-01 9.426666019999999646e-01
6.285226010000000141e-01 8.164760239999999669e-01 9.419279699999999478e-01
6.372140330000000130e-01 8.205592699999999518e-01 9.412873290000000059e-01
6.459274849999999679e-01 8.246259310000000342e-01 9.407480969999999498e-01
6.546589779999999470e-01 8.286779640000000446e-01 9.403077039999999664e-01
6.634027529999999562e-01 8.327175359999999804e-01 9.399665170000000014e-01
6.721523849999999634e-01 8.367469250000000303e-01 9.397261999999999560e-01
6.809050639999999488e-01 8.407678480000000398e-01 9.395845189999999514e-01
6.896568410000000204e-01 8.447821720000000534e-01 9.395411209999999791e-01
6.984042609999999707e-01 8.487916709999999698e-01 9.395954840000000363e-01
7.071443189999999657e-01 8.527980269999999585e-01 9.397469400000000306e-01
7.158744219999999547e-01 8.568028370000000393e-01 9.399946949999999912e-01
7.245923560000000485e-01 8.608076080000000019e-01 9.403378460000000327e-01
7.332962450000000132e-01 8.648137689999999544e-01 9.407754019999999828e-01
7.419845170000000101e-01 8.688226679999999646e-01 9.413063000000000402e-01
7.506558800000000531e-01 8.728355810000000270e-01 9.419294209999999890e-01
7.593074450000000253e-01 8.768540919999999739e-01 9.426455620000000479e-01
7.679398960000000107e-01 8.808790429999999727e-01 9.434518760000000226e-01
7.765526090000000048e-01 8.849115079999999578e-01 9.443471350000000042e-01
7.851434940000000529e-01 8.889528660000000082e-01 9.453317959999999465e-01
7.937124570000000379e-01 8.930040500000000492e-01 9.464043690000000231e-01
8.022601050000000011e-01 8.970658099999999635e-01 9.475627939999999860e-01
8.107834640000000093e-01 9.011396900000000487e-01 9.488088059999999491e-01
8.192854489999999990e-01 9.052258720000000425e-01 9.501382419999999662e-01
8.277622749999999918e-01 9.093260760000000387e-01 9.515538409999999558e-01
8.362170150000000080e-01 9.134403890000000192e-01 9.530515240000000388e-01
8.446470529999999810e-01 9.175702399999999814e-01 9.546330029999999800e-01
8.530535799999999780e-01 9.217161289999999951e-01 9.562962760000000006e-01
8.614370230000000239e-01 9.258787120000000481e-01 9.580401960000000106e-01
8.697947820000000441e-01 9.300594039999999785e-01 9.598666219999999472e-01
8.781291129999999612e-01 9.342583780000000004e-01 9.617727539999999520e-01
8.864397240000000400e-01 9.384764349999999977e-01 9.637583429999999618e-01
8.947255480000000372e-01 9.427145700000000295e-01 9.658239280000000537e-01
9.029863009999999912e-01 9.469735719999999857e-01 9.679693400000000114e-01
9.112226249999999528e-01 9.512539650000000346e-01 9.701935959999999914e-01
9.194341459999999522e-01 9.555565350000000402e-01 9.724967300000000314e-01
9.276204200000000011e-01 9.598820789999999992e-01 9.748788859999999445e-01
9.357809120000000203e-01 9.642314140000000089e-01 9.773403400000000296e-01
9.439149620000000240e-01 9.686053820000000147e-01 9.798815330000000268e-01
9.520213910000000501e-01 9.730049729999999952e-01 9.825034240000000141e-01
9.600995420000000280e-01 9.774310219999999827e-01 9.852065460000000163e-01
9.681481579999999809e-01 9.818845330000000038e-01 9.879920239999999687e-01
9.761654410000000226e-01 9.863666690000000292e-01 9.908615090000000292e-01
9.841489749999999814e-01 9.908787810000000418e-01 9.938172069999999803e-01
9.920954250000000307e-01 9.954225140000000360e-01 9.968620620000000487e-01
1.000000000000000000e+00 1.000000000000000000e+00 1.000000000000000000e+00
