1.243435700000000005e-01 5.884519999999999855e-03 2.140009599999999901e-01
1.293112899999999954e-01 6.757870000000000023e-03 2.201175400000000004e-01
1.342760500000000079e-01 7.613009999999999916e-03 2.262781299999999940e-01
1.392374299999999954e-01 8.446179999999999313e-03 2.324844500000000092e-01
1.441948899999999922e-01 9.253739999999999882e-03 2.387383200000000039e-01
1.491477300000000061e-01 1.003225999999999944e-02 2.450415699999999863e-01
1.540962800000000021e-01 1.077598999999999918e-02 2.513984699999999850e-01
1.590386500000000036e-01 1.148361000000000000e-02 2.578093599999999874e-01
1.639749000000000068e-01 1.214940999999999938e-02 2.642789500000000125e-01
1.689030699999999885e-01 1.277187999999999934e-02 2.708084800000000181e-01
1.738220900000000124e-01 1.334729999999999944e-02 2.774016100000000207e-01
1.787305999999999895e-01 1.387219999999999946e-02 2.840621899999999922e-01
1.836263599999999885e-01 1.434494000000000047e-02 2.907931000000000266e-01
1.885071700000000017e-01 1.476334999999999974e-02 2.975983300000000220e-01
1.933697799999999911e-01 1.512769999999999913e-02 3.044806600000000141e-01
1.982103799999999916e-01 1.543943000000000051e-02 3.114429699999999857e-01
2.030254300000000067e-01 1.569840999999999945e-02 3.184905599999999781e-01
2.078090900000000019e-01 1.591089999999999866e-02 3.256250700000000164e-01
2.125550300000000059e-01 1.608416000000000012e-02 3.328491199999999983e-01
2.172553600000000085e-01 1.622977999999999921e-02 3.401640699999999851e-01
2.219008899999999895e-01 1.636307000000000039e-02 3.475709499999999896e-01
2.264795599999999964e-01 1.650930999999999926e-02 3.550660500000000219e-01
2.309777399999999870e-01 1.669935000000000169e-02 3.626449400000000267e-01
2.353786800000000068e-01 1.697680999999999843e-02 3.702972700000000117e-01
2.396626099999999981e-01 1.740014000000000144e-02 3.780053700000000072e-01
2.438076399999999921e-01 1.804106999999999933e-02 3.857454499999999897e-01
2.477898199999999940e-01 1.898922000000000110e-02 3.934828200000000109e-01
2.515852900000000170e-01 2.034719000000000111e-02 4.011740100000000253e-01
2.551726599999999956e-01 2.222479000000000121e-02 4.087684699999999949e-01
2.585356500000000057e-01 2.473093000000000166e-02 4.162112700000000221e-01
2.616656700000000169e-01 2.795974999999999849e-02 4.234515500000000099e-01
2.645627300000000237e-01 3.198252000000000039e-02 4.304471400000000059e-01
2.672347899999999998e-01 3.684227999999999809e-02 4.371692899999999882e-01
2.696956899999999879e-01 4.248895999999999923e-02 4.436038800000000060e-01
2.719628399999999835e-01 4.848981000000000124e-02 4.497489499999999807e-01
2.740547500000000136e-01 5.471025000000000194e-02 4.556129099999999821e-01
2.759896600000000255e-01 6.106965000000000310e-02 4.612100299999999931e-01
2.777846700000000113e-01 6.750507000000000035e-02 4.665578899999999751e-01
2.794547600000000243e-01 7.396948999999999885e-02 4.716760700000000028e-01
2.810135200000000166e-01 8.042854000000000669e-02 4.765834500000000196e-01
2.824726799999999760e-01 8.685792999999999986e-02 4.812983800000000256e-01
2.838423600000000158e-01 9.324092999999999964e-02 4.858379800000000026e-01
2.851313699999999951e-01 9.956639000000000461e-02 4.902179400000000187e-01
2.863470100000000129e-01 1.058275000000000049e-01 4.944526599999999883e-01
2.874963099999999772e-01 1.120197700000000046e-01 4.985547699999999804e-01
2.885846200000000139e-01 1.181415299999999946e-01 5.025360300000000224e-01
2.896171200000000057e-01 1.241921299999999978e-01 5.064067599999999558e-01
2.905983300000000158e-01 1.301720100000000047e-01 5.101762899999999767e-01
2.915321499999999899e-01 1.360823899999999975e-01 5.138530199999999937e-01
2.924220799999999731e-01 1.419249999999999956e-01 5.174445399999999529e-01
2.932711299999999910e-01 1.477019300000000090e-01 5.209576799999999785e-01
2.940819700000000259e-01 1.534154899999999877e-01 5.243986200000000375e-01
2.948571700000000018e-01 1.590679500000000135e-01 5.277729399999999682e-01
2.955992399999999853e-01 1.646614700000000042e-01 5.310856999999999939e-01
2.963097599999999776e-01 1.701988000000000112e-01 5.343415400000000037e-01
2.969911000000000079e-01 1.756818900000000072e-01 5.375446499999999572e-01
2.976445999999999814e-01 1.811132900000000101e-01 5.406988799999999928e-01
2.982717799999999864e-01 1.864952500000000013e-01 5.438077300000000447e-01
2.988744400000000190e-01 1.918296300000000010e-01 5.468744700000000014e-01
2.994536300000000262e-01 1.971186900000000131e-01 5.499020500000000311e-01
3.000105399999999922e-01 2.023644300000000118e-01 5.528931799999999841e-01
3.005463099999999832e-01 2.075687300000000068e-01 5.558503799999999773e-01
3.010620099999999910e-01 2.127333899999999944e-01 5.587760000000000504e-01
3.015585900000000152e-01 2.178601300000000129e-01 5.616721700000000261e-01
3.020369600000000210e-01 2.229506300000000107e-01 5.645409000000000121e-01
3.024979300000000260e-01 2.280064599999999941e-01 5.673840300000000392e-01
3.029422700000000135e-01 2.330291499999999905e-01 5.702032799999999790e-01
3.033706800000000037e-01 2.380201600000000084e-01 5.730002400000000495e-01
3.037838199999999822e-01 2.429808699999999877e-01 5.757763900000000268e-01
3.041822900000000218e-01 2.479126000000000107e-01 5.785331000000000223e-01
3.045667899999999761e-01 2.528165700000000182e-01 5.812717099999999970e-01
3.049378699999999998e-01 2.576939799999999892e-01 5.839933999999999958e-01
3.052958900000000142e-01 2.625460600000000255e-01 5.866992699999999950e-01
3.056413099999999994e-01 2.673739299999999819e-01 5.893903499999999518e-01
3.059747299999999726e-01 2.721785700000000086e-01 5.920676700000000459e-01
3.062965400000000060e-01 2.769610000000000127e-01 5.947321300000000255e-01
3.066069599999999840e-01 2.817222999999999811e-01 5.973845300000000247e-01
3.069065100000000212e-01 2.864632999999999763e-01 6.000257199999999846e-01
3.071955199999999997e-01 2.911849300000000085e-01 6.026564399999999599e-01
3.074741300000000122e-01 2.958881199999999767e-01 6.052773099999999573e-01
3.077429300000000256e-01 3.005735800000000069e-01 6.078890799999999706e-01
3.080019299999999793e-01 3.052422200000000085e-01 6.104922699999999480e-01
3.082514900000000169e-01 3.098947699999999861e-01 6.130874499999999783e-01
3.084918700000000014e-01 3.145319599999999993e-01 6.156751599999999991e-01
3.087231899999999807e-01 3.191545499999999813e-01 6.182558400000000010e-01
3.089458199999999821e-01 3.237631799999999838e-01 6.208299699999999532e-01
3.091597500000000109e-01 3.283585800000000110e-01 6.233978999999999493e-01
3.093653900000000179e-01 3.329413099999999903e-01 6.259600699999999796e-01
3.095626799999999790e-01 3.375120899999999868e-01 6.285167400000000182e-01
3.097520000000000273e-01 3.420714400000000044e-01 6.310682899999999762e-01
3.099333100000000174e-01 3.466200099999999784e-01 6.336149399999999599e-01
3.101069200000000081e-01 3.511582999999999788e-01 6.361569799999999830e-01
3.102728200000000047e-01 3.556869100000000228e-01 6.386945899999999510e-01
3.104312699999999814e-01 3.602063300000000190e-01 6.412279800000000307e-01
3.105823099999999726e-01 3.647171100000000110e-01 6.437573100000000270e-01
3.107261199999999945e-01 3.692196999999999840e-01 6.462827100000000380e-01
3.108627999999999947e-01 3.737146100000000026e-01 6.488043000000000005e-01
3.109924900000000103e-01 3.782022999999999913e-01 6.513221599999999833e-01
3.111153300000000232e-01 3.826832099999999959e-01 6.538363600000000053e-01
3.112314199999999809e-01 3.871577800000000069e-01 6.563469100000000056e-01
3.113409400000000105e-01 3.916264300000000254e-01 6.588538400000000239e-01
3.114440199999999881e-01 3.960895799999999967e-01 6.613571400000000100e-01
3.115408100000000013e-01 4.005476099999999984e-01 6.638567499999999955e-01
3.116314800000000163e-01 4.050008999999999970e-01 6.663526199999999511e-01
3.117162099999999936e-01 4.094498400000000093e-01 6.688446700000000300e-01
3.117951999999999946e-01 4.138947599999999727e-01 6.713327799999999623e-01
3.118686500000000250e-01 4.183360300000000254e-01 6.738168100000000438e-01
3.119368000000000141e-01 4.227739699999999989e-01 6.762966200000000150e-01
3.119999199999999862e-01 4.272089000000000025e-01 6.787720099999999812e-01
3.120582499999999815e-01 4.316411299999999840e-01 6.812427800000000477e-01
3.121121600000000273e-01 4.360709500000000127e-01 6.837086999999999470e-01
3.121618899999999974e-01 4.404986699999999811e-01 6.861694900000000485e-01
3.122079600000000066e-01 4.449245299999999848e-01 6.886249199999999737e-01
3.122506099999999840e-01 4.493488199999999821e-01 6.910746199999999728e-01
3.122904799999999814e-01 4.537717499999999737e-01 6.935183200000000214e-01
3.123278600000000127e-01 4.581936099999999734e-01 6.959555899999999573e-01
3.123635300000000004e-01 4.626145600000000080e-01 6.983861199999999991e-01
3.123978700000000219e-01 4.670348699999999909e-01 7.008094299999999555e-01
3.124317400000000133e-01 4.714546900000000096e-01 7.032251299999999761e-01
3.124657299999999971e-01 4.758742400000000039e-01 7.056327199999999911e-01
3.125007100000000149e-01 4.802936600000000111e-01 7.080317099999999808e-01
3.125375899999999763e-01 4.847131100000000026e-01 7.104215900000000472e-01
3.125771700000000153e-01 4.891327799999999892e-01 7.128017500000000117e-01
3.126207799999999870e-01 4.935527000000000108e-01 7.151716999999999658e-01
3.126691999999999805e-01 4.979730800000000124e-01 7.175306900000000265e-01
3.127239600000000230e-01 5.023939600000000283e-01 7.198781600000000447e-01
3.127864399999999989e-01 5.068153899999999767e-01 7.222134399999999843e-01
3.128577900000000245e-01 5.112375200000000008e-01 7.245356800000000153e-01
3.129399800000000065e-01 5.156602999999999604e-01 7.268442499999999695e-01
3.130347600000000230e-01 5.200837499999999558e-01 7.291383599999999854e-01
3.131436599999999904e-01 5.245079599999999953e-01 7.314170399999999628e-01
3.132690599999999881e-01 5.289328199999999702e-01 7.336795299999999687e-01
3.134132199999999924e-01 5.333582999999999519e-01 7.359249399999999719e-01
3.135785600000000062e-01 5.377842999999999929e-01 7.381522900000000442e-01
3.137674599999999980e-01 5.422108100000000430e-01 7.403605199999999664e-01
3.139829100000000039e-01 5.466376400000000357e-01 7.425486199999999926e-01
3.142280299999999915e-01 5.510646399999999945e-01 7.447155600000000542e-01
3.145061200000000001e-01 5.554916100000000245e-01 7.468601900000000349e-01
3.148207499999999825e-01 5.599183300000000196e-01 7.489813400000000509e-01
3.151757399999999820e-01 5.643445499999999448e-01 7.510777899999999674e-01
3.155752299999999844e-01 5.687699699999999581e-01 7.531482499999999636e-01
3.160236599999999840e-01 5.731942500000000162e-01 7.551914199999999466e-01
3.165258200000000133e-01 5.776170000000000471e-01 7.572059300000000270e-01
3.170868399999999809e-01 5.820377899999999993e-01 7.591903800000000535e-01
3.177122199999999896e-01 5.864561099999999749e-01 7.611433199999999566e-01
3.184078699999999817e-01 5.908714299999999753e-01 7.630632600000000210e-01
3.191800699999999824e-01 5.952831299999999937e-01 7.649486899999999867e-01
3.200353200000000120e-01 5.996905999999999626e-01 7.667979099999999715e-01
3.209808000000000106e-01 6.040930799999999490e-01 7.686093400000000297e-01
3.220242400000000171e-01 6.084897000000000222e-01 7.703814799999999519e-01
3.231735700000000211e-01 6.128795999999999689e-01 7.721126499999999560e-01
3.244369500000000017e-01 6.172618699999999903e-01 7.738009700000000324e-01
3.258237099999999886e-01 6.216353300000000415e-01 7.754451599999999667e-01
3.273426899999999917e-01 6.259989500000000540e-01 7.770432000000000450e-01
3.290040499999999923e-01 6.303513400000000377e-01 7.785939299999999896e-01
3.308174199999999732e-01 6.346912799999999688e-01 7.800953999999999944e-01
3.327935799999999777e-01 6.390171799999999624e-01 7.815466100000000305e-01
3.349430199999999802e-01 6.433275400000000310e-01 7.829460799999999887e-01
3.372765300000000188e-01 6.476206899999999989e-01 7.842926599999999748e-01
3.398051400000000055e-01 6.518947999999999965e-01 7.855856599999999634e-01
3.425396499999999733e-01 6.561480100000000037e-01 7.868244399999999583e-01
3.454906500000000102e-01 6.603783699999999923e-01 7.880087199999999958e-01
3.486683500000000158e-01 6.645838299999999865e-01 7.891386299999999521e-01
3.520823100000000094e-01 6.687623099999999710e-01 7.902147699999999553e-01
3.557412699999999983e-01 6.729116899999999513e-01 7.912382700000000213e-01
3.596528099999999895e-01 6.770298700000000336e-01 7.922108799999999507e-01
3.638231199999999999e-01 6.811147699999999805e-01 7.931349899999999842e-01
3.682567099999999871e-01 6.851644399999999857e-01 7.940136800000000550e-01
3.729561800000000260e-01 6.891770400000000185e-01 7.948507400000000001e-01
3.779219600000000012e-01 6.931509399999999932e-01 7.956506800000000545e-01
3.831521600000000194e-01 6.970847599999999700e-01 7.964186899999999847e-01
3.886425000000000018e-01 7.009774199999999622e-01 7.971605699999999572e-01
3.943862300000000043e-01 7.048281699999999761e-01 7.978827099999999950e-01
4.003742000000000134e-01 7.086366400000000398e-01 7.985919500000000504e-01
4.065951400000000215e-01 7.124028599999999711e-01 7.992953299999999706e-01
4.130358499999999822e-01 7.161272400000000538e-01 8.000000499999999626e-01
4.196815300000000248e-01 7.198105999999999671e-01 8.007132700000000325e-01
4.265162000000000120e-01 7.234541100000000391e-01 8.014419900000000485e-01
4.335231099999999893e-01 7.270592700000000352e-01 8.021928200000000286e-01
4.406851399999999752e-01 7.306278400000000284e-01 8.029719300000000004e-01
4.479849900000000273e-01 7.341618399999999545e-01 8.037851700000000488e-01
4.554058200000000167e-01 7.376634699999999878e-01 8.046376299999999926e-01
4.629318900000000125e-01 7.411349699999999485e-01 8.055333900000000158e-01
4.705475599999999758e-01 7.445787299999999664e-01 8.064765600000000090e-01
4.782385599999999792e-01 7.479971499999999995e-01 8.074703100000000244e-01
4.859917400000000054e-01 7.513925900000000269e-01 8.085172000000000470e-01
4.937955500000000275e-01 7.547673099999999691e-01 8.096189700000000489e-01
5.016380200000000178e-01 7.581237499999999851e-01 8.107779899999999484e-01
5.095101800000000347e-01 7.614639600000000508e-01 8.119948399999999955e-01
5.174034299999999975e-01 7.647900199999999593e-01 8.132702899999999513e-01
5.253101000000000020e-01 7.681039299999999903e-01 8.146048099999999570e-01
5.332235600000000408e-01 7.714075400000000027e-01 8.159985199999999494e-01
5.411381899999999634e-01 7.747025899999999687e-01 8.174512800000000023e-01
5.490486300000000375e-01 7.779907799999999929e-01 8.189630300000000362e-01
5.569503099999999485e-01 7.812737299999999996e-01 8.205335299999999554e-01
5.648407800000000423e-01 7.845526699999999520e-01 8.221614800000000001e-01
5.727159499999999737e-01 7.878291200000000494e-01 8.238468500000000194e-01
5.805737600000000498e-01 7.911042499999999533e-01 8.255885899999999555e-01
5.884117399999999609e-01 7.943793099999999496e-01 8.273861200000000027e-01
5.962292200000000042e-01 7.976551699999999689e-01 8.292379699999999909e-01
6.040226199999999546e-01 8.009332999999999592e-01 8.311445600000000322e-01
6.117926500000000489e-01 8.042142700000000088e-01 8.331039399999999873e-01
6.195382400000000178e-01 8.074990300000000065e-01 8.351153500000000340e-01
6.272585699999999598e-01 8.107884400000000547e-01 8.371780100000000280e-01
6.349530700000000083e-01 8.140833100000000044e-01 8.392911299999999963e-01
6.426213899999999590e-01 8.173844000000000110e-01 8.414538799999999874e-01
6.502633700000000072e-01 8.206923900000000494e-01 8.436654000000000098e-01
6.578789999999999916e-01 8.240079300000000551e-01 8.459248600000000007e-01
6.654684400000000499e-01 8.273316200000000453e-01 8.482314100000000190e-01
6.730319700000000349e-01 8.306639999999999580e-01 8.505841899999999622e-01
6.805699600000000293e-01 8.340055899999999633e-01 8.529823800000000400e-01
6.880828900000000026e-01 8.373568500000000414e-01 8.554251600000000177e-01
6.955701800000000379e-01 8.407185200000000247e-01 8.579122799999999716e-01
7.030325400000000391e-01 8.440909899999999855e-01 8.604428800000000210e-01
7.104714199999999646e-01 8.474744199999999505e-01 8.630157999999999996e-01
7.178858500000000475e-01 8.508696300000000434e-01 8.656311199999999761e-01
7.252770800000000184e-01 8.542768200000000478e-01 8.682878099999999932e-01
7.326458300000000534e-01 8.576963100000000173e-01 8.709852099999999542e-01
7.399916600000000511e-01 8.611287399999999481e-01 8.737231899999999829e-01
7.473162100000000363e-01 8.645741700000000307e-01 8.765006699999999817e-01
7.546191199999999766e-01 8.680331900000000100e-01 8.793175600000000536e-01
7.619012200000000457e-01 8.715060500000000321e-01 8.821732199999999802e-01
7.691638299999999928e-01 8.749928599999999834e-01 8.850667700000000027e-01
7.764053699999999836e-01 8.784945199999999454e-01 8.879987900000000378e-01
7.836284199999999922e-01 8.820107799999999942e-01 8.909678399999999554e-01
7.908332900000000221e-01 8.855419799999999508e-01 8.939736099999999741e-01
7.980187100000000200e-01 8.890889400000000498e-01 8.970165300000000341e-01
8.051867499999999511e-01 8.926515000000000422e-01 9.000954899999999981e-01
8.123378300000000385e-01 8.962299500000000529e-01 9.032101599999999841e-01
8.194723000000000424e-01 8.998246199999999639e-01 9.063602499999999784e-01
8.265901100000000445e-01 9.034359400000000484e-01 9.095456800000000230e-01
8.336915599999999982e-01 9.070642300000000269e-01 9.127661900000000328e-01
8.407776099999999531e-01 9.107096099999999472e-01 9.160212399999999588e-01
8.478486200000000528e-01 9.143723599999999951e-01 9.193105900000000386e-01
8.549049199999999571e-01 9.180527899999999519e-01 9.226340100000000044e-01
8.619468200000000024e-01 9.217511900000000535e-01 9.259912599999999827e-01
8.689746400000000204e-01 9.254678400000000416e-01 9.293821399999999677e-01
8.759886900000000143e-01 9.292030399999999801e-01 9.328064299999999642e-01
8.829892200000000191e-01 9.329570799999999942e-01 9.362639499999999559e-01
8.899764999999999482e-01 9.367302699999999760e-01 9.397545099999999874e-01
8.969507700000000083e-01 9.405228900000000003e-01 9.432779399999999814e-01
9.039122200000000440e-01 9.443352600000000097e-01 9.468340899999999616e-01
9.108610299999999604e-01 9.481676900000000074e-01 9.504227899999999618e-01
9.177973299999999668e-01 9.520205099999999865e-01 9.540439299999999845e-01
9.247212099999999602e-01 9.558940599999999899e-01 9.576973699999999923e-01
9.316327199999999698e-01 9.597887000000000501e-01 9.613829900000000483e-01
9.385316099999999606e-01 9.637048599999999965e-01 9.651008100000000312e-01
9.454173799999999739e-01 9.676430999999999782e-01 9.688508900000000201e-01
9.522904500000000105e-01 9.716036399999999906e-01 9.726329200000000119e-01
9.591505500000000461e-01 9.755869499999999528e-01 9.764468499999999773e-01
9.659973099999999979e-01 9.795935300000000456e-01 9.802926100000000087e-01
9.728301999999999783e-01 9.836239500000000247e-01 9.841701600000000161e-01
9.796473900000000068e-01 9.876792199999999688e-01 9.880799500000000402e-01
9.864489499999999911e-01 9.917597400000000007e-01 9.920215300000000402e-01
9.932337100000000474e-01 9.958663300000000218e-01 9.959948800000000269e-01
1.000000000000000000e+00 1.000000000000000000e+00 1.000000000000000000e+00
9.938246899999999551e-01 9.958095500000000433e-01 9.943210999999999578e-01
9.876016399999999473e-01 9.916633000000000253e-01 9.886298599999999714e-01
9.813374000000000263e-01 9.875593099999999680e-01 9.829162500000000469e-01
9.750399699999999781e-01 9.834945800000000071e-01 9.771749699999999761e-01
9.687162599999999957e-01 9.794662899999999617e-01 9.714033300000000093e-01
9.623716399999999727e-01 9.754720900000000139e-01 9.656003399999999459e-01
9.560118499999999964e-01 9.715092300000000014e-01 9.597672999999999899e-01
9.496397600000000550e-01 9.675761600000000184e-01 9.539049699999999632e-01
9.432590899999999667e-01 9.636708800000000075e-01 9.480156800000000272e-01
9.368723500000000204e-01 9.597918699999999914e-01 9.421015299999999648e-01
9.304803600000000063e-01 9.559383500000000478e-01 9.361637499999999612e-01
9.240856100000000017e-01 9.521087799999999879e-01 9.302050400000000385e-01
9.176888600000000507e-01 9.483023999999999898e-01 9.242269300000000021e-01
9.112903199999999870e-01 9.445187200000000338e-01 9.182305099999999998e-01
9.048914700000000311e-01 9.407566400000000328e-01 9.122179000000000260e-01
8.984925599999999957e-01 9.370156600000000280e-01 9.061902299999999855e-01
8.920931899999999803e-01 9.332955699999999633e-01 9.001479999999999482e-01
8.856945200000000407e-01 9.295954699999999793e-01 8.940929699999999869e-01
8.792966899999999919e-01 9.259149300000000249e-01 8.880259900000000428e-01
8.728990500000000097e-01 9.222538799999999704e-01 8.819471899999999920e-01
8.665021600000000213e-01 9.186117000000000310e-01 8.758576700000000326e-01
8.601062900000000511e-01 9.149879300000000049e-01 8.697582200000000263e-01
8.537114000000000091e-01 9.113822299999999599e-01 8.636493499999999823e-01
8.473167000000000337e-01 9.077946399999999860e-01 8.575308200000000269e-01
8.409227999999999703e-01 9.042245399999999655e-01 8.514035899999999879e-01
8.345297000000000409e-01 9.006716000000000166e-01 8.452680799999999772e-01
8.281373300000000048e-01 8.971355300000000144e-01 8.391245800000000088e-01
8.217454400000000492e-01 8.936161200000000138e-01 8.329731999999999692e-01
8.153534700000000246e-01 8.901132999999999962e-01 8.268137199999999742e-01
8.089619000000000115e-01 8.866265399999999630e-01 8.206468500000000388e-01
8.025705699999999831e-01 8.831555899999999903e-01 8.144727299999999781e-01
7.961793600000000026e-01 8.797002000000000432e-01 8.082914399999999722e-01
7.897881100000000432e-01 8.762601199999999757e-01 8.021030700000000291e-01
7.833966700000000172e-01 8.728351199999999643e-01 7.959076699999999560e-01
7.770047199999999821e-01 8.694250199999999928e-01 7.897051299999999774e-01
7.706120499999999929e-01 8.660295999999999550e-01 7.834953999999999530e-01
7.642187499999999467e-01 8.626485200000000297e-01 7.772787300000000288e-01
7.578246699999999780e-01 8.592815400000000103e-01 7.710550999999999933e-01
7.514296400000000098e-01 8.559284299999999623e-01 7.648244899999999680e-01
7.450334899999999649e-01 8.525889399999999618e-01 7.585868500000000347e-01
7.386360400000000492e-01 8.492628599999999528e-01 7.523421300000000533e-01
7.322371399999999531e-01 8.459499400000000113e-01 7.460902700000000554e-01
7.258366099999999932e-01 8.426499400000000417e-01 7.398311899999999719e-01
7.194342799999999816e-01 8.393626400000000487e-01 7.335648000000000168e-01
7.130299799999999522e-01 8.360878000000000476e-01 7.272910200000000103e-01
7.066235400000000499e-01 8.328251800000000538e-01 7.210097500000000048e-01
7.002147899999999758e-01 8.295745399999999714e-01 7.147208900000000531e-01
6.938035700000000361e-01 8.263356400000000379e-01 7.084243199999999963e-01
6.873897100000000426e-01 8.231082499999999857e-01 7.021199200000000085e-01
6.809730400000000294e-01 8.198921099999999518e-01 6.958075900000000313e-01
6.745529399999999898e-01 8.166871700000000178e-01 6.894867199999999974e-01
6.681295800000000007e-01 8.134930400000000006e-01 6.831575199999999626e-01
6.617028600000000038e-01 8.103094600000000369e-01 6.768199000000000298e-01
6.552726199999999723e-01 8.071361700000000416e-01 6.704737299999999900e-01
6.488387199999999799e-01 8.039729100000000406e-01 6.641188599999999775e-01
6.424010100000000500e-01 8.008194299999999988e-01 6.577551499999999551e-01
6.359584099999999740e-01 7.976758200000000354e-01 6.513814999999999467e-01
6.295115799999999595e-01 7.945415099999999509e-01 6.449985799999999880e-01
6.230604499999999879e-01 7.914162099999999533e-01 6.386062700000000314e-01
6.166047599999999740e-01 7.882997000000000476e-01 6.322042799999999518e-01
6.101433099999999943e-01 7.851920900000000092e-01 6.257913600000000187e-01
6.036771100000000168e-01 7.820926999999999740e-01 6.193684900000000493e-01
5.972059400000000462e-01 7.790012699999999679e-01 6.129353899999999689e-01
5.907283100000000342e-01 7.759180199999999861e-01 6.064904399999999640e-01
5.842455600000000526e-01 7.728421500000000055e-01 6.000349499999999558e-01
5.777566400000000435e-01 7.697736899999999549e-01 5.935677400000000103e-01
5.712614900000000384e-01 7.667123300000000530e-01 5.870886499999999897e-01
5.647603300000000326e-01 7.636576699999999551e-01 5.805977700000000130e-01
5.582521799999999867e-01 7.606097099999999944e-01 5.740939299999999745e-01
5.517377999999999449e-01 7.575678599999999818e-01 5.675777800000000317e-01
5.452161399999999603e-01 7.545321400000000178e-01 5.610480399999999701e-01
5.386876200000000336e-01 7.515020599999999718e-01 5.545049399999999462e-01
5.321520800000000273e-01 7.484773500000000412e-01 5.479481099999999882e-01
5.256086399999999603e-01 7.454579500000000358e-01 5.413763400000000114e-01
5.190582299999999538e-01 7.424432199999999593e-01 5.347903600000000202e-01
5.124999999999999556e-01 7.394330900000000151e-01 5.281889499999999904e-01
5.059336500000000125e-01 7.364273199999999964e-01 5.215714399999999973e-01
4.993597300000000017e-01 7.334253899999999549e-01 5.149380300000000465e-01
4.927780500000000230e-01 7.304270099999999877e-01 5.082880899999999702e-01
4.861882399999999937e-01 7.274319700000000388e-01 5.016207599999999989e-01
4.795899100000000082e-01 7.244400300000000126e-01 4.949350699999999770e-01
4.729835900000000093e-01 7.214507000000000003e-01 4.882310000000000261e-01
4.663692099999999785e-01 7.184636599999999484e-01 4.815078300000000255e-01
4.597467900000000163e-01 7.154785599999999857e-01 4.747648500000000160e-01
4.531163999999999747e-01 7.124950599999999579e-01 4.680013299999999932e-01
4.464781600000000128e-01 7.095127799999999541e-01 4.612164799999999842e-01
4.398322800000000199e-01 7.065313300000000130e-01 4.544095499999999954e-01
4.331790699999999994e-01 7.035503100000000121e-01 4.475797400000000037e-01
4.265182800000000274e-01 7.005694799999999667e-01 4.407255099999999870e-01
4.198505900000000235e-01 6.975883299999999787e-01 4.338462200000000046e-01
4.131768699999999739e-01 6.946063199999999993e-01 4.269412799999999786e-01
4.064977799999999752e-01 6.916229900000000486e-01 4.200096799999999964e-01
3.998127200000000103e-01 6.886382300000000178e-01 4.130487199999999803e-01
3.931242300000000189e-01 6.856510999999999578e-01 4.060591299999999904e-01
3.864317999999999920e-01 6.826615000000000322e-01 3.990377800000000086e-01
3.797381200000000123e-01 6.796685000000000088e-01 3.919849999999999723e-01
3.730427499999999785e-01 6.766720299999999799e-01 3.848969999999999891e-01
3.663487000000000271e-01 6.736711499999999964e-01 3.777737700000000087e-01
3.596576499999999954e-01 6.706653200000000092e-01 3.706131899999999813e-01
3.529716500000000257e-01 6.676539400000000013e-01 3.634130099999999808e-01
3.462931699999999835e-01 6.646363699999999763e-01 3.561709000000000125e-01
3.396252399999999949e-01 6.616118800000000411e-01 3.488844199999999729e-01
3.329714999999999758e-01 6.585796900000000509e-01 3.415510700000000122e-01
3.263363300000000078e-01 6.555389200000000249e-01 3.341682300000000105e-01
3.197249099999999733e-01 6.524885999999999742e-01 3.267332700000000201e-01
3.131424800000000008e-01 6.494278900000000077e-01 3.192420100000000205e-01
3.065962300000000251e-01 6.463556400000000091e-01 3.116913599999999729e-01
3.000936900000000240e-01 6.432707699999999917e-01 3.040765899999999800e-01
2.936447999999999836e-01 6.401718699999999762e-01 2.963940600000000147e-01
2.872604000000000268e-01 6.370575600000000227e-01 2.886384699999999803e-01
2.809536000000000255e-01 6.339262500000000244e-01 2.808043599999999751e-01
2.747401600000000110e-01 6.307760700000000220e-01 2.728861699999999835e-01
2.686381299999999750e-01 6.276050600000000479e-01 2.648764699999999750e-01
2.626700200000000041e-01 6.244107500000000144e-01 2.567691400000000068e-01
2.568614699999999806e-01 6.211905300000000185e-01 2.485548999999999953e-01
2.512439300000000042e-01 6.179412199999999578e-01 2.402250999999999970e-01
2.458551099999999878e-01 6.146590199999999449e-01 2.317705700000000091e-01
2.407401399999999914e-01 6.113394500000000065e-01 2.231812400000000030e-01
2.359531500000000004e-01 6.079771800000000059e-01 2.144462900000000116e-01
2.315593200000000129e-01 6.045656299999999650e-01 2.055557899999999882e-01
2.276367099999999921e-01 6.010968300000000264e-01 1.964996900000000046e-01
2.242786400000000013e-01 5.975608500000000323e-01 1.872721499999999983e-01
2.215944599999999931e-01 5.939454100000000070e-01 1.778760799999999920e-01
2.197088399999999886e-01 5.902355700000000427e-01 1.683269199999999910e-01
2.187552899999999911e-01 5.864136500000000085e-01 1.586658099999999905e-01
2.188579300000000061e-01 5.824604300000000290e-01 1.489769999999999983e-01
2.200960799999999995e-01 5.783584999999999976e-01 1.394053299999999940e-01
2.224504399999999993e-01 5.740988200000000097e-01 1.301646700000000101e-01
2.257617100000000043e-01 5.696881099999999698e-01 1.215079000000000020e-01
2.297454999999999914e-01 5.651511799999999752e-01 1.136585299999999937e-01
2.340780799999999939e-01 5.605238599999999849e-01 1.067421499999999940e-01
2.384863399999999911e-01 5.558418800000000104e-01 1.007728299999999938e-01
2.427869699999999908e-01 5.511335499999999721e-01 9.568717999999999668e-02
2.468770200000000026e-01 5.464184500000000000e-01 9.138767000000000418e-02
2.507079500000000127e-01 5.417091200000000439e-01 8.777129000000000181e-02
2.542636600000000024e-01 5.370132300000000081e-01 8.474270000000000413e-02
2.575468799999999781e-01 5.323350999999999500e-01 8.221878000000000519e-02
2.605679599999999874e-01 5.276772800000000263e-01 8.012845000000000384e-02
2.633406400000000147e-01 5.230411900000000447e-01 7.841111000000000608e-02
2.658804499999999904e-01 5.184274399999999616e-01 7.701528000000000540e-02
2.682029400000000008e-01 5.138361500000000470e-01 7.589709000000000039e-02
2.703229999999999800e-01 5.092671500000000018e-01 7.501892000000000282e-02
2.722540199999999855e-01 5.047202200000000527e-01 7.434809000000000556e-02
2.740084899999999934e-01 5.001949700000000165e-01 7.385632999999999782e-02
2.755981800000000259e-01 4.956908999999999899e-01 7.351934000000000247e-02
2.770323800000000225e-01 4.912077799999999828e-01 7.331472999999999463e-02
2.783216199999999918e-01 4.867449200000000253e-01 7.322459000000000606e-02
2.794741199999999925e-01 4.823019199999999951e-01 7.323211999999999777e-02
2.804975800000000241e-01 4.778783500000000073e-01 7.332273000000000263e-02
2.813991900000000213e-01 4.734737600000000213e-01 7.348370999999999376e-02
2.821856200000000259e-01 4.690876600000000174e-01 7.370401999999999509e-02
2.828626100000000143e-01 4.647197000000000133e-01 7.397352000000000094e-02
2.834356399999999887e-01 4.603694600000000081e-01 7.428352000000000566e-02
2.839098500000000191e-01 4.560365399999999902e-01 7.462642999999999360e-02
2.842900600000000111e-01 4.517205200000000143e-01 7.499567000000000039e-02
2.845800700000000183e-01 4.474211499999999897e-01 7.538469999999999893e-02
2.847841500000000137e-01 4.431380100000000266e-01 7.578856000000000481e-02
2.849060199999999821e-01 4.388707499999999762e-01 7.620261999999999869e-02
2.849490700000000265e-01 4.346190600000000015e-01 7.662273999999999474e-02
2.849165200000000064e-01 4.303826199999999935e-01 7.704526999999999903e-02
2.848113199999999789e-01 4.261611200000000044e-01 7.746699999999999420e-02
2.846359900000000054e-01 4.219543399999999833e-01 7.788470999999999589e-02
2.843934799999999763e-01 4.177619000000000193e-01 7.829632999999999732e-02
2.840862800000000243e-01 4.135834999999999928e-01 7.869974000000000414e-02
2.837162999999999768e-01 4.094189999999999774e-01 7.909239999999999327e-02
2.832860500000000115e-01 4.052680000000000171e-01 7.947310999999999959e-02
2.827973599999999976e-01 4.011303199999999847e-01 7.984003000000000627e-02
2.822523100000000063e-01 3.970056599999999825e-01 8.019202000000000274e-02
2.816524400000000039e-01 3.928938399999999942e-01 8.052755999999999803e-02
2.809998000000000218e-01 3.887945199999999768e-01 8.084603999999999402e-02
2.802957099999999757e-01 3.847075600000000040e-01 8.114612000000000214e-02
2.795417700000000227e-01 3.806326899999999958e-01 8.142707999999999890e-02
2.787395400000000079e-01 3.765696499999999780e-01 8.168838000000000488e-02
2.778903500000000082e-01 3.725182300000000057e-01 8.192931999999999992e-02
2.769954800000000161e-01 3.684782200000000230e-01 8.214928000000000508e-02
2.760560400000000025e-01 3.644494400000000134e-01 8.234761000000000164e-02
2.750733499999999943e-01 3.604316300000000028e-01 8.252407999999999966e-02
2.740485300000000124e-01 3.564245699999999961e-01 8.267831000000000485e-02
2.729826300000000039e-01 3.524280599999999875e-01 8.280996000000000190e-02
2.718766499999999975e-01 3.484418799999999816e-01 8.291874999999999940e-02
2.707315800000000272e-01 3.444658500000000179e-01 8.300441999999999543e-02
2.695483399999999974e-01 3.404997300000000005e-01 8.306678000000000672e-02
2.683278099999999999e-01 3.365433400000000241e-01 8.310563999999999452e-02
2.670707999999999971e-01 3.325964800000000277e-01 8.312078999999999995e-02
2.657780800000000276e-01 3.286589600000000000e-01 8.311205000000000676e-02
2.644504899999999825e-01 3.247305500000000067e-01 8.307942999999999578e-02
2.630887599999999771e-01 3.208110499999999865e-01 8.302283000000000579e-02
2.616936200000000157e-01 3.169002599999999892e-01 8.294218999999999897e-02
2.602656999999999887e-01 3.129979800000000090e-01 8.283741999999999495e-02
2.588055300000000059e-01 3.091040600000000138e-01 8.270826000000000566e-02
2.573138799999999948e-01 3.052182500000000243e-01 8.255492999999999859e-02
2.557913299999999834e-01 3.013403299999999896e-01 8.237742000000000675e-02
2.542383300000000124e-01 2.974701499999999887e-01 8.217546000000000572e-02
2.526554699999999931e-01 2.936074900000000265e-01 8.194915999999999312e-02
2.510433400000000037e-01 2.897521200000000019e-01 8.169866000000000628e-02
2.494022599999999867e-01 2.859038999999999886e-01 8.142360999999999349e-02
2.477328400000000097e-01 2.820625700000000124e-01 8.112427999999999306e-02
2.460354899999999956e-01 2.782279300000000122e-01 8.080060999999999494e-02
2.443105700000000047e-01 2.743998100000000218e-01 8.045246000000000342e-02
2.425586200000000026e-01 2.705779400000000168e-01 8.008010999999999602e-02
2.407798300000000002e-01 2.667621800000000154e-01 7.968318000000000623e-02
2.389747899999999925e-01 2.629522400000000038e-01 7.926208999999999338e-02
2.371436199999999994e-01 2.591479800000000000e-01 7.881643000000000676e-02
2.352868899999999985e-01 2.553491099999999903e-01 7.834662000000000570e-02
2.334046800000000033e-01 2.515554799999999980e-01 7.785224999999999784e-02
2.314974900000000002e-01 2.477667899999999868e-01 7.733370999999999995e-02
2.295654500000000042e-01 2.439828900000000078e-01 7.679068999999999479e-02
2.276089199999999924e-01 2.402034700000000023e-01 7.622341000000000533e-02
2.256281099999999928e-01 2.364283500000000093e-01 7.563177000000000094e-02
2.236232400000000009e-01 2.326572699999999994e-01 7.501578000000000412e-02
2.215945900000000079e-01 2.288899699999999982e-01 7.437557000000000196e-02
2.195422399999999996e-01 2.251262500000000000e-01 7.371086999999999778e-02
2.174664900000000123e-01 2.213657900000000067e-01 7.302195000000000213e-02
2.153674600000000106e-01 2.176083799999999902e-01 7.230872000000000688e-02
2.132452699999999868e-01 2.138537399999999866e-01 7.157112000000000196e-02
2.111001299999999969e-01 2.101015900000000047e-01 7.080928000000000222e-02
2.089321000000000095e-01 2.063516699999999870e-01 7.002313000000000287e-02
2.067412700000000048e-01 2.026036900000000029e-01 6.921265000000000056e-02
2.045277699999999976e-01 1.988573499999999883e-01 6.837793999999999817e-02
2.022916499999999895e-01 1.951123499999999900e-01 6.751901000000000430e-02
2.000329000000000135e-01 1.913684200000000113e-01 6.663573999999999886e-02
1.977515999999999996e-01 1.876252099999999867e-01 6.572830999999999813e-02
1.954477500000000034e-01 1.838824000000000014e-01 6.479672000000000209e-02
1.931212999999999957e-01 1.801396899999999912e-01 6.384094999999999354e-02
1.907721900000000081e-01 1.763967200000000068e-01 6.286104000000000691e-02
1.884003800000000062e-01 1.726531500000000052e-01 6.185709000000000346e-02
1.860057800000000094e-01 1.689086200000000093e-01 6.082917000000000185e-02
1.835882299999999911e-01 1.651627699999999865e-01 5.977728999999999682e-02
1.811475499999999905e-01 1.614152399999999876e-01 5.870150999999999841e-02
1.786835800000000085e-01 1.576656200000000063e-01 5.760197999999999707e-02
1.761960700000000102e-01 1.539135299999999928e-01 5.647879000000000094e-02
1.736847599999999936e-01 1.501585599999999965e-01 5.533203999999999900e-02
1.711493000000000042e-01 1.464003200000000005e-01 5.416183000000000108e-02
1.685893199999999870e-01 1.426383699999999866e-01 5.296827999999999953e-02
1.660044300000000084e-01 1.388722900000000093e-01 5.175157999999999842e-02
1.633941499999999880e-01 1.351016300000000003e-01 5.051188000000000206e-02
1.607579299999999933e-01 1.313259499999999969e-01 4.924931999999999921e-02
1.580951700000000071e-01 1.275447799999999965e-01 4.796409000000000089e-02
1.554051899999999986e-01 1.237576900000000035e-01 4.665629000000000304e-02
1.526872499999999966e-01 1.199641800000000036e-01 4.532611999999999752e-02
1.499405400000000110e-01 1.161637799999999943e-01 4.397373999999999727e-02
1.471641399999999988e-01 1.123559999999999975e-01 4.259925999999999990e-02
1.443570499999999868e-01 1.085403399999999990e-01 4.120279000000000302e-02
1.415181899999999882e-01 1.047162999999999983e-01 3.977632999999999863e-02
1.386463699999999910e-01 1.008833499999999966e-01 3.834103999999999984e-02
1.357403000000000082e-01 9.704097999999999891e-02 3.691515000000000074e-02
1.327986100000000114e-01 9.318861999999999979e-02 3.549973000000000017e-02
1.298198299999999972e-01 8.932571000000000261e-02 3.409577999999999914e-02
1.268023899999999871e-01 8.545163999999999538e-02 3.270415000000000127e-02
1.237446299999999944e-01 8.156576000000000104e-02 3.132561999999999847e-02
1.206447799999999931e-01 7.766739000000000281e-02 2.996087000000000056e-02
1.175010199999999977e-01 7.375576999999999828e-02 2.861046000000000075e-02
1.143114199999999969e-01 6.983005999999999935e-02 2.727484999999999979e-02
1.110739899999999974e-01 6.588932000000000122e-02 2.595441999999999888e-02
1.077866700000000011e-01 6.193248999999999976e-02 2.464948000000000139e-02
