5.74852627e-01 9.92750637e-01 1.64217519e-01
5.64647238e-01 9.88966475e-01 1.76537253e-01
5.54619611e-01 9.85138310e-01 1.88151916e-01
5.44765092e-01 9.81268834e-01 1.99155823e-01
5.35079713e-01 9.77360502e-01 2.09620633e-01
5.25557598e-01 9.73415878e-01 2.19608666e-01
5.16195510e-01 9.69437061e-01 2.29164657e-01
5.06988519e-01 9.65426238e-01 2.38330236e-01
4.97932420e-01 9.61385391e-01 2.47139319e-01
4.89023856e-01 9.57316307e-01 2.55619215e-01
4.80259373e-01 9.53220690e-01 2.63794091e-01
4.71635187e-01 9.49100186e-01 2.71686356e-01
4.63148191e-01 9.44956287e-01 2.79314530e-01
4.54795453e-01 9.40790397e-01 2.86695023e-01
4.46574212e-01 9.36603830e-01 2.93842462e-01
4.38481878e-01 9.32397820e-01 3.00769952e-01
4.30516036e-01 9.28173527e-01 3.07489285e-01
4.22674809e-01 9.23932020e-01 3.14010049e-01
4.14955872e-01 9.19674341e-01 3.20342548e-01
4.07357188e-01 9.15401461e-01 3.26495860e-01
3.99876972e-01 9.11114287e-01 3.32478031e-01
3.92514073e-01 9.06813664e-01 3.38294895e-01
3.85266651e-01 9.02500417e-01 3.43954178e-01
3.78133169e-01 8.98175314e-01 3.49462609e-01
3.71113060e-01 8.93839079e-01 3.54823632e-01
3.64204494e-01 8.89492408e-01 3.60044807e-01
3.57406930e-01 8.85135957e-01 3.65129347e-01
3.50719153e-01 8.80770349e-01 3.70082807e-01
3.44140592e-01 8.76396184e-01 3.74908442e-01
3.37670274e-01 8.72014021e-01 3.79611116e-01
3.31307863e-01 8.67624418e-01 3.84193200e-01
3.25052463e-01 8.63227870e-01 3.88659557e-01
3.18903920e-01 8.58824901e-01 3.93011866e-01
3.12861597e-01 8.54415965e-01 3.97254173e-01
3.06925167e-01 8.50001515e-01 4.01389283e-01
3.01094519e-01 8.45582018e-01 4.05418791e-01
2.95369247e-01 8.41157865e-01 4.09346291e-01
2.89749209e-01 8.36729462e-01 4.13174037e-01
2.84234381e-01 8.32297230e-01 4.16903364e-01
2.78824587e-01 8.27861521e-01 4.20537142e-01
2.73519788e-01 8.23422696e-01 4.24077392e-01
2.68319984e-01 8.18981109e-01 4.27525955e-01
2.63225203e-01 8.14537131e-01 4.30883997e-01
2.58235448e-01 8.10091064e-01 4.34153862e-01
2.53350771e-01 8.05643229e-01 4.37337153e-01
2.48571228e-01 8.01193940e-01 4.40435398e-01
2.43896875e-01 7.96743501e-01 4.43450062e-01
2.39327731e-01 7.92292226e-01 4.46382259e-01
2.34863842e-01 7.87840388e-01 4.49233628e-01
2.30505224e-01 7.83388266e-01 4.52005515e-01
2.26251860e-01 7.78936134e-01 4.54699165e-01
2.22103696e-01 7.74484261e-01 4.57315775e-01
2.18060632e-01 7.70032911e-01 4.59856502e-01
2.14122511e-01 7.65582342e-01 4.62322465e-01
2.10289118e-01 7.61132807e-01 4.64714743e-01
2.06560130e-01 7.56684563e-01 4.67034270e-01
2.02935213e-01 7.52237844e-01 4.69282190e-01
1.99413918e-01 7.47792889e-01 4.71459497e-01
1.95995695e-01 7.43349933e-01 4.73567148e-01
1.92679893e-01 7.38909209e-01 4.75606076e-01
1.89465746e-01 7.34470946e-01 4.77577191e-01
1.86352373e-01 7.30035368e-01 4.79481384e-01
1.83338765e-01 7.25602698e-01 4.81319527e-01
1.80423784e-01 7.21173155e-01 4.83092474e-01
1.77606154e-01 7.16746957e-01 4.84801066e-01
1.74884459e-01 7.12324316e-01 4.86446129e-01
1.72257139e-01 7.07905444e-01 4.88028479e-01
1.69722486e-01 7.03490550e-01 4.89548921e-01
1.67278644e-01 6.99079839e-01 4.91008252e-01
1.64923609e-01 6.94673517e-01 4.92407263e-01
1.62655231e-01 6.90271783e-01 4.93746737e-01
1.60471211e-01 6.85874838e-01 4.95027457e-01
1.58369110e-01 6.81482877e-01 4.96250198e-01
1.56346353e-01 6.77096094e-01 4.97415739e-01
1.54400230e-01 6.72714681e-01 4.98524857e-01
1.52527906e-01 6.68338826e-01 4.99578327e-01
1.50726431e-01 6.63968714e-01 5.00576933e-01
1.48992743e-01 6.59604530e-01 5.01521456e-01
1.47323682e-01 6.55246452e-01 5.02412686e-01
1.45716000e-01 6.50894657e-01 5.03251418e-01
1.44166368e-01 6.46549317e-01 5.04038452e-01
1.42671394e-01 6.42210603e-01 5.04774597e-01
1.41227634e-01 6.37878678e-01 5.05460678e-01
1.39831593e-01 6.33553704e-01 5.06097519e-01
1.38479748e-01 6.29235838e-01 5.06685957e-01
1.37168558e-01 6.24925230e-01 5.07226842e-01
1.35894475e-01 6.20622027e-01 5.07721037e-01
1.34653956e-01 6.16326371e-01 5.08169413e-01
1.33443474e-01 6.12038396e-01 5.08572860e-01
1.32259532e-01 6.07758230e-01 5.08932277e-01
1.31098670e-01 6.03485996e-01 5.09248580e-01
1.29957477e-01 5.99221808e-01 5.09522698e-01
1.28832602e-01 5.94965774e-01 5.09755575e-01
1.27720760e-01 5.90717992e-01 5.09948170e-01
1.26618745e-01 5.86478552e-01 5.10101457e-01
1.25523433e-01 5.82247537e-01 5.10216424e-01
1.24431795e-01 5.78025018e-01 5.10294074e-01
1.23340899e-01 5.73811056e-01 5.10335426e-01
1.22247921e-01 5.69605704e-01 5.10341511e-01
1.21150146e-01 5.65409001e-01 5.10313376e-01
1.20044979e-01 5.61220975e-01 5.10252080e-01
1.18930089e-01 5.57041626e-01 5.10158786e-01
1.17803008e-01 5.52870972e-01 5.10034499e-01
1.16661522e-01 5.48709003e-01 5.09880314e-01
1.15503552e-01 5.44555697e-01 5.09697336e-01
1.14327161e-01 5.40411015e-01 5.09486680e-01
1.13130555e-01 5.36274905e-01 5.09249469e-01
1.11912087e-01 5.32147301e-01 5.08986831e-01
1.10670423e-01 5.28028098e-01 5.08699999e-01
1.09404207e-01 5.23917198e-01 5.08390102e-01
1.08112144e-01 5.19814501e-01 5.08058208e-01
1.06793215e-01 5.15719873e-01 5.07705459e-01
1.05446571e-01 5.11633165e-01 5.07332993e-01
1.04071741e-01 5.07554181e-01 5.06942073e-01
1.02668262e-01 5.03482730e-01 5.06533852e-01
1.01235611e-01 4.99418634e-01 5.06109329e-01
9.97736576e-02 4.95361670e-01 5.05669619e-01
9.82827704e-02 4.91311556e-01 5.05216006e-01
9.67632274e-02 4.87268029e-01 5.04749581e-01
9.52152525e-02 4.83230843e-01 5.04271263e-01
9.36397198e-02 4.79199673e-01 5.03782209e-01
9.20379794e-02 4.75174146e-01 5.03283693e-01
9.04106920e-02 4.71153989e-01 5.02776418e-01
8.87596517e-02 4.67138794e-01 5.02261575e-01
8.70867884e-02 4.63128154e-01 5.01740244e-01
8.53936055e-02 4.59121731e-01 5.01213058e-01
8.36833723e-02 4.55118980e-01 5.00681457e-01
8.19579438e-02 4.51119558e-01 5.00145842e-01
8.02210238e-02 4.47122913e-01 4.99607431e-01
7.84756422e-02 4.43128602e-01 4.99066804e-01
7.67260425e-02 4.39136059e-01 4.98524953e-01
7.49761210e-02 4.35144796e-01 4.97982392e-01
7.32312210e-02 4.31154178e-01 4.97440127e-01
7.14957637e-02 4.27163724e-01 4.96898347e-01
6.97766848e-02 4.23172683e-01 4.96358263e-01
6.80793178e-02 4.19180547e-01 4.95819876e-01
6.64107316e-02 4.15186642e-01 4.95283757e-01
6.47791261e-02 4.11190202e-01 4.94750682e-01
6.31917902e-02 4.07190624e-01 4.94220582e-01
6.16574744e-02 4.03187178e-01 4.93693765e-01
6.01858155e-02 3.99179071e-01 4.93170597e-01
5.87868115e-02 3.95165514e-01 4.92651254e-01
5.74704327e-02 3.91145759e-01 4.92135562e-01
5.62475487e-02 3.87118979e-01 4.91623470e-01
5.51293809e-02 3.83084325e-01 4.91114817e-01
5.41273763e-02 3.79040921e-01 4.90609326e-01
5.32530510e-02 3.74987872e-01 4.90106593e-01
5.25178039e-02 3.70924260e-01 4.89606072e-01
5.19327048e-02 3.66849143e-01 4.89107069e-01
5.15082626e-02 3.62761561e-01 4.88608716e-01
5.12541817e-02 3.58660536e-01 4.88109967e-01
5.11799246e-02 3.54544979e-01 4.87609886e-01
5.12927954e-02 3.50413888e-01 4.87106953e-01
5.15983065e-02 3.46266287e-01 4.86599289e-01
5.21019430e-02 3.42101002e-01 4.86085357e-01
5.28063608e-02 3.37916979e-01 4.85562896e-01
5.37126312e-02 3.33713142e-01 4.85029395e-01
5.48203752e-02 3.29488373e-01 4.84482096e-01
5.61280366e-02 3.25241501e-01 4.83918027e-01
5.76310445e-02 3.20971544e-01 4.83333251e-01
5.93247061e-02 3.16677387e-01 4.82723812e-01
6.12030508e-02 3.12357948e-01 4.82085180e-01
6.32589880e-02 3.08012203e-01 4.81412187e-01
6.54844621e-02 3.03639210e-01 4.80698932e-01
6.78705941e-02 2.99238137e-01 4.79938698e-01
7.04078011e-02 2.94808298e-01 4.79123842e-01
7.30858873e-02 2.90349199e-01 4.78245687e-01
7.58965481e-02 2.85860199e-01 4.77295154e-01
7.88272701e-02 2.81341520e-01 4.76260697e-01
8.18688858e-02 2.76793130e-01 4.75130510e-01
8.50095877e-02 2.72215766e-01 4.73890543e-01
8.82374155e-02 2.67610619e-01 4.72525146e-01
9.15398298e-02 2.62979499e-01 4.71016828e-01
9.49040714e-02 2.58324855e-01 4.69346235e-01
9.83147177e-02 2.53650331e-01 4.67491569e-01
1.01755545e-01 2.48960541e-01 4.65429116e-01
1.05207932e-01 2.44261476e-01 4.63133123e-01
1.08651414e-01 2.39560480e-01 4.60576304e-01
1.12062376e-01 2.34866568e-01 4.57730325e-01
1.15413986e-01 2.30190426e-01 4.54566897e-01
1.18676425e-01 2.25544270e-01 4.51059257e-01
1.21818200e-01 2.20941364e-01 4.47183928e-01
1.24804835e-01 2.16395913e-01 4.42922963e-01
1.27602648e-01 2.11921837e-01 4.38265903e-01
1.30179197e-01 2.07532110e-01 4.33211632e-01
1.32505992e-01 2.03237684e-01 4.27769184e-01
1.34560275e-01 1.99046707e-01 4.21957527e-01
1.36326090e-01 1.94964063e-01 4.15804356e-01
1.37795579e-01 1.90991170e-01 4.09343412e-01
1.38967436e-01 1.87126423e-01 4.02612596e-01
1.39846919e-01 1.83365597e-01 3.95650820e-01
1.40444257e-01 1.79702559e-01 3.88495953e-01
1.40772714e-01 1.76129973e-01 3.81183848e-01
1.40847732e-01 1.72639828e-01 3.73747030e-01
1.40686073e-01 1.69223919e-01 3.66213872e-01
1.40304271e-01 1.65874185e-01 3.58609518e-01
1.39718386e-01 1.62582909e-01 3.50955753e-01
1.38943919e-01 1.59342855e-01 3.43270804e-01
1.37995545e-01 1.56147362e-01 3.35569653e-01
1.36886227e-01 1.52990269e-01 3.27866060e-01
1.35628627e-01 1.49866061e-01 3.20169916e-01
1.34233541e-01 1.46769646e-01 3.12491027e-01
1.32711152e-01 1.43696471e-01 3.04836727e-01
1.31070655e-01 1.40642428e-01 2.97213048e-01
1.29320162e-01 1.37603760e-01 2.89625509e-01
1.27467350e-01 1.34577165e-01 2.82077556e-01
1.25518919e-01 1.31559604e-01 2.74572526e-01
1.23480648e-01 1.28548221e-01 2.67114029e-01
1.21358214e-01 1.25540574e-01 2.59703397e-01
1.19156528e-01 1.22534369e-01 2.52342206e-01
1.16879878e-01 1.19527437e-01 2.45032190e-01
1.14532212e-01 1.16517811e-01 2.37774372e-01
1.12117200e-01 1.13503724e-01 2.30568921e-01
1.09638045e-01 1.10483485e-01 2.23416177e-01
1.07097489e-01 1.07455430e-01 2.16316916e-01
1.04498225e-01 1.04418123e-01 2.09270482e-01
1.01842583e-01 1.01370159e-01 2.02276416e-01
9.91325931e-02 9.83101644e-02 1.95334327e-01
9.63698740e-02 9.52366871e-02 1.88444731e-01
9.35562840e-02 9.21486320e-02 1.81605315e-01
9.06928991e-02 8.90445098e-02 1.74817115e-01
8.77811624e-02 8.59232688e-02 1.68077535e-01
8.48218482e-02 8.27834810e-02 1.61386991e-01
8.18158646e-02 7.96239620e-02 1.54743720e-01
7.87638605e-02 7.64434440e-02 1.48146391e-01
7.56662427e-02 7.32405638e-02 1.41594103e-01
7.25232430e-02 7.00139041e-02 1.35085949e-01
6.93350437e-02 6.67621152e-02 1.28619945e-01
6.61015690e-02 6.34836996e-02 1.22194653e-01
6.28225664e-02 6.01770799e-02 1.15808512e-01
5.94975979e-02 5.68405830e-02 1.09459831e-01
5.61260289e-02 5.34724206e-02 1.03146786e-01
5.27070131e-02 5.00706690e-02 9.68674063e-02
4.92394744e-02 4.66332443e-02 9.06195645e-02
4.57220840e-02 4.31578738e-02 8.44009559e-02
4.21532261e-02 3.96331513e-02 7.82091372e-02
3.85255835e-02 3.61497958e-02 7.20418884e-02
3.49892200e-02 3.28102232e-02 6.58957060e-02
3.15983875e-02 2.96157344e-02 5.97672681e-02
2.83564640e-02 2.65677628e-02 5.36528782e-02
2.52667371e-02 2.36678063e-02 4.75492945e-02
2.23325910e-02 2.09176951e-02 4.14509396e-02
1.95573692e-02 1.83193489e-02 3.54578719e-02
1.69444422e-02 1.58748413e-02 2.99782112e-02
1.44973639e-02 1.35866323e-02 2.50165424e-02
1.22197747e-02 1.14573496e-02 2.05550431e-02
1.01155816e-02 9.49004748e-03 1.65756523e-02
8.18898616e-03 7.68817704e-03 1.30614526e-02
6.44463550e-03 6.05575406e-03 9.99605977e-03
4.88778083e-03 4.59749713e-03 7.36401399e-03
3.52454763e-03 3.31909997e-03 5.15063711e-03
2.36233495e-03 2.22760017e-03 3.34266510e-03
1.41056560e-03 1.33213369e-03 1.92816452e-03
6.82125457e-04 6.45301687e-04 8.98196221e-04
1.97077196e-04 1.86787898e-04 2.49243579e-04
0.00000000e+00 0.00000000e+00 0.00000000e+00
2.46788843e-04 1.70190990e-04 2.21112777e-04
8.80351106e-04 5.79414521e-04 7.83025715e-04
1.87179232e-03 1.17944720e-03 1.65384003e-03
3.21570441e-03 1.94616575e-03 2.82410718e-03
4.91285209e-03 2.86286203e-03 4.29037160e-03
6.96674512e-03 3.91660447e-03 6.05184400e-03
9.38248001e-03 5.09671288e-03 8.10921828e-03
1.21663138e-02 6.39393482e-03 1.04641816e-02
1.53253320e-02 7.80002162e-03 1.31190717e-02
1.88669096e-02 9.30761868e-03 1.60764422e-02
2.27992441e-02 1.09097878e-02 1.93393627e-02
2.71308390e-02 1.26000814e-02 2.29110351e-02
3.18702285e-02 1.43725522e-02 2.67945841e-02
3.70271618e-02 1.62211291e-02 3.09937995e-02
4.25419698e-02 1.81405244e-02 3.55117263e-02
4.80634913e-02 2.01250903e-02 4.03522001e-02
5.35663915e-02 2.21697800e-02 4.52623086e-02
5.90550865e-02 2.42692519e-02 5.01390402e-02
6.45326941e-02 2.64187066e-02 5.49865871e-02
7.00028632e-02 2.86128630e-02 5.98078217e-02
7.54677590e-02 3.08472290e-02 6.46044628e-02
8.09305700e-02 3.31164851e-02 6.93788191e-02
8.63930313e-02 3.54161930e-02 7.41321041e-02
9.18572441e-02 3.77415556e-02 7.88656909e-02
9.73255437e-02 4.00874307e-02 8.35810180e-02
1.02799134e-01 4.23882751e-02 8.82786918e-02
1.08279640e-01 4.46212344e-02 9.29595252e-02
1.13768935e-01 4.67919274e-02 9.76244151e-02
1.19268121e-01 4.89012857e-02 1.02273690e-01
1.24778382e-01 5.09499630e-02 1.06907664e-01
1.30300930e-01 5.29383857e-02 1.11526608e-01
1.35836902e-01 5.48668689e-02 1.16130677e-01
1.41387365e-01 5.67356257e-02 1.20719916e-01
1.46953428e-01 5.85446675e-02 1.25294331e-01
1.52535895e-01 6.02941573e-02 1.29853677e-01
1.58135605e-01 6.19840921e-02 1.34397669e-01
1.63753382e-01 6.36143583e-02 1.38925946e-01
1.69389999e-01 6.51847745e-02 1.43438049e-01
1.75046340e-01 6.66949310e-02 1.47933511e-01
1.80723039e-01 6.81445618e-02 1.52411653e-01
1.86420687e-01 6.95333495e-02 1.56871703e-01
1.92139868e-01 7.08608868e-02 1.61312813e-01
1.97881123e-01 7.21267232e-02 1.65734034e-01
2.03645126e-01 7.33301634e-02 1.70134406e-01
2.09432664e-01 7.44702885e-02 1.74512928e-01
2.15243707e-01 7.55470189e-02 1.78868127e-01
2.21078972e-01 7.65593430e-02 1.83198798e-01
2.26939027e-01 7.75063281e-02 1.87503558e-01
2.32823822e-01 7.83876962e-02 1.91780666e-01
2.38734301e-01 7.92018931e-02 1.96028695e-01
2.44670243e-01 7.99487038e-02 2.00245631e-01
2.50632146e-01 8.06269573e-02 2.04429642e-01
2.56620440e-01 8.12354792e-02 2.08578738e-01
2.62634924e-01 8.17738322e-02 2.12690589e-01
2.68675840e-01 8.22409515e-02 2.16762898e-01
2.74743554e-01 8.26355204e-02 2.20793260e-01
2.80837999e-01 8.29567315e-02 2.24778994e-01
2.86959051e-01 8.32038093e-02 2.28717266e-01
2.93106651e-01 8.33758347e-02 2.32605110e-01
2.99280647e-01 8.34719667e-02 2.36439384e-01
3.05480826e-01 8.34914165e-02 2.40216765e-01
3.11707207e-01 8.34330018e-02 2.43933793e-01
3.17959048e-01 8.32966578e-02 2.47586707e-01
3.24235760e-01 8.30821069e-02 2.51171609e-01
3.30537147e-01 8.27884545e-02 2.54684454e-01
3.36862257e-01 8.24160195e-02 2.58120931e-01
3.43210368e-01 8.19648171e-02 2.61476566e-01
3.49580305e-01 8.14356949e-02 2.64746691e-01
3.55971471e-01 8.08286322e-02 2.67926427e-01
3.62382132e-01 8.01457091e-02 2.71010756e-01
3.68810943e-01 7.93885657e-02 2.73994484e-01
3.75256328e-01 7.85595082e-02 2.76872268e-01
3.81716471e-01 7.76616114e-02 2.79638652e-01
3.88189307e-01 7.66988299e-02 2.82288105e-01
3.94672512e-01 7.56761148e-02 2.84815072e-01
4.01163505e-01 7.45995352e-02 2.87214023e-01
4.07659964e-01 7.34753238e-02 2.89479294e-01
4.14158337e-01 7.23130544e-02 2.91605747e-01
4.20655759e-01 7.11218448e-02 2.93588067e-01
4.27148404e-01 6.99139253e-02 2.95421588e-01
4.33632887e-01 6.87017724e-02 2.97101665e-01
4.40105073e-01 6.75008091e-02 2.98624459e-01
4.46560821e-01 6.63278684e-02 2.99986634e-01
4.52995877e-01 6.52014537e-02 3.01185521e-01
4.59405859e-01 6.41417479e-02 3.02219258e-01
4.65786321e-01 6.31703684e-02 3.03086872e-01
4.72132818e-01 6.23100089e-02 3.03788343e-01
4.78440981e-01 6.15839644e-02 3.04324644e-01
4.84706629e-01 6.10154441e-02 3.04697704e-01
4.90925729e-01 6.06271589e-02 3.04910528e-01
4.97094501e-01 6.04404910e-02 3.04967133e-01
5.03209552e-01 6.04745529e-02 3.04872367e-01
5.09267872e-01 6.07456056e-02 3.04631877e-01
5.15266819e-01 6.12665871e-02 3.04252101e-01
5.21204234e-01 6.20464480e-02 3.03739977e-01
5.27078378e-01 6.30900878e-02 3.03102940e-01
5.32887997e-01 6.43981924e-02 3.02348641e-01
5.38632259e-01 6.59675563e-02 3.01484916e-01
5.44310687e-01 6.77915498e-02 3.00519779e-01
5.49923273e-01 6.98603487e-02 2.99460914e-01
5.55470305e-01 7.21618413e-02 2.98315938e-01
5.60952363e-01 7.46821725e-02 2.97092217e-01
5.66370283e-01 7.74063564e-02 2.95796793e-01
5.71725107e-01 8.03188404e-02 2.94436366e-01
5.77018069e-01 8.34039476e-02 2.93017160e-01
5.82250534e-01 8.66462973e-02 2.91544979e-01
5.87423948e-01 9.00311165e-02 2.90025297e-01
5.92539854e-01 9.35443915e-02 2.88463028e-01
5.97599832e-01 9.71730484e-02 2.86862686e-01
6.02605485e-01 1.00905020e-01 2.85228362e-01
6.07558405e-01 1.04729279e-01 2.83563833e-01
6.12460138e-01 1.08635821e-01 2.81872796e-01
6.17312300e-01 1.12615604e-01 2.80157831e-01
6.22116362e-01 1.16660540e-01 2.78422113e-01
6.26873839e-01 1.20763419e-01 2.76667704e-01
6.31586116e-01 1.24917809e-01 2.74897225e-01
6.36254603e-01 1.29118063e-01 2.73112147e-01
6.40880584e-01 1.33359147e-01 2.71314531e-01
6.45465317e-01 1.37636652e-01 2.69505856e-01
6.50010005e-01 1.41946733e-01 2.67687274e-01
6.54515777e-01 1.46286001e-01 2.65859996e-01
6.58983703e-01 1.50651499e-01 2.64025064e-01
6.63414799e-01 1.55040648e-01 2.62183375e-01
6.67810022e-01 1.59451211e-01 2.60335692e-01
6.72170274e-01 1.63881253e-01 2.58482655e-01
6.76496404e-01 1.68329102e-01 2.56624794e-01
6.80789208e-01 1.72793327e-01 2.54762541e-01
6.85049432e-01 1.77272703e-01 2.52896240e-01
6.89277771e-01 1.81766190e-01 2.51026152e-01
6.93474875e-01 1.86272910e-01 2.49152470e-01
6.97641359e-01 1.90792059e-01 2.47275612e-01
7.01777789e-01 1.95323034e-01 2.45395605e-01
7.05884677e-01 1.99865383e-01 2.43512283e-01
7.09962525e-01 2.04418610e-01 2.41625992e-01
7.14011781e-01 2.08982407e-01 2.39736628e-01
7.18032844e-01 2.13556567e-01 2.37843966e-01
7.22026131e-01 2.18140781e-01 2.35948365e-01
7.25991951e-01 2.22735052e-01 2.34049224e-01
7.29930668e-01 2.27339156e-01 2.32146929e-01
7.33842540e-01 2.31953159e-01 2.30240954e-01
7.37727844e-01 2.36577014e-01 2.28331301e-01
7.41586836e-01 2.41210710e-01 2.26417939e-01
7.45419693e-01 2.45854402e-01 2.24500355e-01
7.49226639e-01 2.50508089e-01 2.22578648e-01
7.53007844e-01 2.55171876e-01 2.20652616e-01
7.56763429e-01 2.59845949e-01 2.18721832e-01
7.60493522e-01 2.64530441e-01 2.16786108e-01
7.64198258e-01 2.69225451e-01 2.14845406e-01
7.67877724e-01 2.73931147e-01 2.12899477e-01
7.71531972e-01 2.78647752e-01 2.10947947e-01
7.75161057e-01 2.83375442e-01 2.08990591e-01
7.78765021e-01 2.88114408e-01 2.07027184e-01
7.82343888e-01 2.92864841e-01 2.05057491e-01
7.85897669e-01 2.97626943e-01 2.03081278e-01
7.89426360e-01 3.02400915e-01 2.01098305e-01
7.92929942e-01 3.07186964e-01 1.99108332e-01
7.96408387e-01 3.11985299e-01 1.97111118e-01
7.99861650e-01 3.16796131e-01 1.95106422e-01
8.03289677e-01 3.21619669e-01 1.93094002e-01
8.06692404e-01 3.26456126e-01 1.91073622e-01
8.10069752e-01 3.31305712e-01 1.89045045e-01
8.13421635e-01 3.36168636e-01 1.87008038e-01
8.16747958e-01 3.41045108e-01 1.84962373e-01
8.20048613e-01 3.45935334e-01 1.82907827e-01
8.23323486e-01 3.50839518e-01 1.80844184e-01
8.26572498e-01 3.55757802e-01 1.78771420e-01
8.29795507e-01 3.60690404e-01 1.76689271e-01
8.32992351e-01 3.65637553e-01 1.74597446e-01
8.36162883e-01 3.70599442e-01 1.72495762e-01
8.39306956e-01 3.75576255e-01 1.70384063e-01
8.42424513e-01 3.80568050e-01 1.68262579e-01
8.45515294e-01 3.85575133e-01 1.66130786e-01
8.48579126e-01 3.90597684e-01 1.63988551e-01
8.51615908e-01 3.95635788e-01 1.61836029e-01
8.54625461e-01 4.00689617e-01 1.59673121e-01
8.57607535e-01 4.05759414e-01 1.57499514e-01
8.60562031e-01 4.10845236e-01 1.55315478e-01
8.63488749e-01 4.15947249e-01 1.53120956e-01
8.66387418e-01 4.21065694e-01 1.50915680e-01
8.69258013e-01 4.26200523e-01 1.48700287e-01
8.72100184e-01 4.31352044e-01 1.46474327e-01
8.74913810e-01 4.36520303e-01 1.44238189e-01
8.77698696e-01 4.41705423e-01 1.41992055e-01
8.80454580e-01 4.46907588e-01 1.39735931e-01
8.83181378e-01 4.52126793e-01 1.37470468e-01
8.85878732e-01 4.57363304e-01 1.35195489e-01
8.88546618e-01 4.62617044e-01 1.32911951e-01
8.91184644e-01 4.67888304e-01 1.30619697e-01
8.93792785e-01 4.73176996e-01 1.28319825e-01
8.96370673e-01 4.78483371e-01 1.26012419e-01
8.98918225e-01 4.83807396e-01 1.23698550e-01
9.01435162e-01 4.89149221e-01 1.21378770e-01
9.03921272e-01 4.94508926e-01 1.19053956e-01
9.06376439e-01 4.99886501e-01 1.16725376e-01
9.08800286e-01 5.05282169e-01 1.14393638e-01
9.11192829e-01 5.10695793e-01 1.12060682e-01
9.13553683e-01 5.16127595e-01 1.09727379e-01
9.15882650e-01 5.21577620e-01 1.07395339e-01
9.18179693e-01 5.27045777e-01 1.05066824e-01
9.20444406e-01 5.32532286e-01 1.02743200e-01
9.22676635e-01 5.38037150e-01 1.00426802e-01
9.24876323e-01 5.43560288e-01 9.81204782e-02
9.27043081e-01 5.49101894e-01 9.58263703e-02
9.29176712e-01 5.54661996e-01 9.35474601e-02
9.31277207e-01 5.60240471e-01 9.12875863e-02
9.33344212e-01 5.65837473e-01 8.90499136e-02
9.35377499e-01 5.71453049e-01 8.68383379e-02
9.37376874e-01 5.77087219e-01 8.46572352e-02
9.39342335e-01 5.82739853e-01 8.25119487e-02
9.41273501e-01 5.88411110e-01 8.04071715e-02
9.43170173e-01 5.94101010e-01 7.83485796e-02
9.45032159e-01 5.99809561e-01 7.63423548e-02
9.46859289e-01 6.05536758e-01 7.43952419e-02
9.48651494e-01 6.11282520e-01 7.25147787e-02
9.50408435e-01 6.17046961e-01 7.07082414e-02
9.52129922e-01 6.22830087e-01 6.89838260e-02
9.53815763e-01 6.28631900e-01 6.73501994e-02
9.55465767e-01 6.34452404e-01 6.58164563e-02
9.57079742e-01 6.40291600e-01 6.43920577e-02
9.58657498e-01 6.46149490e-01 6.30867457e-02
9.60198944e-01 6.52026005e-01 6.19107124e-02
9.61703780e-01 6.57921221e-01 6.08736230e-02
9.63171806e-01 6.63835139e-01 5.99853179e-02
9.64602827e-01 6.69767760e-01 5.92553639e-02
9.65996644e-01 6.75719086e-01 5.86928591e-02
9.67353057e-01 6.81689118e-01 5.83062384e-02
9.68671864e-01 6.87677859e-01 5.81030805e-02
9.69952860e-01 6.93685312e-01 5.80899274e-02
9.71195836e-01 6.99711481e-01 5.82721254e-02
9.72400583e-01 7.05756371e-01 5.86536982e-02
9.73566883e-01 7.11819989e-01 5.92372611e-02
9.74694520e-01 7.17902343e-01 6.00239799e-02
9.75783270e-01 7.24003444e-01 6.10135793e-02
9.76832905e-01 7.30123302e-01 6.22043970e-02
9.77843191e-01 7.36261932e-01 6.35934800e-02
9.78813890e-01 7.42419350e-01 6.51767154e-02
9.79744758e-01 7.48595573e-01 6.69489870e-02
9.80635542e-01 7.54790623e-01 6.89043462e-02
9.81486042e-01 7.61004491e-01 7.10362739e-02
9.82296053e-01 7.67237171e-01 7.33377577e-02
9.83065207e-01 7.73488745e-01 7.58012444e-02
9.83793222e-01 7.79759244e-01 7.84191624e-02
9.84479807e-01 7.86048706e-01 8.11839031e-02
9.85124662e-01 7.92357167e-01 8.40879313e-02
9.85727476e-01 7.98684670e-01 8.71238755e-02
9.86287941e-01 8.05031253e-01 9.02846131e-02
9.86806036e-01 8.11396808e-01 9.35635632e-02
9.87281122e-01 8.17781539e-01 9.69539060e-02
9.87712843e-01 8.24185505e-01 1.00449466e-01
9.88100829e-01 8.30608767e-01 1.04044429e-01
9.88444720e-01 8.37051377e-01 1.07733365e-01
9.88744548e-01 8.43513195e-01 1.11511448e-01
9.88999483e-01 8.49994504e-01 1.15373654e-01
9.89209093e-01 8.56495381e-01 1.19315596e-01
9.89372931e-01 8.63015909e-01 1.23333213e-01
