170 82 69
171 82 69
172 83 68
172 83 68
173 83 67
174 84 67
175 84 66
176 84 66
176 85 65
177 85 65
178 85 64
179 86 64
179 86 63
180 86 63
181 87 62
182 87 61
182 88 61
183 88 60
184 88 60
185 89 59
185 89 58
186 90 58
187 90 57
188 90 57
188 91 56
189 91 55
190 92 55
190 92 54
191 93 53
192 93 53
192 94 52
193 94 51
194 94 51
194 95 50
195 95 49
196 96 49
196 96 48
197 97 47
198 97 47
198 98 46
199 98 45
200 99 44
200 99 44
201 100 43
201 101 42
202 101 41
203 102 41
203 102 40
204 103 39
204 103 38
205 104 38
205 104 37
206 105 36
206 106 35
207 106 34
207 107 34
208 108 33
208 108 32
209 109 31
209 109 30
210 110 29
210 111 28
211 111 28
211 112 27
212 113 26
212 113 25
213 114 24
213 115 23
213 116 22
214 116 21
214 117 20
214 118 19
215 118 18
215 119 17
216 120 16
216 121 15
216 121 14
216 122 13
217 123 12
217 124 11
217 125 11
218 125 10
218 126 9
218 127 8
218 128 7
218 129 7
219 130 7
219 130 6
219 131 6
219 132 6
219 133 6
219 134 6
219 135 6
220 136 6
220 136 7
220 137 8
220 138 8
220 139 9
220 140 10
220 141 12
220 142 13
220 143 14
220 144 16
220 145 17
220 146 19
220 146 20
220 147 22
220 148 23
220 149 25
220 150 26
220 151 28
219 152 30
219 153 31
219 154 33
219 155 35
219 156 36
219 157 38
219 158 40
219 158 42
219 159 43
219 160 45
219 161 47
218 162 49
218 163 50
218 164 52
218 165 54
218 166 56
218 166 57
218 167 59
218 168 61
218 169 63
218 170 64
218 171 66
218 172 68
218 172 70
218 173 71
218 174 73
218 175 75
218 176 77
217 176 78
217 177 80
217 178 82
217 179 83
217 180 85
217 180 87
217 181 89
217 182 90
217 183 92
218 184 94
218 184 95
218 185 97
218 186 99
218 187 101
218 187 102
218 188 104
218 189 106
218 190 107
218 190 109
218 191 111
218 192 112
218 193 114
218 193 116
218 194 117
219 195 119
219 196 121
219 196 122
219 197 124
219 198 126
219 198 127
219 199 129
220 200 131
220 201 132
220 201 134
220 202 136
220 203 137
220 203 139
221 204 141
221 205 142
221 205 144
221 206 145
221 207 147
222 207 149
222 208 150
222 209 152
222 209 154
223 210 155
223 211 157
223 211 158
223 212 160
224 213 162
224 213 163
224 214 165
224 215 166
225 215 168
225 216 169
225 217 171
226 217 173
226 218 174
226 219 176
227 219 177
227 220 179
227 221 180
228 221 182
228 222 183
228 223 185
229 223 187
229 224 188
229 225 190
230 225 191
230 226 193
231 227 194
231 227 196
231 228 197
232 229 199
232 229 200
233 230 202
233 230 203
233 231 205
234 232 206
234 232 208
235 233 209
235 234 211
236 234 212
236 235 214
237 236 215
237 236 217
238 237 218
238 237 219
239 238 221
239 239 222
240 239 224
240 240 225
241 241 227
241 241 228
242 242 229
242 242 231
243 243 232
243 244 233
244 244 235
245 245 236
245 246 237
246 246 239
246 247 240
247 247 241
248 248 243
248 249 244
249 249 245
250 250 246
250 250 247
251 251 249
252 252 250
252 252 251
253 253 252
254 254 253
254 254 254
255 255 255
254 254 254
253 254 254
252 253 253
250 253 252
249 252 252
248 252 251
247 251 251
246 251 250
245 251 249
243 250 249
242 250 248
241 249 248
240 249 247
239 248 246
237 248 246
236 247 245
235 247 245
234 246 244
232 246 243
231 245 243
230 245 242
229 244 242
227 244 241
226 244 241
225 243 240
224 243 240
222 242 239
221 242 239
220 241 238
218 241 238
217 241 237
216 240 237
215 240 236
213 239 236
212 239 235
211 238 235
209 238 234
208 238 234
206 237 233
205 237 233
204 236 233
202 236 232
201 236 232
200 235 231
198 235 231
197 234 231
195 234 230
194 233 230
192 233 230
191 233 229
190 232 229
188 232 229
187 231 228
185 231 228
184 231 228
182 230 228
181 230 227
179 229 227
178 229 227
177 229 227
175 228 226
174 228 226
172 227 226
171 227 226
169 226 226
168 226 226
166 226 226
165 225 225
163 225 225
162 224 225
160 224 225
159 223 225
157 223 225
156 223 225
154 222 225
153 222 225
152 221 225
150 221 225
149 220 225
147 220 225
146 219 225
145 219 225
143 218 225
142 218 225
141 217 225
139 217 226
138 216 226
137 216 226
135 215 226
134 215 226
133 214 226
132 214 226
131 213 226
129 213 226
128 212 226
127 211 227
126 211 227
125 210 227
124 210 227
123 209 227
122 209 227
121 208 227
120 208 228
119 207 228
118 206 228
117 206 228
116 205 228
115 205 228
114 204 228
113 203 229
112 203 229
111 202 229
110 202 229
109 201 229
109 200 229
108 200 229
107 199 230
106 198 230
106 198 230
105 197 230
104 197 230
103 196 230
103 195 231
102 195 231
101 194 231
101 193 231
100 193 231
100 192 231
99 191 231
98 191 232
98 190 232
97 189 232
97 189 232
96 188 232
96 187 232
95 187 233
95 186 233
95 185 233
94 185 233
94 184 233
93 183 233
93 183 233
93 182 234
92 181 234
92 181 234
92 180 234
91 179 234
91 179 234
91 178 234
91 177 234
90 176 235
90 176 235
90 175 235
90 174 235
90 174 235
90 173 235
90 172 235
89 171 235
89 171 236
89 170 236
89 169 236
89 169 236
89 168 236
89 167 236
89 166 236
89 166 236
89 165 236
90 164 236
90 163 237
90 163 237
90 162 237
90 161 237
90 160 237
90 160 237
91 159 237
91 158 237
91 157 237
91 156 237
92 156 237
92 155 237
92 154 237
93 153 237
93 153 237
93 152 237
94 151 236
94 150 236
94 149 236
95 149 236
95 148 236
96 147 236
96 146 235
97 145 235
97 145 235
98 144 235
98 143 234
99 142 234
99 141 233
100 141 233
100 140 232
101 139 232
101 138 231
102 137 231
102 137 230
103 136 229
104 135 229
104 134 228
105 134 227
105 133 226
106 132 225
106 131 224
107 131 223
107 130 222
107 129 221
108 129 220
108 128 218
109 127 217
109 127 216
109 126 215
109 126 213
110 125 212
110 124 211
110 124 209
110 123 208
110 123 206
111 122 205
111 122 203
111 121 202
111 121 201
111 120 199
111 120 198
111 119 196
111 119 195
111 118 193
111 118 192
111 117 190
111 117 189
111 116 187
111 116 186
110 115 185
110 115 183
110 114 182
110 114 180
110 114 179
110 113 177
110 113 176
109 112 175
109 112 173
109 111 172
109 111 170
109 110 169
108 110 168
108 110 166
108 109 165
108 109 164
108 108 162
