0 0 0
0 0 0
0 0 0
0 0 1
1 1 1
1 1 1
2 1 2
2 2 3
3 2 4
4 3 5
4 3 6
5 4 7
6 5 8
7 5 10
8 6 12
9 7 13
10 8 15
11 9 16
12 10 18
13 11 20
14 12 21
15 13 23
16 14 24
17 15 26
18 16 28
18 17 29
19 18 31
20 19 33
21 20 34
21 21 36
22 22 37
23 23 39
23 24 40
24 25 42
24 26 43
25 27 45
25 28 46
26 29 48
26 30 49
27 32 51
27 33 52
27 34 54
28 35 55
28 36 56
28 37 58
28 38 59
28 39 60
28 40 61
29 41 63
29 43 64
29 44 65
29 45 66
29 46 67
29 47 68
29 48 69
29 49 70
29 51 71
29 52 72
29 53 73
29 54 74
28 55 75
28 56 76
28 57 76
28 59 77
28 60 78
28 61 79
28 62 80
28 63 80
27 64 81
27 65 82
27 67 83
27 68 83
27 69 84
27 70 85
26 71 85
26 72 86
26 73 87
26 74 87
26 76 88
25 77 88
25 78 89
25 79 89
25 80 90
25 81 91
24 82 91
24 84 92
24 85 92
24 86 93
23 87 93
23 88 94
23 89 94
23 90 94
22 91 95
22 93 95
22 94 96
22 95 96
21 96 97
21 97 97
21 98 97
21 99 98
20 100 98
20 102 98
20 103 99
20 104 99
19 105 99
19 106 100
19 107 100
19 108 100
19 110 100
19 111 101
19 112 101
18 113 101
18 114 101
18 115 102
18 116 102
18 117 102
18 119 102
19 120 102
19 121 102
19 122 103
19 123 103
19 124 103
20 125 103
20 127 103
21 128 103
21 129 103
22 130 103
22 131 103
23 132 103
23 133 103
24 134 103
25 136 103
26 137 103
27 138 103
28 139 103
29 140 103
30 141 103
31 142 103
32 143 103
33 145 102
34 146 102
36 147 102
37 148 102
38 149 102
40 150 101
41 151 101
43 152 101
44 153 101
46 154 101
47 156 100
49 157 100
51 158 100
53 159 99
54 160 99
56 161 99
58 162 98
60 163 98
62 164 98
64 165 97
66 166 97
68 167 97
71 168 96
73 169 96
75 170 96
78 171 96
80 172 95
83 173 95
86 173 95
88 174 95
91 175 95
94 176 95
97 177 95
100 178 95
103 178 96
106 179 96
109 180 97
111 180 98
114 181 99
117 182 100
119 183 102
122 183 103
125 184 104
127 185 106
129 185 108
132 186 109
134 187 111
136 188 113
138 189 115
140 189 116
143 190 118
145 191 120
147 192 122
149 192 124
151 193 126
152 194 128
154 195 130
156 196 132
158 197 134
160 197 136
162 198 138
164 199 140
165 200 142
167 201 144
169 202 146
171 203 149
173 204 151
174 204 153
176 205 155
178 206 157
179 207 159
181 208 161
183 209 163
184 210 166
186 211 168
188 212 170
190 213 172
191 214 174
193 215 176
194 216 178
196 216 181
198 217 183
199 218 185
201 219 187
203 220 189
204 221 191
206 222 193
208 223 196
209 224 198
211 225 200
212 226 202
214 227 204
216 228 206
217 229 208
219 230 211
221 232 213
222 233 215
224 234 217
225 235 219
227 236 221
229 237 223
230 238 225
232 239 228
234 240 230
235 241 232
237 242 234
239 243 236
240 244 238
242 246 240
244 247 242
245 248 244
247 249 246
249 250 248
250 251 249
252 253 251
253 254 253
255 255 255
