0 0 0
0 0 0
0 0 0
0 0 1
1 1 1
1 1 1
1 1 2
1 2 3
2 2 4
2 3 5
3 3 6
3 4 7
4 4 8
5 5 10
6 5 11
6 6 13
7 7 14
9 7 16
10 8 17
11 9 19
13 9 20
14 10 22
15 11 23
17 11 24
18 12 26
19 13 27
21 13 28
22 14 29
24 14 31
25 15 32
27 16 33
28 16 34
30 17 35
31 17 36
33 18 37
34 18 38
36 19 40
37 19 41
39 19 42
40 20 43
42 20 44
43 21 44
45 21 45
46 21 46
48 22 47
49 22 48
51 22 49
52 23 50
54 23 51
55 23 52
57 24 52
59 24 53
60 24 54
62 24 55
63 25 55
65 25 56
67 25 57
68 25 58
70 25 58
71 25 59
73 26 59
75 26 60
76 26 61
78 26 61
80 26 62
81 26 62
83 26 63
85 26 63
86 26 64
88 26 64
90 26 65
91 26 65
93 26 66
95 26 66
96 26 66
98 26 67
100 26 67
101 26 67
103 26 68
105 26 68
106 26 68
108 25 69
110 25 69
112 25 69
113 25 69
115 25 69
117 24 69
118 24 70
120 24 70
122 24 70
124 23 70
125 23 70
127 23 70
129 22 70
130 22 70
132 21 70
134 21 69
136 21 69
137 20 69
139 20 69
141 19 69
143 19 69
144 18 68
146 18 68
148 17 68
149 16 67
151 16 67
153 15 67
155 15 66
156 14 66
158 13 65
160 13 65
161 12 64
163 12 64
165 11 63
166 11 63
168 10 62
170 10 61
171 10 61
173 10 60
174 9 59
176 9 58
177 10 58
179 10 57
181 10 56
182 11 55
183 12 54
185 12 53
186 13 52
188 14 51
189 16 51
191 17 50
192 18 49
193 20 48
194 21 47
196 23 46
197 24 45
198 26 44
199 27 43
200 29 42
202 31 41
203 33 40
204 34 39
205 36 38
206 38 37
207 40 36
208 41 35
209 43 34
210 45 33
211 47 32
211 48 31
212 50 31
213 52 30
214 54 29
215 56 28
216 57 27
216 59 26
217 61 25
218 63 24
219 64 24
219 66 23
220 68 22
221 70 21
221 71 20
222 73 19
223 75 18
223 76 18
224 78 17
225 80 16
225 81 15
226 83 14
226 85 13
227 87 12
228 88 12
228 90 11
229 92 10
229 93 9
230 95 8
230 97 7
231 98 7
231 100 6
232 102 5
232 103 5
233 105 4
233 107 4
234 108 3
234 110 3
234 111 2
235 113 2
235 115 2
236 116 2
236 118 1
236 120 1
237 121 1
237 123 1
237 125 1
238 126 1
238 128 1
238 129 1
239 131 1
239 133 2
239 134 2
240 136 2
240 138 3
240 139 3
240 141 4
241 143 5
241 144 5
241 146 6
241 147 7
242 149 8
242 151 9
242 152 10
242 154 11
242 156 12
243 157 13
243 159 14
243 161 15
243 162 17
243 164 18
243 166 19
243 167 20
243 169 21
243 171 22
244 172 23
244 174 25
244 175 26
244 177 27
244 179 28
244 180 29
244 182 31
244 184 32
244 185 33
244 187 34
244 189 35
244 191 37
244 192 38
244 194 39
244 196 40
243 197 41
243 199 43
243 201 44
243 202 45
243 204 46
243 206 48
243 207 49
243 209 50
242 211 51
242 213 53
242 214 54
242 216 55
242 218 57
241 219 58
241 221 59
241 223 60
241 225 62
