0 0 0
0 0 0
0 0 0
1 0 0
1 1 0
2 1 1
2 1 1
3 2 1
4 2 1
5 2 1
7 3 2
8 3 2
9 4 2
11 5 2
13 5 3
14 6 3
16 6 3
18 7 3
19 8 4
21 9 4
22 9 4
24 10 5
26 11 5
27 12 5
29 12 5
30 13 6
32 14 6
34 14 6
35 15 6
37 16 7
38 16 7
40 17 7
42 17 7
43 18 8
45 19 8
46 19 8
48 20 8
50 20 9
51 21 9
53 21 9
54 22 9
56 22 10
58 23 10
59 23 10
61 24 10
63 24 11
64 25 11
66 25 11
68 25 11
69 26 12
71 26 12
73 26 12
74 27 12
76 27 12
78 27 13
79 28 13
81 28 13
83 28 13
85 28 14
86 29 14
88 29 14
90 29 15
91 29 15
93 29 15
95 30 15
97 30 16
98 30 16
100 30 16
102 30 17
104 30 17
106 30 17
107 30 18
109 30 18
111 30 19
113 30 19
114 30 19
116 30 20
118 30 20
120 30 21
122 30 21
124 29 22
125 29 22
127 29 23
129 29 24
131 29 24
133 28 25
135 28 25
136 28 26
138 27 27
140 27 28
142 26 28
144 26 29
146 25 30
148 25 31
149 24 32
151 23 33
153 23 34
155 22 35
157 21 36
159 20 37
161 19 38
162 19 39
164 18 41
166 16 42
168 15 43
170 14 45
171 13 46
173 12 47
175 10 49
177 9 51
179 8 52
180 6 54
182 5 56
184 4 57
185 3 59
187 2 61
189 1 63
190 1 65
192 1 67
193 1 69
195 1 71
196 1 73
198 2 76
199 2 78
200 4 80
201 5 82
203 7 85
204 9 87
205 12 90
206 14 92
207 17 94
208 19 97
209 22 99
210 24 101
211 27 104
212 29 106
213 32 109
214 34 111
214 37 113
215 39 116
216 41 118
216 44 120
217 46 122
218 49 125
218 51 127
219 53 129
219 56 131
220 58 133
220 60 135
221 63 137
221 65 139
221 67 141
222 70 143
222 72 145
222 74 147
223 76 149
223 78 151
223 81 152
223 83 154
224 85 156
224 87 158
224 89 159
224 92 161
224 94 163
225 96 164
225 98 166
225 100 167
225 102 169
225 104 170
225 106 172
225 108 173
225 110 174
225 112 176
226 114 177
226 116 178
226 118 180
226 120 181
226 122 182
226 124 184
226 126 185
226 128 186
226 130 187
226 132 188
226 134 189
226 136 191
226 138 192
226 139 193
227 141 194
227 143 195
227 145 196
227 147 197
227 149 198
227 151 199
227 152 200
227 154 201
227 156 202
227 158 203
227 160 204
227 161 205
228 163 206
228 165 207
228 167 208
228 168 209
228 170 210
228 172 211
228 174 211
229 175 212
229 177 213
229 179 214
229 181 215
229 182 216
230 184 217
230 186 218
230 187 218
230 189 219
231 191 220
231 192 221
231 194 222
232 196 223
232 197 223
232 199 224
232 201 225
233 202 226
233 204 227
234 206 228
234 207 228
234 209 229
235 211 230
235 212 231
236 214 232
236 216 233
237 217 233
237 219 234
238 220 235
238 222 236
239 224 237
239 225 238
240 227 238
241 228 239
241 230 240
242 232 241
243 233 242
243 235 243
244 236 243
245 238 244
246 240 245
247 241 246
248 243 247
248 244 248
249 246 249
250 247 250
251 249 251
252 250 252
253 252 253
254 253 254
255 255 255
