22 14 40
23 14 41
25 15 43
26 15 44
27 16 46
28 16 47
29 17 49
30 17 51
31 18 52
32 18 54
33 19 56
34 19 58
35 19 59
36 20 61
37 20 63
37 21 65
38 22 67
39 22 68
40 23 70
40 23 72
41 24 74
41 24 76
42 25 77
42 26 79
43 27 81
43 27 83
44 28 84
44 29 86
44 30 88
44 30 89
45 31 91
45 32 92
45 33 94
45 34 95
45 35 97
45 36 98
45 37 99
45 38 101
45 39 102
45 40 103
45 41 104
45 42 105
45 43 107
45 44 108
44 45 109
44 46 110
44 47 111
44 48 112
43 50 112
43 51 113
42 52 114
42 53 115
42 54 116
41 55 116
41 56 117
40 57 118
40 58 118
39 59 119
39 61 119
38 62 120
38 63 120
37 64 121
37 65 121
36 66 122
36 67 122
35 68 122
35 69 123
34 70 123
34 71 123
33 72 124
33 74 124
33 75 124
32 76 124
32 77 125
31 78 125
31 79 125
31 80 125
30 81 125
30 82 125
30 83 125
30 84 126
29 85 126
29 86 126
29 87 126
29 88 126
29 89 126
29 90 126
29 91 126
30 91 126
30 92 126
30 93 126
30 94 126
31 95 126
31 96 126
32 97 126
32 98 126
33 99 126
33 100 126
34 101 126
34 101 126
35 102 126
36 103 126
36 104 126
37 105 126
38 106 126
39 107 126
40 108 126
40 108 126
41 109 126
42 110 126
43 111 126
44 112 126
45 113 126
46 114 126
47 114 126
48 115 126
49 116 126
50 117 126
51 118 126
52 119 126
53 119 126
54 120 126
55 121 126
56 122 126
57 123 126
58 123 126
59 124 126
60 125 126
61 126 126
62 127 126
63 128 126
64 128 126
65 129 126
66 130 126
67 131 126
68 132 126
69 132 126
70 133 126
71 134 126
72 135 126
73 136 126
74 137 126
75 137 126
77 138 126
78 139 126
79 140 126
80 141 126
81 141 126
82 142 126
83 143 126
84 144 126
85 145 126
86 145 126
87 146 126
88 147 125
90 148 125
91 149 125
92 150 125
93 150 125
94 151 125
95 152 125
96 153 125
97 154 124
99 154 124
100 155 124
101 156 124
102 157 124
103 158 123
104 159 123
106 159 123
107 160 123
108 161 122
109 162 122
110 163 122
112 163 122
113 164 121
114 165 121
115 166 121
117 167 120
118 167 120
119 168 120
121 169 119
122 170 119
123 171 118
125 171 118
126 172 118
127 173 117
129 174 117
130 175 116
132 175 116
133 176 115
134 177 115
136 178 114
137 179 114
139 179 113
140 180 113
142 181 112
143 182 112
145 182 111
146 183 110
148 184 110
149 185 109
151 185 108
153 186 108
154 187 107
156 188 106
157 188 106
159 189 105
161 190 104
162 191 103
164 191 103
166 192 102
167 193 101
169 194 100
171 194 99
172 195 99
174 196 98
176 196 97
178 197 96
179 198 95
181 199 94
183 199 93
185 200 92
186 201 91
188 201 90
190 202 89
192 203 88
194 203 87
196 204 86
197 205 85
199 205 84
201 206 82
203 207 81
205 208 80
207 208 79
209 209 77
211 209 76
213 210 75
215 211 73
216 211 72
218 212 70
220 213 69
222 213 67
224 214 66
226 215 64
228 215 62
230 216 61
232 217 59
234 217 57
237 218 55
239 218 53
241 219 51
243 220 48
245 220 46
247 221 43
249 221 41
249 220 40
249 218 39
249 217 37
249 215 36
249 214 35
249 212 34
249 211 33
249 209 32
249 208 32
249 206 31
249 205 30
249 203 29
249 202 28
249 201 27
249 199 26
249 198 25
249 196 24
249 195 23
249 193 22
249 192 22
249 190 21
249 189 20
249 187 19
248 186 18
248 185 18
248 183 17
248 182 16
248 180 16
248 179 15
248 177 15
247 176 14
247 175 14
247 173 13
247 172 13
247 170 12
246 169 12
246 167 12
246 166 12
246 165 11
245 163 11
245 162 11
245 161 11
244 159 11
244 158 11
244 156 12
244 155 12
243 154 12
243 152 12
243 151 12
242 150 13
242 148 13
242 147 14
241 145 14
241 144 14
240 143 15
240 141 15
240 140 16
239 139 16
239 137 17
238 136 18
238 135 18
238 133 19
237 132 19
237 131 20
236 130 20
236 128 21
235 127 22
235 126 22
234 124 23
234 123 23
233 122 24
233 120 25
232 119 25
232 118 26
231 117 27
231 115 27
230 114 28
230 113 28
229 112 29
228 110 30
228 109 30
227 108 31
227 107 32
226 105 32
225 104 33
225 103 33
224 102 34
224 100 35
223 99 35
222 98 36
222 97 36
221 96 37
220 94 38
220 93 38
219 92 39
218 91 40
217 90 40
217 88 41
216 87 41
215 86 42
215 85 43
214 84 43
213 82 44
212 81 44
212 80 45
211 79 45
210 78 46
209 77 47
208 76 47
208 74 48
207 73 48
206 72 49
205 71 50
204 70 50
204 69 51
203 68 51
202 66 52
201 65 52
200 64 53
199 63 54
198 62 54
198 61 55
197 60 55
196 59 56
195 58 56
194 57 57
193 55 58
192 54 58
191 53 59
190 52 59
189 51 60
188 50 60
187 49 61
187 48 61
186 47 62
185 46 63
184 45 63
183 44 64
182 43 64
181 42 65
180 41 65
179 39 66
178 38 66
177 37 67
176 36 67
175 35 68
173 34 68
172 33 69
171 32 70
170 31 70
169 30 71
168 29 71
167 28 72
166 27 72
165 26 73
164 25 73
163 24 74
162 23 74
160 22 74
159 21 75
158 20 75
157 19 76
156 17 76
155 16 77
154 15 77
152 14 78
151 13 78
150 12 78
149 11 79
148 10 79
146 9 80
145 8 80
144 7 80
143 6 81
142 6 81
140 5 81
139 4 82
138 4 82
136 3 82
135 3 83
134 2 83
133 2 83
131 2 83
130 1 83
129 1 84
127 1 84
126 1 84
124 1 84
123 1 84
122 1 84
120 1 84
119 2 84
117 2 84
116 2 84
115 2 84
113 3 83
112 3 83
110 4 83
109 4 83
107 5 82
106 5 82
104 6 82
103 6 81
101 7 81
100 8 80
98 8 80
97 9 79
95 9 78
94 10 78
92 11 77
91 11 76
89 12 75
88 12 75
86 13 74
85 13 73
83 14 72
82 14 71
81 14 70
79 15 69
78 15 68
76 15 67
75 15 66
73 16 65
72 16 64
70 16 63
69 16 62
68 16 60
66 16 59
65 16 58
63 16 57
62 16 56
61 16 55
59 16 53
58 16 52
57 16 51
55 16 50
54 16 49
53 16 47
51 15 46
50 15 45
49 15 44
48 15 43
46 15 41
45 14 40
44 14 39
42 14 38
41 13 36
40 13 35
39 13 34
38 12 33
36 12 31
35 12 30
34 11 29
33 11 28
31 10 26
