0 0 0
0 0 0
0 0 0
0 0 0
1 0 1
1 1 1
2 1 1
2 1 2
3 1 2
4 1 3
5 2 3
6 2 4
7 2 5
8 2 6
9 3 7
10 3 8
12 3 9
13 4 10
15 4 12
16 4 13
17 4 14
19 5 16
20 5 17
21 5 18
23 6 20
24 6 21
26 6 22
27 6 24
28 7 25
30 7 27
31 7 28
32 7 30
34 7 31
35 8 33
36 8 34
38 8 36
39 8 38
40 8 39
41 8 41
43 8 43
44 8 44
45 8 46
47 8 48
48 8 50
49 8 52
50 8 53
52 7 55
53 7 57
54 7 59
55 7 61
57 6 63
58 6 66
59 6 68
60 5 70
61 5 72
62 5 74
63 4 77
64 4 79
66 4 81
67 3 84
68 3 86
68 3 88
69 2 91
70 2 93
71 2 95
72 2 98
73 2 100
73 2 103
74 3 105
75 3 107
75 4 109
76 4 111
76 5 114
77 6 116
77 8 118
77 9 120
77 11 121
78 13 123
78 15 125
78 16 127
78 18 128
78 20 130
78 22 131
78 24 132
78 26 134
78 28 135
78 29 136
77 31 137
77 33 138
77 35 139
77 37 140
76 39 140
76 40 141
75 42 142
75 44 142
75 46 143
74 47 143
74 49 144
73 51 144
73 52 145
72 54 145
72 55 145
71 57 145
71 58 146
70 60 146
70 62 146
69 63 146
69 64 146
68 66 146
68 67 146
67 69 147
66 70 147
66 72 147
65 73 147
65 74 147
64 76 147
64 77 146
63 78 146
63 79 146
62 81 146
62 82 146
62 83 146
61 84 146
61 86 146
60 87 146
60 88 146
59 89 146
59 90 146
59 92 146
58 93 146
58 94 145
58 95 145
57 96 145
57 97 145
57 98 145
56 99 145
56 101 145
56 102 145
55 103 145
55 104 145
55 105 145
55 106 145
54 107 145
54 108 144
54 109 144
54 110 144
53 111 144
53 112 144
53 113 144
53 114 144
52 115 144
52 116 144
52 118 144
52 119 144
52 120 144
51 121 144
51 122 144
51 123 144
51 124 144
50 125 144
50 126 144
50 127 144
49 128 144
49 129 144
49 130 144
49 131 144
48 132 143
48 133 143
47 134 143
47 135 143
47 136 143
46 137 143
46 138 143
45 139 143
45 140 143
44 141 143
44 142 142
43 143 142
43 145 142
42 146 142
42 147 142
41 148 142
40 149 141
40 150 141
39 151 141
38 152 141
38 153 140
37 154 140
36 155 140
35 156 140
34 157 139
34 158 139
33 159 139
32 161 138
31 162 138
30 163 137
29 164 137
29 165 136
28 166 136
27 167 136
26 168 135
25 169 134
24 170 134
24 171 133
23 172 133
22 173 132
22 175 131
21 176 131
21 177 130
20 178 129
20 179 129
20 180 128
20 181 127
20 182 126
20 183 125
21 184 125
22 185 124
22 186 123
23 187 122
24 188 121
26 189 120
27 190 119
28 191 118
30 192 117
32 193 116
33 194 114
35 195 113
37 196 112
39 197 111
42 198 110
44 199 108
46 200 107
48 201 106
51 202 104
53 203 103
56 204 101
58 205 100
61 206 98
64 207 97
66 208 95
69 209 94
72 210 92
75 210 91
78 211 89
81 212 87
84 213 86
87 214 84
91 214 82
94 215 81
97 216 79
101 216 77
104 217 76
108 218 74
111 218 73
115 219 72
119 219 70
