36 5 29
37 6 30
39 6 32
40 6 33
41 6 35
43 7 36
44 7 38
45 7 39
47 7 41
48 8 42
50 8 44
51 8 45
53 8 47
54 8 48
56 8 49
57 8 51
59 8 52
60 8 53
62 8 55
63 7 56
65 7 57
66 7 58
68 7 59
69 6 60
71 6 61
73 6 62
74 6 63
76 5 64
77 5 65
79 5 66
81 4 66
82 4 67
84 4 68
85 4 68
87 3 69
88 3 69
90 3 70
92 3 70
93 3 70
95 3 71
96 3 71
98 3 71
99 3 71
101 4 71
102 4 71
103 4 71
105 5 71
106 5 71
108 6 71
109 7 71
110 7 71
112 8 71
113 9 71
114 10 70
116 11 70
117 12 70
118 13 70
120 14 70
121 15 69
122 16 69
123 18 69
124 19 69
126 20 68
127 21 68
128 22 68
129 23 67
130 24 67
132 25 67
133 26 67
134 27 66
135 29 66
136 30 66
137 31 65
138 32 65
139 33 65
140 34 64
141 35 64
142 36 64
144 38 63
145 39 63
146 40 63
147 41 62
148 42 62
149 43 62
150 44 61
151 45 61
152 46 61
153 48 60
154 49 60
155 50 60
155 51 59
156 52 59
157 53 59
158 54 58
159 56 58
160 57 58
161 58 57
162 59 57
163 60 57
164 61 56
165 62 56
165 64 56
166 65 56
167 66 55
168 67 55
169 68 55
170 69 54
171 71 54
171 72 54
172 73 54
173 74 53
174 75 53
175 76 53
175 78 52
176 79 52
177 80 52
178 81 52
178 82 51
179 84 51
180 85 51
181 86 51
181 87 50
182 89 50
183 90 50
183 91 50
184 92 50
185 93 49
185 95 49
186 96 49
187 97 49
187 98 49
188 100 49
188 101 49
189 102 48
190 104 48
190 105 48
191 106 48
191 107 48
192 109 48
192 110 48
193 111 48
193 113 48
194 114 48
194 115 48
195 117 49
195 118 49
196 119 49
196 121 49
196 122 49
197 124 50
197 125 50
197 126 50
198 128 50
198 129 51
198 130 51
199 132 52
199 133 52
199 135 53
200 136 54
200 138 54
200 139 55
200 140 56
200 142 56
201 143 57
201 145 58
201 146 59
201 148 60
201 149 61
201 151 62
201 152 64
201 153 65
201 155 66
201 156 68
201 158 69
201 159 70
201 161 72
201 162 74
201 164 75
201 165 77
201 167 79
201 168 81
201 170 83
201 171 85
201 172 87
201 174 89
201 175 91
201 177 93
201 178 96
201 179 98
201 181 100
201 182 102
201 184 105
201 185 107
201 186 110
201 187 112
201 189 115
202 190 117
202 191 120
202 193 122
202 194 125
203 195 127
203 196 130
203 197 132
204 199 135
204 200 138
205 201 140
205 202 143
206 203 145
206 205 148
207 206 150
207 207 153
208 208 155
208 209 158
209 210 160
210 211 163
211 212 165
211 214 168
212 215 170
213 216 173
214 217 175
214 218 178
215 219 180
216 220 183
217 221 185
218 222 188
219 223 190
220 224 193
221 225 195
222 226 197
223 227 200
224 229 202
225 230 204
226 231 207
227 232 209
228 233 211
229 234 214
230 235 216
232 236 218
233 237 221
234 238 223
235 239 225
236 240 227
238 241 229
239 242 232
240 243 234
241 244 236
243 245 238
244 246 240
245 247 242
247 248 244
248 249 246
250 251 248
251 252 250
252 253 251
254 254 253
255 255 255
254 254 253
252 253 252
251 252 250
249 251 248
248 250 246
246 249 244
244 248 243
243 247 241
241 246 239
240 245 237
238 244 235
237 243 233
235 242 231
234 241 229
232 240 227
231 239 225
229 238 223
227 237 221
226 236 219
224 235 217
223 234 214
221 233 212
220 233 210
218 232 208
217 231 206
215 230 204
214 229 202
212 228 200
210 227 198
209 226 196
207 226 194
206 225 192
204 224 189
203 223 187
201 222 185
199 221 183
198 220 181
196 220 179
195 219 177
193 218 175
191 217 173
190 216 171
188 216 169
186 215 167
185 214 164
183 213 162
181 212 160
180 212 158
178 211 156
176 210 154
174 209 152
172 209 150
171 208 148
169 207 146
167 207 144
165 206 142
163 205 140
161 204 139
159 204 137
157 203 135
155 202 133
153 202 131
151 201 130
149 200 128
146 200 126
144 199 125
142 198 123
139 198 122
137 197 120
134 197 119
131 196 118
129 195 117
126 195 116
123 194 116
120 193 115
118 193 115
115 192 115
112 191 115
110 191 115
107 190 115
105 189 115
102 188 115
100 188 116
98 187 116
95 186 116
93 185 117
91 184 117
89 183 118
87 182 118
86 181 118
84 180 119
82 179 119
80 178 120
79 177 120
77 177 120
76 176 121
74 175 121
73 174 121
71 173 122
70 172 122
68 171 122
67 170 123
66 169 123
65 167 123
64 166 124
62 165 124
61 164 124
60 163 124
59 162 125
58 161 125
57 160 125
56 159 125
55 158 125
54 157 126
54 156 126
53 155 126
52 154 126
51 153 126
50 152 126
50 151 126
49 150 126
48 149 127
48 148 127
47 147 127
46 146 127
46 145 127
45 144 127
44 143 127
44 142 127
43 141 127
43 139 127
42 138 127
42 137 127
41 136 127
41 135 127
40 134 127
40 133 126
39 132 126
39 131 126
38 130 126
38 129 126
37 128 126
37 127 126
37 126 126
36 125 126
36 124 126
35 123 125
35 122 125
34 121 125
34 120 125
34 119 125
33 118 125
33 117 125
33 116 124
32 115 124
32 114 124
31 113 124
31 112 124
31 111 124
30 110 123
30 109 123
30 108 123
29 107 123
29 106 123
29 105 123
28 104 122
28 103 122
28 102 122
28 101 122
27 100 122
27 99 122
27 98 121
27 97 121
26 96 121
26 94 121
26 93 121
26 92 120
26 91 120
26 90 120
25 89 120
25 88 120
25 87 120
25 86 119
25 85 119
25 84 119
25 83 119
25 82 119
25 81 118
25 80 118
26 79 118
26 78 118
26 76 118
26 75 118
26 74 117
26 73 117
27 72 117
27 71 117
27 70 116
28 69 116
28 68 116
28 66 116
29 65 115
29 64 115
29 63 115
30 62 115
30 60 114
31 59 114
31 58 114
31 57 113
32 56 113
32 54 113
33 53 112
33 52 112
34 51 111
34 49 111
34 48 110
35 47 110
35 45 109
36 44 108
36 43 108
36 42 107
37 40 106
37 39 105
37 38 104
38 36 103
38 35 102
38 34 101
38 33 99
38 31 98
38 30 97
38 29 95
38 28 93
38 27 92
38 26 90
37 25 88
37 24 86
37 24 84
36 23 82
35 22 80
35 21 78
34 21 76
33 20 74
33 20 71
32 19 69
31 18 67
30 18 65
29 17 63
28 17 61
27 16 59
26 16 57
25 15 55
24 15 53
23 14 51
22 14 49
20 13 47
