148 241 243
146 240 243
145 239 242
143 238 242
142 237 242
141 236 241
139 235 241
138 233 240
137 232 240
135 231 240
134 230 239
132 229 239
131 228 238
130 227 238
128 226 238
127 224 237
125 223 237
124 222 237
123 221 236
121 220 236
120 219 236
118 218 235
117 217 235
116 216 235
114 214 234
113 213 234
111 212 234
110 211 233
108 210 233
107 209 233
106 208 232
104 207 232
103 206 232
101 205 232
100 204 231
98 203 231
97 202 231
95 200 231
94 199 230
92 198 230
91 197 230
90 196 230
88 195 229
87 194 229
85 193 229
84 192 229
82 191 229
81 190 228
79 189 228
78 188 228
76 187 228
75 186 228
73 185 227
72 183 227
70 182 227
69 181 227
67 180 227
66 179 227
64 178 227
63 177 226
61 176 226
60 175 226
58 174 226
56 173 226
55 172 226
53 171 226
52 170 226
50 169 225
49 168 225
47 166 225
46 165 225
44 164 225
43 163 225
42 162 225
40 161 225
39 160 225
37 159 225
36 158 224
35 157 224
33 156 224
32 154 224
31 153 224
30 152 224
29 151 224
28 150 224
27 149 224
26 148 224
25 147 223
25 145 223
24 144 223
24 143 223
24 142 223
24 141 223
24 140 222
24 139 222
24 137 222
25 136 222
25 135 221
26 134 221
27 133 221
28 131 220
29 130 220
30 129 220
31 128 219
33 127 219
34 125 218
35 124 217
37 123 217
38 122 216
39 121 215
41 119 214
42 118 213
43 117 212
45 116 211
46 115 210
47 113 209
48 112 207
50 111 206
51 110 205
52 109 203
53 108 202
54 107 200
54 106 199
55 105 197
56 104 195
57 103 194
57 102 192
58 101 190
58 100 188
59 99 186
59 98 185
60 97 183
60 96 181
60 95 179
60 94 177
61 93 175
61 92 173
61 91 172
61 90 170
61 90 168
61 89 166
61 88 164
61 87 162
61 86 160
61 85 158
61 84 156
61 84 155
61 83 153
61 82 151
60 81 149
60 80 147
60 79 145
60 79 143
60 78 142
59 77 140
59 76 138
59 75 136
59 75 134
58 74 132
58 73 131
58 72 129
57 71 127
57 71 125
56 70 124
56 69 122
56 68 120
55 67 118
55 67 117
54 66 115
54 65 113
54 64 112
53 63 110
53 63 108
52 62 106
52 61 105
51 60 103
51 60 102
50 59 100
50 58 98
49 57 97
49 56 95
48 56 93
48 55 92
47 54 90
47 53 89
46 52 87
45 52 86
45 51 84
44 50 82
44 49 81
43 49 79
42 48 78
42 47 76
41 46 75
41 45 73
40 45 72
39 44 70
39 43 69
38 42 67
38 41 66
37 41 64
36 40 63
36 39 62
35 38 60
34 37 59
34 37 57
33 36 56
32 35 54
31 34 53
31 33 52
30 33 50
29 32 49
29 31 47
28 30 46
27 29 45
26 28 43
26 28 42
25 27 41
24 26 39
23 25 38
23 24 37
22 23 35
21 22 34
20 22 32
20 21 31
19 20 30
18 19 28
17 18 27
16 17 26
15 16 24
15 15 23
14 15 22
13 14 21
12 13 19
11 12 18
10 11 17
9 10 15
9 9 14
8 8 13
7 7 11
6 6 10
5 6 9
5 5 7
4 4 6
4 4 5
3 3 4
2 3 4
2 2 3
2 2 2
1 1 2
1 1 1
1 1 1
0 0 0
0 0 0
0 0 0
0 0 0
0 0 0
0 0 0
0 0 0
1 1 0
1 1 1
2 1 1
2 1 1
3 2 2
4 2 2
5 3 2
6 3 3
7 4 3
8 4 3
9 5 4
11 5 4
12 6 5
13 6 5
15 7 6
16 8 6
18 8 7
19 9 8
20 10 8
22 11 9
23 11 9
24 12 10
25 13 11
27 14 11
28 14 12
29 15 13
31 16 13
32 16 14
33 17 14
35 18 15
36 18 15
37 19 16
39 20 17
40 20 17
41 21 18
43 22 18
44 22 19
45 23 19
46 23 20
48 24 20
49 25 21
50 25 21
52 26 22
53 26 22
54 27 23
56 27 23
57 28 24
58 29 24
60 29 25
61 30 25
62 30 26
64 31 26
65 31 27
66 32 27
68 32 28
69 33 28
70 33 28
72 34 29
73 34 29
74 35 30
76 35 30
77 36 31
78 36 31
80 37 32
81 37 32
83 38 32
84 38 33
85 38 33
87 39 34
88 39 34
89 40 35
91 40 35
92 41 35
94 41 36
95 41 36
96 42 37
98 42 37
99 43 38
101 43 38
102 43 38
103 44 39
105 44 39
106 44 40
108 45 40
109 45 40
111 46 41
112 46 41
113 46 42
115 47 42
116 47 43
118 47 43
119 48 43
121 48 44
122 48 44
124 48 45
125 49 45
127 49 46
128 49 46
130 50 47
131 50 47
133 50 48
134 50 48
136 51 49
137 51 49
139 51 50
140 51 50
142 52 51
143 52 51
145 52 52
146 52 52
148 52 53
149 53 53
151 53 54
152 53 55
154 53 55
155 53 56
157 53 56
158 54 57
160 54 58
162 54 58
163 54 59
165 54 60
166 54 61
168 54 62
169 55 62
171 55 63
172 55 64
174 55 65
175 55 66
177 55 67
178 56 68
180 56 70
181 56 71
182 56 72
184 57 74
185 57 75
186 58 77
188 58 78
189 59 80
190 60 81
191 60 83
192 61 85
193 62 86
194 63 88
195 64 90
196 65 91
197 66 93
198 67 95
198 68 97
199 69 98
200 70 100
201 71 102
202 73 104
202 74 105
203 75 107
204 76 109
204 77 110
205 79 112
206 80 114
206 81 115
207 82 117
208 84 119
208 85 120
209 86 122
210 87 124
210 89 125
211 90 127
211 91 129
212 93 130
213 94 132
213 95 133
214 97 135
214 98 137
215 99 138
215 101 140
216 102 141
216 103 143
217 104 145
218 106 146
218 107 148
219 108 149
219 110 151
220 111 153
220 112 154
221 114 156
221 115 157
222 116 159
222 118 160
223 119 162
223 120 163
224 122 165
224 123 166
224 124 168
225 126 169
225 127 171
226 128 172
226 130 174
227 131 175
227 132 177
228 134 178
228 135 180
229 136 181
229 138 183
229 139 184
230 140 186
230 142 187
231 143 189
231 145 190
232 146 192
232 147 193
233 149 195
233 150 196
233 151 197
234 153 199
234 154 200
235 155 202
235 157 203
236 158 205
236 159 206
236 161 207
237 162 209
237 164 210
238 165 212
238 166 213
239 168 215
239 169 216
240 170 217
240 172 219
240 173 220
241 174 222
241 176 223
242 177 224
242 179 226
243 180 227
243 181 229
244 183 230
244 184 231
245 185 233
245 187 234
246 188 235
246 190 237
247 191 238
247 192 240
248 194 241
248 195 242
249 197 244
249 198 245
250 199 247
250 201 248
251 202 249
251 203 251
252 205 252
