0.14076345 0.02071182 0.11281771
0.14594974 0.02188968 0.11920054
0.15119936 0.02298197 0.12556240
0.15651621 0.02397587 0.13189825
0.16190398 0.02485843 0.13820273
0.16736520 0.02561824 0.14446827
0.17290235 0.02624375 0.15068734
0.17851688 0.02672508 0.15685067
0.18420965 0.02705347 0.16294811
0.18998083 0.02722158 0.16896862
0.19582983 0.02722385 0.17490016
0.20175529 0.02705665 0.18072994
0.20775515 0.02671842 0.18644447
0.21382623 0.02621060 0.19202938
0.21996496 0.02553634 0.19747035
0.22616659 0.02470239 0.20275241
0.23242597 0.02371745 0.20786094
0.23873698 0.02259360 0.21278132
0.24509295 0.02134550 0.21749953
0.25148665 0.01999035 0.22200228
0.25791041 0.01854779 0.22627730
0.26435616 0.01703959 0.23031358
0.27081562 0.01548935 0.23410160
0.27728039 0.01392204 0.23763357
0.28374209 0.01236363 0.24090352
0.29019252 0.01084059 0.24390751
0.29662372 0.00937946 0.24664363
0.30302813 0.00800639 0.24911204
0.30939868 0.00674675 0.25131492
0.31572887 0.00562475 0.25325640
0.32201283 0.00466312 0.25494238
0.32824537 0.00388290 0.25638036
0.33442201 0.00330326 0.25757922
0.34053899 0.00294139 0.25854900
0.34659324 0.00281248 0.25930062
0.35258238 0.00292973 0.25984565
0.35850456 0.00330469 0.26019624
0.36435863 0.00394687 0.26036455
0.37014392 0.00486427 0.26036284
0.37586022 0.00606351 0.26020326
0.38150768 0.00754997 0.25989773
0.38708692 0.00932771 0.25945750
0.39259875 0.01140008 0.25889357
0.39804423 0.01376965 0.25821636
0.40342462 0.01643832 0.25743567
0.40874134 0.01940749 0.25656063
0.41399593 0.02267821 0.25559969
0.41919003 0.02625124 0.25456060
0.42432521 0.03012728 0.25345096
0.42940320 0.03430678 0.25227717
0.43442568 0.03879022 0.25104532
0.43939434 0.04345886 0.24976088
0.44431078 0.04809924 0.24842917
0.44917667 0.05271829 0.24705430
0.45399357 0.05731565 0.24564043
0.45876300 0.06189134 0.24419131
0.46348642 0.06644565 0.24271023
0.46816524 0.07097911 0.24120011
0.47280082 0.07549238 0.23966351
0.47739446 0.07998626 0.23810267
0.48194739 0.08446165 0.23651952
0.48646080 0.08891948 0.23491572
0.49093575 0.09336066 0.23329327
0.49537333 0.09778622 0.23165317
0.49977453 0.10219721 0.22999634
0.50414025 0.10659452 0.22832444
0.50847140 0.11097928 0.22663746
0.51276880 0.11535236 0.22493680
0.51703321 0.11971480 0.22322258
0.52126535 0.12406762 0.22149508
0.52546590 0.12841159 0.21975536
0.52963549 0.13274777 0.21800307
0.53377467 0.13707705 0.21623839
0.53788400 0.14140031 0.21446144
0.54196396 0.14571840 0.21267228
0.54601500 0.15003211 0.21087101
0.55003752 0.15434231 0.20905740
0.55403191 0.15864979 0.20723123
0.55799849 0.16295535 0.20539229
0.56193756 0.16725973 0.20354032
0.56584938 0.17156370 0.20167504
0.56973420 0.17586791 0.19979629
0.57359220 0.18017313 0.19790354
0.57742354 0.18448004 0.19599637
0.58122836 0.18878933 0.19407432
0.58500676 0.19310167 0.19213691
0.58875883 0.19741769 0.19018367
0.59248464 0.20173792 0.18821452
0.59618418 0.20606309 0.18622846
0.59985744 0.21039382 0.18422490
0.60350442 0.21473062 0.18220354
0.60712507 0.21907406 0.18016380
0.61071928 0.22342480 0.17810474
0.61428699 0.22778330 0.17602605
0.61782806 0.23215013 0.17392699
0.62134232 0.23652588 0.17180659
0.62482967 0.24091091 0.16966479
0.62828985 0.24530592 0.16750018
0.63172270 0.24971127 0.16531245
0.63512796 0.25412753 0.16310060
0.63850541 0.25855515 0.16086391
0.64185476 0.26299460 0.15860155
0.64517573 0.26744635 0.15631261
0.64846802 0.27191086 0.15399626
0.65173129 0.27638857 0.15165151
0.65496520 0.28087993 0.14927742
0.65816940 0.28538536 0.14687300
0.66134348 0.28990530 0.14443712
0.66448706 0.29444015 0.14196884
0.66759970 0.29899036 0.13946680
0.67068100 0.30355627 0.13693009
0.67373044 0.30813837 0.13435717
0.67674760 0.31273697 0.13174696
0.67973195 0.31735252 0.12909795
0.68268296 0.32198539 0.12640873
0.68560012 0.32663596 0.12367783
0.68848285 0.33130462 0.12090357
0.69133057 0.33599172 0.11808438
0.69414268 0.34069765 0.11521839
0.69691853 0.34542279 0.11230376
0.69965749 0.35016750 0.10933850
0.70235888 0.35493213 0.10632054
0.70502196 0.35971709 0.10324758
0.70764604 0.36452269 0.10011737
0.71023032 0.36934934 0.09692724
0.71277404 0.37419738 0.09367465
0.71527635 0.37906718 0.09035668
0.71773639 0.38395913 0.08697024
0.72015332 0.38887355 0.08351225
0.72252610 0.39381089 0.07997886
0.72485391 0.39877141 0.07636682
0.72713557 0.40375564 0.07267144
0.72937020 0.40876379 0.06888911
0.73155654 0.41379641 0.06501440
0.73369361 0.41885372 0.06104297
0.73578004 0.42393628 0.05696855
0.73781479 0.42904431 0.05278605
0.73979630 0.43417841 0.04848788
0.74172351 0.43933875 0.04406818
0.74359469 0.44452599 0.03950843
0.74540863 0.44974032 0.03496736
0.74716365 0.45498227 0.03061831
0.74885810 0.46025226 0.02647651
0.75049051 0.46555057 0.02255949
0.75205882 0.47087783 0.01888448
0.75356139 0.47623430 0.01547235
0.75499642 0.48162033 0.01234546
0.75636178 0.48703642 0.00952762
0.75765535 0.49248300 0.00704533
0.75887522 0.49796029 0.00492862
0.76001921 0.50346863 0.00320981
0.76108507 0.50900832 0.00192458
0.76207052 0.51457964 0.00111230
0.76297317 0.52018282 0.00081636
0.76379071 0.52581798 0.00108485
0.76452092 0.53148512 0.00197104
0.76516152 0.53718415 0.00353359
0.76571020 0.54291496 0.00583717
0.76616493 0.54867718 0.00895343
0.76652389 0.55447023 0.01296137
0.76678550 0.56029331 0.01794799
0.76694857 0.56614535 0.02400887
0.76701214 0.57202510 0.03124883
0.76697576 0.57793095 0.03978262
0.76684045 0.58386049 0.04903227
0.76660722 0.58981131 0.05845547
0.76627868 0.59578020 0.06807116
0.76585862 0.60176337 0.07788875
0.76535207 0.60775653 0.08791591
0.76476592 0.61375464 0.09815770
0.76410868 0.61975203 0.10861653
0.76339058 0.62574253 0.11929191
0.76262383 0.63171933 0.13017975
0.76182218 0.63767533 0.14127273
0.76100088 0.64360319 0.15256015
0.76017623 0.64949558 0.16402820
0.75936551 0.65534529 0.17565990
0.75858557 0.66114578 0.18743710
0.75785387 0.66689082 0.19933860
0.75718617 0.67257532 0.21134402
0.75659702 0.67819514 0.22343301
0.75610095 0.68374654 0.23558301
0.75570882 0.68922752 0.24777627
0.75543037 0.69463672 0.25999526
0.75527358 0.69997362 0.27222411
0.75524459 0.70523852 0.28444919
0.75534786 0.71043232 0.29665885
0.75558798 0.71555598 0.30883969
0.75596488 0.72061196 0.32098797
0.75648039 0.72560206 0.33309460
0.75713411 0.73052872 0.34515503
0.75792615 0.73539419 0.35716277
0.75885397 0.74020137 0.36911783
0.75991624 0.74495271 0.38101667
0.76111117 0.74965073 0.39285671
0.76243653 0.75429795 0.40463631
0.76388981 0.75889688 0.41635461
0.76546826 0.76344999 0.42801150
0.76716895 0.76795967 0.43960747
0.76898887 0.77242823 0.45114355
0.77092495 0.77685790 0.46262121
0.77297624 0.78125047 0.47403404
0.77513802 0.78560829 0.48538994
0.77740852 0.78993312 0.49668600
0.77978481 0.79422686 0.50792385
0.78226461 0.79849125 0.51910268
0.78484437 0.80272804 0.53022801
0.78752360 0.80693874 0.54129084
0.79029816 0.81112501 0.55230015
0.79316597 0.81528830 0.56325566
0.79612510 0.81943002 0.57415608
0.79917377 0.82355160 0.58499933
0.80230923 0.82765431 0.59578953
0.80552950 0.83173944 0.60652681
0.80883262 0.83580818 0.61721134
0.81221670 0.83986173 0.62784337
0.81567989 0.84390121 0.63842318
0.81922039 0.84792772 0.64895110
0.82283648 0.85194230 0.65942750
0.82652647 0.85594596 0.66985275
0.83028877 0.85993968 0.68022721
0.83412190 0.86392442 0.69055029
0.83802458 0.86790127 0.70081942
0.84199514 0.87187092 0.71103821
0.84603224 0.87583420 0.72120697
0.85013466 0.87979188 0.73132599
0.85430141 0.88374511 0.74139023
0.85853122 0.88769446 0.75140249
0.86282303 0.89164047 0.76136498
0.86717599 0.89558416 0.77127319
0.87158923 0.89952624 0.78112660
0.87606198 0.90346693 0.79092948
0.88059358 0.90740758 0.80067298
0.88518356 0.91134818 0.81036274
0.88983148 0.91528954 0.81999489
0.89453708 0.91923231 0.82956689
0.89930038 0.92317665 0.83908024
0.90412127 0.92712356 0.84852781
0.90900037 0.93107285 0.85791252
0.91393789 0.93502555 0.86722582
0.91893496 0.93898147 0.87646830
0.92399247 0.94294130 0.88563254
0.92911186 0.94690532 0.89471312
0.93429512 0.95087352 0.90370558
0.93954337 0.95484728 0.91259476
0.94485945 0.95882622 0.92137673
0.95024408 0.96281229 0.93003235
0.95569778 0.96680718 0.93854633
0.96121881 0.97081370 0.94690106
0.96679890 0.97483827 0.95506881
0.97242367 0.97888876 0.96303135
0.97806688 0.98297733 0.97077466
0.98368847 0.98712026 0.97829771
0.98924194 0.99133313 0.98563169
0.99468610 0.99562624 0.99283900
1.00000000 1.00000000 1.00000000
