167 12 3
168 12 6
168 13 11
169 13 15
170 13 18
170 14 22
171 14 25
172 14 28
172 14 31
173 15 34
173 15 37
174 15 39
175 15 42
175 16 45
176 16 48
176 16 50
177 16 53
178 16 56
178 16 58
179 16 61
180 16 64
180 16 66
181 16 69
181 16 72
182 16 74
182 16 77
183 16 80
184 16 82
184 16 85
185 15 88
185 15 91
186 15 93
187 15 96
187 14 99
188 14 102
188 13 104
189 13 107
189 13 110
190 12 113
190 12 116
191 11 119
191 11 122
192 10 124
192 9 127
193 9 130
193 8 133
194 8 136
194 7 139
195 6 142
195 6 145
195 6 148
196 5 151
196 5 154
196 5 157
197 5 160
197 5 163
197 5 166
198 6 169
198 6 172
198 7 175
198 8 178
198 9 181
198 11 184
198 12 187
198 14 190
198 16 193
198 18 195
198 20 198
198 22 201
198 25 203
197 27 206
197 29 209
197 31 211
196 34 213
196 36 216
195 39 218
195 41 220
194 43 222
193 46 224
193 48 226
192 51 228
191 53 230
191 56 231
190 58 233
189 60 235
188 63 236
187 65 237
186 67 239
185 70 240
184 72 241
183 74 242
182 77 243
181 79 244
180 81 245
179 83 246
177 85 247
176 87 247
175 90 248
174 92 249
173 94 249
171 96 250
170 98 250
169 100 251
167 102 251
166 104 251
165 105 252
163 107 252
162 109 252
161 111 253
159 113 253
158 114 253
157 116 253
155 118 253
154 120 253
152 121 253
151 123 253
149 125 254
148 126 254
146 128 254
145 129 254
143 131 253
142 133 253
140 134 253
139 136 253
137 137 253
136 139 253
134 140 253
132 141 253
131 143 253
129 144 252
127 146 252
126 147 252
124 148 252
122 150 252
120 151 251
119 153 251
117 154 251
115 155 250
113 157 250
111 158 250
110 159 249
108 160 249
106 162 249
104 163 248
102 164 248
100 165 247
98 167 247
96 168 246
94 169 246
91 170 245
89 172 245
87 173 244
85 174 243
83 175 243
81 176 242
78 177 241
76 179 241
74 180 240
72 181 239
69 182 238
67 183 237
65 184 237
62 185 236
60 186 235
57 187 234
55 188 233
53 189 232
50 190 231
48 191 230
46 192 229
43 193 228
41 194 227
38 195 226
36 196 225
34 197 224
32 198 223
29 199 222
27 200 221
25 201 219
23 202 218
21 203 217
19 203 216
18 204 215
16 205 214
14 206 212
13 207 211
12 208 210
12 209 209
11 209 207
11 210 206
11 211 205
12 212 204
12 213 202
13 213 201
14 214 200
15 215 198
17 216 197
18 217 196
20 217 194
21 218 193
23 219 191
25 220 190
26 221 188
28 221 187
30 222 185
32 223 184
34 224 182
35 224 181
37 225 179
39 226 177
41 227 176
43 227 174
45 228 172
47 229 170
48 230 168
50 230 167
52 231 165
54 232 163
56 232 161
58 233 159
60 234 157
62 235 155
64 235 153
66 236 150
68 237 148
71 237 146
73 238 144
75 239 141
77 239 139
79 240 136
81 241 134
84 241 131
86 242 128
88 243 126
91 243 123
93 244 120
95 244 117
98 245 114
100 246 111
102 246 108
105 247 104
107 247 101
109 248 97
112 248 94
114 249 90
117 249 86
119 250 82
122 250 77
124 251 73
127 251 68
129 252 62
132 252 56
135 253 50
137 253 42
140 254 33
142 254 21
