0 0 0
0 0 0
0 0 0
0 0 0
1 1 0
1 1 0
2 2 1
2 2 1
3 3 1
4 3 1
4 4 1
5 5 1
6 5 1
7 6 1
8 7 2
9 8 2
11 9 2
12 10 2
13 11 2
14 12 2
15 14 2
16 15 2
17 16 2
18 17 2
19 18 2
20 19 2
21 20 2
22 21 2
23 22 2
24 23 2
25 24 2
26 25 1
27 27 1
28 28 1
28 29 1
29 30 1
30 31 1
30 32 1
31 33 1
31 34 1
32 35 0
32 37 0
33 38 0
33 39 0
33 40 1
33 41 1
34 43 1
34 44 1
34 45 2
33 46 2
33 48 3
33 49 4
33 50 5
33 51 6
32 53 7
32 54 8
32 55 10
31 56 11
31 57 13
30 59 15
30 60 17
29 61 18
29 62 20
28 63 22
28 64 24
27 66 25
27 67 27
26 68 29
26 69 31
25 70 33
25 71 34
24 72 36
24 73 38
24 74 40
23 75 42
23 76 43
22 77 45
22 78 47
22 80 49
22 81 51
21 82 53
21 83 54
21 84 56
21 85 58
21 86 60
21 87 62
21 88 64
21 89 65
21 89 67
21 90 69
22 91 71
22 92 73
22 93 74
23 94 76
23 95 78
24 96 80
24 97 82
25 98 84
25 99 85
26 100 87
26 101 89
27 102 91
28 103 93
29 104 94
29 104 96
30 105 98
31 106 100
32 107 102
33 108 104
33 109 105
34 110 107
35 111 109
36 112 111
37 113 113
38 113 115
39 114 117
40 115 118
41 116 120
42 117 122
43 118 124
44 119 126
45 120 128
46 120 130
47 121 132
48 122 134
49 123 136
51 124 137
52 125 139
53 126 141
54 127 143
55 127 145
56 128 147
58 129 149
59 130 151
60 131 153
61 132 155
63 132 157
64 133 159
65 134 161
67 135 163
68 136 165
69 136 167
71 137 169
72 138 171
74 139 173
75 140 175
77 140 177
78 141 179
80 142 181
81 143 183
83 143 185
85 144 187
86 145 189
88 146 191
90 146 193
91 147 195
93 148 197
95 149 199
97 149 201
99 150 203
100 151 205
102 151 207
104 152 209
106 153 211
108 153 213
110 154 215
112 155 217
114 155 219
116 156 220
118 157 222
121 157 224
123 158 226
125 159 227
127 159 229
129 160 231
132 160 232
134 161 234
136 162 235
138 162 236
141 163 238
143 164 239
146 164 240
148 165 241
150 165 242
153 166 243
155 167 243
157 168 244
160 168 245
162 169 245
164 170 245
166 171 246
168 171 246
171 172 246
173 173 246
175 174 246
177 175 246
179 176 246
181 177 246
182 178 246
184 179 245
186 180 245
188 181 245
189 182 245
191 183 244
193 185 244
194 186 244
196 187 244
197 188 243
199 189 243
200 191 243
202 192 243
203 193 243
205 194 242
206 196 242
207 197 242
209 198 242
210 199 242
211 201 242
212 202 242
214 203 242
215 205 242
216 206 242
217 207 242
218 209 242
220 210 242
221 212 242
222 213 242
223 214 242
224 216 242
226 217 242
227 219 242
228 220 243
229 221 243
230 223 243
231 224 243
232 226 244
233 227 244
235 228 244
236 230 245
237 231 245
238 233 246
239 234 246
240 236 246
241 237 247
242 239 247
244 240 248
245 242 248
246 243 249
247 245 250
248 246 250
249 247 251
251 249 252
252 250 252
253 252 253
254 253 254
255 255 255
