0 0 0
0 0 0
0 0 0
0 0 0
1 1 1
1 1 1
2 1 2
2 1 3
3 2 3
3 2 4
4 3 5
5 3 6
6 4 8
7 4 9
8 5 11
9 5 12
10 6 14
11 6 15
12 7 17
14 8 19
15 8 20
16 9 22
17 10 23
18 10 25
19 11 27
21 12 28
22 12 30
23 13 32
24 14 33
25 14 35
26 15 37
28 16 39
29 16 40
30 17 42
31 17 44
32 18 46
33 18 48
35 19 49
36 19 51
37 20 53
38 20 55
39 21 57
40 21 59
41 22 61
43 22 63
44 22 65
45 23 67
46 23 69
47 23 71
48 24 73
50 24 75
51 24 78
52 25 80
53 25 82
54 25 84
55 25 86
56 25 89
58 26 91
59 26 93
60 26 96
61 26 98
62 26 101
63 26 103
65 26 106
66 26 108
67 26 111
68 26 114
69 25 116
70 25 119
72 25 122
73 25 125
74 24 127
75 24 130
76 24 133
77 23 136
78 23 139
80 22 142
81 21 145
82 21 148
83 20 151
84 19 155
85 18 158
86 17 161
87 16 164
88 15 167
89 13 171
90 12 174
91 10 177
92 9 181
92 7 184
93 6 187
94 5 190
94 4 194
95 4 197
96 3 200
96 4 203
96 4 205
97 5 208
97 7 211
97 10 213
97 13 215
97 16 218
96 19 219
96 22 221
96 25 223
95 28 224
95 31 225
94 34 227
94 38 227
93 40 228
92 43 229
92 46 230
91 49 230
90 52 230
89 54 231
88 57 231
87 60 231
86 62 231
85 65 231
84 67 231
83 69 231
82 72 231
81 74 231
80 76 231
79 78 230
78 80 230
77 82 230
76 84 230
75 86 229
74 88 229
73 90 229
72 92 228
71 94 228
70 95 228
69 97 227
68 99 227
67 101 226
66 102 226
65 104 226
64 106 225
63 107 225
62 109 225
61 110 224
60 112 224
59 114 223
58 115 223
57 117 223
56 118 222
55 120 222
54 121 222
53 122 221
52 124 221
51 125 221
50 127 221
49 128 220
48 129 220
48 131 220
47 132 219
46 134 219
45 135 219
44 136 219
44 138 218
43 139 218
42 140 218
41 142 218
40 143 218
40 144 217
39 145 217
38 147 217
38 148 217
37 149 217
36 151 217
36 152 216
35 153 216
34 154 216
34 156 216
33 157 216
32 158 216
32 159 216
31 161 216
31 162 216
30 163 215
29 164 215
29 166 215
28 167 215
27 168 215
27 169 215
26 170 215
26 172 215
25 173 215
24 174 215
24 175 215
23 177 215
23 178 215
22 179 215
21 180 215
21 182 215
20 183 215
19 184 215
19 185 215
18 187 215
17 188 215
16 189 215
16 190 215
15 191 215
14 193 215
13 194 215
12 195 215
11 196 215
10 198 215
10 199 215
9 200 215
8 202 215
7 203 215
6 204 215
5 205 215
5 207 215
4 208 215
4 209 215
3 210 215
3 212 214
3 213 214
3 214 214
3 215 214
3 217 214
3 218 214
4 219 214
4 221 214
5 222 214
7 223 214
8 224 213
10 226 213
12 227 213
14 228 213
17 229 213
19 231 213
21 232 212
24 233 212
27 235 212
29 236 212
32 237 212
35 238 211
38 239 211
41 241 211
45 242 210
48 243 210
52 244 210
56 245 210
60 246 209
64 248 209
68 249 209
73 250 208
78 251 208
83 251 208
89 252 208
95 253 208
