0 0 0
0 0 0
0 0 0
0 0 1
1 1 1
1 1 1
1 1 2
2 1 3
2 2 4
3 2 4
4 3 6
4 3 7
5 4 8
6 4 10
7 5 11
8 5 13
9 6 15
10 7 16
11 7 18
12 8 20
13 9 22
14 10 23
15 10 25
16 11 27
17 12 28
18 13 30
19 13 32
20 14 34
21 15 36
22 16 38
23 16 39
24 17 41
25 18 43
25 19 45
26 19 47
27 20 49
28 21 51
29 21 53
29 22 55
30 23 57
31 24 59
32 24 61
32 25 63
33 26 65
33 26 67
34 27 69
34 28 71
35 29 73
35 30 76
35 30 78
36 31 80
36 32 81
36 33 83
36 34 85
36 35 87
36 36 88
36 37 90
35 38 91
35 40 92
35 41 93
34 42 94
34 43 95
33 45 96
33 46 96
32 47 97
32 49 97
32 50 98
31 51 98
31 52 98
31 54 98
30 55 99
30 56 99
30 57 99
30 58 99
30 59 99
29 61 99
29 62 99
29 63 99
29 64 100
29 65 100
29 66 100
29 67 100
29 68 100
30 69 100
30 71 100
30 72 100
30 73 100
30 74 100
30 75 100
31 76 100
31 77 101
31 78 101
31 79 101
31 80 101
32 81 101
32 82 101
32 83 101
32 84 101
33 85 101
33 86 102
33 87 102
33 88 102
34 89 102
34 90 102
34 91 102
34 92 102
35 93 102
35 94 103
35 95 103
35 96 103
35 97 103
35 98 103
35 99 103
36 100 103
36 101 103
36 103 103
36 104 104
36 105 104
36 106 104
36 107 104
36 108 104
36 109 104
36 110 104
36 111 104
36 112 104
36 113 104
35 114 104
35 115 104
35 116 104
35 117 104
35 118 104
35 119 104
34 121 103
34 122 103
34 123 103
34 124 103
34 125 103
33 126 103
33 127 102
33 128 102
32 129 102
32 130 102
32 131 101
32 133 101
31 134 101
31 135 101
31 136 100
30 137 100
30 138 99
30 139 99
30 140 99
29 141 98
29 143 98
29 144 97
29 145 97
29 146 96
28 147 96
28 148 95
28 149 94
28 150 94
28 151 93
28 153 92
28 154 92
28 155 91
29 156 90
29 157 89
29 158 88
29 159 88
30 160 87
30 161 86
31 163 85
31 164 84
32 165 83
33 166 82
34 167 81
34 168 80
35 169 79
36 170 77
37 171 76
38 172 75
40 173 74
41 175 72
42 176 71
43 177 69
45 178 68
46 179 66
48 180 65
50 181 63
51 182 61
53 183 60
55 184 58
57 185 56
59 186 54
61 187 51
63 188 49
65 189 47
68 190 44
70 191 42
73 192 39
75 193 36
78 194 33
81 194 30
84 195 26
88 196 22
91 197 18
95 197 14
99 198 10
103 199 8
107 199 8
111 200 10
114 200 14
118 201 18
121 201 22
124 202 27
127 202 31
130 203 35
133 203 39
136 204 43
138 205 47
141 205 50
143 206 54
145 207 57
148 207 61
150 208 64
152 209 67
154 209 71
156 210 74
158 211 77
160 211 80
162 212 83
164 213 86
166 214 89
168 214 92
170 215 95
172 216 98
174 217 101
176 217 104
177 218 107
179 219 109
181 220 112
183 220 115
185 221 118
186 222 121
188 223 123
190 223 126
192 224 129
193 225 132
195 226 134
197 227 137
199 227 140
200 228 143
202 229 145
204 230 148
205 231 151
207 231 153
209 232 156
