145 241 251
144 240 251
142 239 250
141 238 249
140 237 249
139 235 248
137 234 248
136 233 247
135 232 247
134 231 246
132 230 245
131 228 245
130 227 244
129 226 244
127 225 243
126 224 243
125 223 242
124 222 242
123 221 241
121 219 241
120 218 240
119 217 239
118 216 239
117 215 238
116 214 238
115 213 237
113 212 237
112 210 236
111 209 236
110 208 235
109 207 235
108 206 234
107 205 234
106 204 233
105 203 233
104 202 232
103 200 232
102 199 231
101 198 231
100 197 230
99 196 230
98 195 229
97 194 229
96 193 228
95 192 228
94 191 227
93 190 227
92 188 226
91 187 226
90 186 225
89 185 225
89 184 224
88 183 224
87 182 223
86 181 223
86 180 222
85 179 222
84 177 221
83 176 221
83 175 220
82 174 219
81 173 219
81 172 218
80 171 218
80 170 217
79 169 217
78 168 216
78 167 216
77 165 215
77 164 215
77 163 214
76 162 213
76 161 213
75 160 212
75 159 212
75 158 211
74 157 210
74 156 210
74 154 209
74 153 208
73 152 208
73 151 207
73 150 206
73 149 206
73 148 205
73 147 204
73 146 203
72 145 203
72 143 202
72 142 201
72 141 200
72 140 199
72 139 199
72 138 198
72 137 197
73 136 196
73 135 195
73 134 194
73 133 193
73 131 192
73 130 191
73 129 190
73 128 189
73 127 188
73 126 187
73 125 186
74 124 185
74 123 183
74 122 182
74 121 181
74 120 180
74 119 179
74 118 177
74 117 176
74 116 175
74 115 174
74 114 172
74 113 171
74 112 170
74 111 168
74 110 167
74 109 166
74 108 164
74 107 163
74 106 161
74 105 160
73 104 159
73 103 157
73 102 156
73 101 154
73 100 153
73 99 152
72 98 150
72 97 149
72 97 147
72 96 146
71 95 144
71 94 143
71 93 141
71 92 140
70 91 139
70 90 137
70 89 136
69 88 134
69 88 133
69 87 131
68 86 130
68 85 129
67 84 127
67 83 126
67 82 124
66 82 123
66 81 121
65 80 120
65 79 119
64 78 117
64 77 116
64 76 114
63 76 113
63 75 112
62 74 110
62 73 109
61 72 107
61 71 106
60 71 105
60 70 103
59 69 102
58 68 100
58 67 99
57 67 98
57 66 96
56 65 95
56 64 94
55 63 92
55 62 91
54 62 90
53 61 88
53 60 87
52 59 86
52 58 84
51 58 83
50 57 82
50 56 80
49 55 79
49 54 78
48 53 77
47 53 75
47 52 74
46 51 73
45 50 71
45 49 70
44 49 69
43 48 68
43 47 66
42 46 65
41 45 64
41 45 63
40 44 61
39 43 60
39 42 59
38 41 58
37 40 56
37 40 55
36 39 54
35 38 53
35 37 51
34 36 50
33 35 49
32 35 48
32 34 46
31 33 45
30 32 44
29 31 43
29 30 42
28 30 40
27 29 39
26 28 38
26 27 37
25 26 36
24 25 34
23 24 33
22 24 32
22 23 31
21 22 30
20 21 28
19 20 27
18 19 26
18 18 25
17 17 23
16 16 22
15 16 21
14 15 20
13 14 19
12 13 17
11 12 16
11 11 15
10 10 14
9 9 13
8 8 11
7 7 10
6 6 9
6 6 8
5 5 7
4 4 6
4 4 5
3 3 4
3 3 3
2 2 3
2 2 2
1 1 2
1 1 1
1 1 1
0 0 0
0 0 0
0 0 0
0 0 0
0 0 0
0 0 0
0 0 0
1 1 0
1 1 1
1 1 1
2 2 1
2 2 1
3 3 2
3 3 2
4 4 2
4 5 3
5 5 3
6 6 3
7 7 4
7 8 4
8 9 5
9 10 5
10 11 6
11 12 6
12 13 7
12 14 7
13 15 8
14 16 8
15 17 9
16 18 10
16 19 10
17 20 11
18 21 12
19 22 12
19 23 13
20 24 13
21 25 14
22 26 15
22 27 15
23 28 16
24 29 16
24 29 17
25 30 18
26 31 18
26 32 19
27 33 19
27 34 20
28 35 20
29 36 21
29 37 22
30 38 22
30 39 23
31 40 23
32 41 24
32 42 24
33 43 25
33 44 25
34 45 26
34 46 27
35 47 27
35 48 28
36 48 28
36 49 29
37 50 29
37 51 30
38 52 30
38 53 31
39 54 31
39 55 32
40 56 32
40 57 33
40 58 33
41 59 34
41 60 34
42 61 35
42 62 35
43 63 36
43 64 36
43 65 37
44 65 37
44 66 38
44 67 38
45 68 39
45 69 39
46 70 40
46 71 40
46 72 41
47 73 41
47 74 42
47 75 42
48 76 43
48 77 43
48 78 44
48 79 44
49 80 44
49 81 45
49 82 45
50 83 46
50 84 46
50 85 47
50 86 47
51 87 48
51 88 48
51 89 48
51 90 49
51 91 49
52 92 50
52 93 50
52 94 51
52 95 51
52 96 51
53 97 52
53 98 52
53 99 53
53 100 53
53 101 53
53 102 54
53 103 54
54 104 55
54 105 55
54 106 55
54 107 56
54 108 56
54 109 57
54 110 57
54 111 57
54 112 58
54 113 58
54 114 58
54 115 59
54 116 59
54 117 59
54 118 60
54 119 60
54 120 60
54 121 61
54 122 61
54 123 61
54 124 62
54 125 62
54 126 62
54 127 63
54 128 63
54 129 63
54 130 64
54 132 64
53 133 64
53 134 64
53 135 65
53 136 65
53 137 65
53 138 65
53 139 66
52 140 66
52 141 66
52 142 66
52 143 67
52 144 67
51 145 67
51 147 67
51 148 67
51 149 67
50 150 68
50 151 68
50 152 68
50 153 68
49 154 68
49 155 68
49 156 68
49 158 69
48 159 69
48 160 69
48 161 69
48 162 69
47 163 69
47 164 69
47 165 69
47 166 69
46 168 69
46 169 69
46 170 69
46 171 69
46 172 69
46 173 69
45 174 69
45 175 69
45 177 69
45 178 68
45 179 68
45 180 68
46 181 68
46 182 68
46 183 68
46 184 67
46 186 67
47 187 67
47 188 67
48 189 66
48 190 66
49 191 66
50 192 66
50 193 65
51 194 65
52 196 65
53 197 64
54 198 64
55 199 63
56 200 63
57 201 62
59 202 62
60 203 62
61 204 61
63 205 61
64 206 60
66 207 60
67 208 59
69 210 58
70 211 58
72 212 57
74 213 57
76 214 56
77 215 56
79 216 55
81 217 54
83 218 54
85 219 53
87 220 53
88 221 52
90 222 51
92 223 51
94 224 50
96 225 49
98 226 49
100 227 48
102 228 47
104 229 46
106 230 46
108 231 45
110 232 44
112 233 44
114 234 43
116 235 42
118 236 41
120 237 40
122 238 40
125 239 39
127 240 38
129 241 37
131 242 36
133 243 35
135 244 34
137 245 34
139 246 33
141 247 32
143 248 31
145 249 30
147 250 29
149 251 27
151 252 26
