0 0 0
0 0 0
0 0 0
0 0 1
0 1 1
1 1 2
1 2 3
1 2 4
1 3 5
2 3 6
2 4 8
2 5 10
3 6 12
3 7 14
3 8 16
3 9 18
4 10 20
4 11 22
4 12 24
4 13 26
4 14 28
4 15 30
4 16 33
4 17 35
4 18 37
4 20 39
4 21 42
4 22 44
4 23 47
4 23 49
4 24 52
4 25 54
3 26 57
3 27 59
3 28 62
3 29 65
2 30 68
2 31 71
1 31 74
1 32 77
1 33 80
1 33 83
0 34 86
0 35 89
0 35 92
0 36 96
0 36 99
1 37 103
1 37 106
2 37 110
3 38 113
5 38 117
7 38 121
10 38 124
13 38 128
16 37 131
19 37 135
23 37 138
26 37 141
29 36 143
32 36 146
36 36 147
39 36 149
42 36 150
44 36 151
47 37 152
49 37 152
52 38 152
54 39 152
57 39 153
59 40 152
61 41 152
63 42 152
65 42 152
67 43 152
69 44 151
71 45 151
73 46 151
75 47 150
77 47 150
79 48 150
81 49 149
82 50 149
84 51 149
86 52 148
88 52 148
90 53 148
91 54 147
93 55 147
95 55 147
97 56 146
98 57 146
100 58 146
102 58 145
103 59 145
105 60 145
107 61 144
109 61 144
110 62 144
112 63 144
114 63 143
115 64 143
117 65 143
119 65 143
121 66 142
122 67 142
124 67 142
126 68 142
128 69 141
129 69 141
131 70 141
133 70 141
135 71 140
136 72 140
138 72 140
140 73 140
142 73 139
143 74 139
145 74 139
147 75 138
149 75 138
151 76 138
153 76 137
154 77 137
156 78 137
158 78 136
160 79 136
162 79 135
164 80 135
165 80 134
167 81 134
169 81 133
171 81 133
173 82 132
175 82 132
177 83 131
179 83 130
181 84 130
182 84 129
184 85 128
186 85 127
188 86 127
190 86 126
192 87 125
194 87 124
196 88 123
198 88 122
199 89 121
201 89 120
203 90 119
205 91 118
207 91 117
209 92 116
211 92 115
212 93 114
214 93 113
216 94 111
218 95 110
220 95 109
221 96 108
223 97 106
225 98 105
227 98 104
228 99 102
230 100 101
232 101 100
233 102 98
235 103 97
236 104 95
238 105 94
239 106 92
241 107 91
242 108 90
243 109 88
244 110 87
246 112 85
247 113 84
248 115 83
249 116 82
250 118 81
251 119 80
251 121 79
252 123 78
253 125 77
253 126 77
254 128 76
254 130 76
254 132 76
254 134 76
255 136 77
255 139 77
255 141 78
255 143 79
255 145 80
254 147 81
254 149 82
254 152 84
254 154 86
254 156 87
253 158 89
253 160 91
253 162 94
252 165 96
252 167 98
252 169 101
251 171 103
251 173 106
250 175 109
250 177 111
250 179 114
249 181 117
249 183 120
248 185 123
248 187 126
248 189 129
247 191 132
247 193 135
247 195 138
246 196 141
246 198 144
246 200 147
245 202 151
245 204 154
245 205 157
245 207 160
244 209 164
244 211 167
244 212 170
244 214 173
244 216 177
244 217 180
244 219 183
244 221 186
244 222 190
244 224 193
244 226 196
244 227 199
244 229 203
244 230 206
244 232 209
245 233 212
245 235 215
245 237 219
246 238 222
246 240 225
247 241 228
247 242 231
248 244 234
248 245 237
249 247 240
250 248 243
251 249 246
252 251 248
253 252 250
254 254 253
255 255 255
