250 144 95
250 143 93
250 142 92
250 141 91
250 140 89
250 139 88
251 138 87
251 136 86
251 135 84
251 134 83
251 133 82
251 132 80
251 131 79
252 130 78
252 128 76
252 127 75
252 126 74
252 125 73
252 124 71
252 122 70
252 121 69
253 120 67
253 119 66
253 118 65
253 116 63
253 115 62
253 114 61
253 113 60
253 111 58
253 110 57
254 109 56
254 107 54
254 106 53
254 105 52
254 103 50
254 102 49
254 101 48
254 99 47
254 98 45
254 97 44
254 95 43
254 94 41
254 92 40
254 91 39
254 89 37
255 88 36
255 86 35
255 85 34
255 83 32
255 82 31
255 80 30
255 79 28
255 77 27
255 75 26
255 73 25
255 72 23
255 70 22
255 68 21
255 66 20
255 65 19
255 63 18
255 61 17
255 59 16
254 57 15
254 55 14
254 52 14
254 50 13
254 48 13
254 46 13
254 43 13
254 41 13
253 38 13
253 36 14
253 34 15
252 31 16
252 29 17
252 26 18
251 24 20
251 22 21
250 19 22
249 17 24
249 15 25
248 14 27
247 12 28
246 10 30
246 9 31
245 8 32
244 7 34
243 7 35
242 6 36
241 6 37
240 6 39
239 6 40
239 6 41
238 6 42
237 7 43
236 7 44
235 8 45
234 8 46
233 9 47
232 10 48
231 10 49
230 11 50
229 12 51
228 12 52
227 13 53
226 14 54
225 15 55
224 15 56
223 16 57
221 17 58
220 17 59
219 18 59
218 19 60
217 19 61
216 20 62
215 20 63
214 21 63
213 22 64
212 22 65
211 23 66
210 23 66
209 24 67
208 24 68
207 25 69
206 25 69
205 25 70
204 26 71
203 26 71
202 27 72
201 27 73
200 27 73
199 28 74
198 28 75
197 29 75
195 29 76
194 29 76
193 30 77
192 30 78
191 30 78
190 30 79
189 31 79
188 31 80
187 31 80
186 31 81
185 32 82
184 32 82
183 32 83
182 32 83
181 33 84
180 33 84
179 33 85
178 33 85
177 33 86
176 33 86
175 34 87
174 34 87
173 34 87
172 34 88
171 34 88
170 34 89
169 34 89
168 34 90
167 35 90
166 35 90
165 35 91
164 35 91
163 35 92
162 35 92
161 35 92
160 35 93
159 35 93
158 35 94
157 35 94
156 35 94
155 35 95
154 35 95
153 35 95
152 35 96
151 35 96
150 35 96
149 35 97
148 35 97
148 35 97
147 35 98
146 35 98
145 35 98
144 35 99
143 35 99
142 35 99
141 34 99
140 34 100
139 34 100
138 34 100
137 34 100
136 34 101
135 34 101
135 34 101
134 34 101
133 33 102
132 33 102
131 33 102
130 33 102
129 33 103
128 33 103
127 32 103
126 32 103
126 32 104
125 32 104
124 32 104
123 31 104
122 31 104
121 31 105
120 31 105
120 30 105
119 30 105
118 30 105
117 30 106
116 29 106
115 29 106
114 29 106
114 28 106
113 28 107
112 28 107
111 27 107
110 27 107
109 27 107
109 26 108
108 26 108
107 25 108
106 25 108
105 25 108
105 24 109
104 24 109
103 23 109
102 23 109
102 22 109
101 22 110
100 21 110
99 21 110
98 20 110
98 20 111
97 19 111
96 18 111
95 18 111
95 17 112
94 16 112
93 15 112
93 14 112
92 14 113
91 13 113
90 12 113
90 11 114
89 9 114
88 8 114
88 7 114
88 8 116
88 8 117
89 9 119
89 9 120
89 10 121
90 10 123
90 11 124
90 11 126
91 12 127
91 12 128
91 13 130
92 13 131
92 14 133
92 14 134
92 15 136
93 15 137
93 16 138
93 16 140
94 17 141
94 17 143
94 18 144
94 18 146
95 18 147
95 19 149
95 19 150
96 20 152
96 20 153
96 20 155
96 21 156
97 21 158
97 22 159
97 22 161
97 22 162
97 23 164
98 23 166
98 24 167
98 24 169
98 24 170
98 25 172
99 25 173
99 26 175
99 26 177
99 27 178
99 27 180
99 27 181
99 28 183
100 28 184
100 29 186
100 29 188
100 30 189
100 30 191
100 31 192
100 31 194
100 32 195
100 32 197
100 33 199
100 34 200
100 34 202
100 35 203
100 35 205
100 36 206
100 37 208
100 37 209
100 38 211
100 39 212
100 40 214
99 40 215
99 41 216
99 42 218
99 43 219
99 44 220
98 44 222
98 45 223
98 46 224
97 47 226
97 48 227
97 49 228
96 50 229
96 51 230
95 52 231
95 53 232
94 54 233
94 56 234
93 57 235
93 58 236
92 59 236
91 60 237
91 62 238
90 63 238
89 64 239
89 65 239
88 67 240
87 68 240
86 69 241
85 71 241
85 72 241
84 73 241
83 74 242
82 76 242
81 77 242
80 78 242
79 80 242
78 81 242
77 82 242
76 84 241
75 85 241
74 86 241
73 87 241
72 89 241
71 90 240
70 91 240
69 92 240
68 93 239
67 95 239
66 96 238
65 97 238
64 98 237
63 99 237
62 100 236
61 102 236
60 103 235
59 104 235
58 105 234
57 106 234
56 107 233
55 108 233
54 109 232
53 110 232
52 111 231
52 112 231
51 113 230
50 114 229
49 115 229
48 116 228
47 117 228
47 118 227
46 119 226
45 120 226
44 120 225
44 121 225
43 122 224
42 123 224
42 124 223
41 125 223
40 126 222
40 126 221
39 127 221
39 128 220
38 129 220
38 130 219
37 131 219
37 131 218
37 132 218
36 133 217
36 134 217
35 134 216
35 135 216
35 136 215
35 137 215
34 138 214
34 138 214
34 139 214
34 140 213
34 141 213
34 141 212
34 142 212
34 143 211
34 143 211
34 144 211
34 145 210
34 146 210
34 146 209
34 147 209
34 148 209
34 148 208
34 149 208
34 150 208
34 151 207
35 151 207
35 152 207
35 153 206
35 153 206
35 154 206
35 155 205
36 155 205
36 156 205
36 157 204
36 157 204
36 158 204
37 159 204
37 159 203
37 160 203
37 161 203
38 161 202
38 162 202
38 163 202
38 163 202
39 164 201
39 165 201
39 165 201
39 166 201
39 167 201
40 167 200
40 168 200
40 169 200
40 169 200
40 170 200
41 171 199
41 172 199
41 172 199
41 173 199
41 174 199
41 174 198
41 175 198
41 176 198
41 176 198
42 177 198
42 178 198
42 178 197
42 179 197
42 180 197
42 180 197
42 181 197
42 182 197
42 182 196
42 183 196
42 184 196
41 184 196
41 185 196
41 186 196
41 187 195
41 187 195
41 188 195
41 189 195
40 189 195
40 190 195
40 191 194
40 191 194
39 192 194
39 193 194
38 194 194
38 194 194
38 195 194
37 196 193
37 197 193
36 197 193
36 198 193
35 199 193
34 199 192
34 200 192
33 201 192
32 202 192
32 202 192
31 203 192
30 204 191
