0.00000000 0.00000000 0.00000000
0.00031246 0.00020111 0.00025627
0.00112231 0.00068156 0.00090515
0.00239896 0.00138190 0.00190777
0.00413895 0.00227217 0.00325294
0.00634537 0.00333163 0.00493740
0.00902409 0.00454421 0.00696179
0.01218267 0.00589658 0.00932927
0.01582945 0.00737731 0.01204468
0.01997325 0.00897635 0.01511413
0.02462340 0.01068456 0.01854486
0.02978979 0.01249342 0.02234523
0.03548237 0.01439508 0.02652436
0.04167864 0.01638226 0.03109205
0.04793582 0.01844783 0.03605917
0.05415654 0.02058490 0.04141397
0.06034557 0.02278724 0.04682409
0.06650808 0.02504817 0.05222469
0.07264753 0.02736176 0.05762094
0.07876737 0.02972190 0.06301786
0.08487075 0.03212247 0.06842017
0.09095989 0.03455789 0.07383177
0.09703748 0.03702196 0.07925694
0.10310516 0.03950925 0.08469904
0.10916490 0.04197056 0.09016173
0.11521837 0.04434927 0.09564841
0.12126650 0.04665645 0.10116184
0.12731142 0.04889222 0.10670591
0.13335353 0.05105807 0.11228296
0.13939383 0.05315462 0.11789590
0.14543374 0.05518173 0.12354815
0.15147372 0.05714000 0.12924223
0.15751435 0.05902971 0.13498083
0.16355626 0.06085080 0.14076677
0.16960000 0.06260310 0.14660287
0.17564611 0.06428622 0.15249203
0.18169500 0.06589972 0.15843708
0.18774677 0.06744330 0.16444064
0.19380164 0.06891635 0.17050552
0.19985972 0.07031815 0.17663454
0.20592106 0.07164791 0.18283055
0.21198587 0.07290437 0.18909673
0.21805388 0.07408672 0.19543581
0.22412484 0.07519393 0.20185063
0.23019844 0.07622486 0.20834412
0.23627427 0.07717828 0.21491919
0.24235253 0.07805177 0.22157986
0.24843203 0.07884488 0.22832824
0.25451222 0.07955585 0.23516760
0.26059284 0.08018223 0.24210183
0.26667241 0.08072334 0.24913312
0.27275065 0.08117617 0.25626577
0.27882600 0.08153962 0.26350227
0.28489723 0.08181183 0.27084577
0.29096358 0.08198959 0.27830065
0.29702302 0.08207192 0.28586912
0.30307395 0.08205667 0.29355451
0.30911459 0.08194169 0.30136007
0.31514295 0.08172500 0.30928890
0.32115680 0.08140474 0.31734395
0.32715368 0.08097930 0.32552795
0.33313088 0.08044737 0.33384339
0.33908542 0.07980801 0.34229246
0.34501425 0.07906022 0.35087753
0.35091402 0.07820361 0.35960048
0.35678059 0.07724000 0.36846149
0.36261051 0.07616906 0.37746290
0.36839888 0.07499522 0.38660322
0.37414151 0.07372084 0.39588331
0.37983327 0.07235224 0.40530123
0.38546889 0.07089703 0.41485479
0.39104291 0.06936492 0.42454112
0.39654956 0.06776848 0.43435623
0.40198284 0.06612364 0.44429498
0.40733651 0.06445017 0.45435099
0.41260418 0.06277218 0.46451665
0.41777939 0.06111855 0.47478307
0.42285565 0.05952328 0.48514013
0.42782659 0.05802486 0.49557717
0.43268582 0.05666848 0.50608125
0.43742726 0.05550325 0.51663900
0.44204513 0.05458165 0.52723648
0.44653397 0.05395922 0.53785824
0.45088883 0.05369027 0.54848918
0.45510522 0.05382701 0.55911317
0.45917927 0.05441507 0.56971450
0.46310766 0.05549137 0.58027742
0.46688772 0.05708145 0.59078658
0.47051741 0.05919812 0.60122724
0.47399530 0.06184117 0.61158545
0.47732056 0.06499851 0.62184802
0.48049291 0.06864775 0.63200298
0.48351260 0.07275889 0.64203927
0.48638035 0.07729672 0.65194705
0.48909730 0.08222323 0.66171766
0.49166496 0.08749968 0.67134353
0.49408514 0.09308809 0.68081816
0.49635987 0.09895222 0.69013638
0.49849156 0.10505847 0.69929343
0.50048254 0.11137590 0.70828623
0.50233543 0.11787666 0.71711216
0.50405303 0.12453572 0.72576907
0.50563797 0.13133085 0.73425617
0.50709307 0.13824237 0.74257292
0.50842113 0.14525291 0.75071938
0.50962496 0.15234720 0.75869606
0.51070736 0.15951182 0.76650391
0.51167110 0.16673502 0.77414424
0.51251888 0.17400648 0.78161867
0.51325338 0.18131718 0.78892907
0.51387721 0.18865921 0.79607754
0.51439291 0.19602566 0.80306633
0.51480296 0.20341048 0.80989783
0.51510977 0.21080838 0.81657454
0.51531570 0.21821474 0.82309901
0.51542301 0.22562551 0.82947387
0.51543415 0.23303699 0.83570159
0.51535107 0.24044625 0.84178498
0.51517586 0.24785059 0.84772665
0.51491068 0.25524758 0.85352914
0.51455754 0.26263517 0.85919502
0.51411822 0.27001170 0.86472687
0.51359482 0.27737548 0.87012706
0.51298904 0.28472528 0.87539803
0.51230269 0.29205997 0.88054209
0.51153768 0.29937847 0.88556143
0.51069552 0.30668011 0.89045825
0.50977821 0.31396399 0.89523452
0.50878714 0.32122973 0.89989228
0.50772430 0.32847663 0.90443330
0.50659106 0.33570449 0.90885940
0.50538936 0.34291280 0.91317217
0.50412065 0.35010144 0.91737317
0.50278681 0.35727010 0.92146382
0.50138942 0.36441870 0.92544542
0.49993030 0.37154707 0.92931919
0.49841121 0.37865516 0.93308619
0.49683398 0.38574291 0.93674740
0.49520056 0.39281027 0.94030367
0.49351285 0.39985726 0.94375573
0.49177299 0.40688384 0.94710420
0.48998310 0.41389003 0.95034958
0.48814547 0.42087583 0.95349225
0.48626251 0.42784124 0.95653246
0.48433680 0.43478625 0.95947037
0.48237102 0.44171086 0.96230598
0.48036816 0.44861499 0.96503923
0.47833124 0.45549864 0.96766989
0.47626373 0.46236169 0.97019765
0.47416915 0.46920405 0.97262205
0.47205144 0.47602558 0.97494257
0.46991481 0.48282608 0.97715854
0.46776372 0.48960538 0.97926917
0.46560321 0.49636315 0.98127364
0.46343842 0.50309916 0.98317091
0.46127529 0.50981294 0.98496001
0.45911981 0.51650417 0.98663968
0.45697893 0.52317226 0.98820879
0.45485970 0.52981674 0.98966594
0.45277011 0.53643692 0.99100984
0.45071855 0.54303210 0.99223903
0.44871406 0.54960153 0.99335202
0.44676665 0.55614422 0.99434747
0.44488639 0.56265938 0.99522365
0.44308487 0.56914577 0.99597931
0.44137397 0.57560228 0.99661298
0.43976620 0.58202770 0.99712316
0.43827527 0.58842056 0.99750876
0.43691538 0.59477937 0.99776866
0.43570118 0.60110264 0.99790168
0.43464843 0.60738857 0.99790727
0.43377328 0.61363535 0.99778493
0.43309232 0.61984106 0.99753448
0.43262243 0.62600374 0.99715601
0.43238086 0.63212125 0.99665016
0.43238487 0.63819141 0.99601806
0.43265151 0.64421198 0.99526130
0.43319741 0.65018068 0.99438210
0.43403856 0.65609523 0.99338327
0.43519000 0.66195334 0.99226837
0.43666556 0.66775277 0.99104163
0.43847758 0.67349134 0.98970814
0.44063658 0.67916699 0.98827371
0.44315105 0.68477780 0.98674494
0.44602720 0.69032206 0.98512916
0.44926876 0.69579827 0.98343447
0.45287691 0.70120519 0.98166958
0.45685017 0.70654187 0.97984398
0.46118441 0.71180769 0.97796752
0.46587290 0.71700240 0.97605029
0.47090655 0.72212610 0.97410266
0.47627396 0.72717920 0.97213557
0.48196178 0.73216253 0.97015966
0.48795513 0.73707731 0.96818479
0.49423737 0.74192493 0.96622226
0.50079146 0.74670729 0.96428075
0.50759890 0.75142640 0.96237083
0.51464171 0.75608463 0.96050004
0.52190077 0.76068447 0.95867798
0.52935797 0.76522862 0.95691155
0.53699541 0.76971992 0.95520746
0.54479559 0.77416124 0.95357212
0.55274175 0.77855558 0.95201122
0.56081796 0.78290593 0.95052976
0.56900925 0.78721530 0.94913199
0.57730169 0.79148666 0.94782152
0.58568238 0.79572294 0.94660125
0.59413953 0.79992699 0.94547349
0.60266194 0.80410164 0.94444057
0.61123873 0.80824967 0.94350526
0.61986233 0.81237355 0.94266660
0.62852260 0.81647602 0.94192797
0.63721403 0.82055927 0.94128733
0.64592748 0.82462593 0.94074810
0.65465898 0.82867796 0.94030770
0.66340275 0.83271754 0.93996652
0.67215238 0.83674693 0.93972620
0.68090506 0.84076785 0.93958452
0.68965684 0.84478217 0.93954112
0.69840426 0.84879167 0.93959548
0.70714432 0.85279803 0.93974694
0.71587442 0.85680284 0.93999469
0.72459236 0.86080761 0.94033785
0.73329625 0.86481377 0.94077540
0.74198452 0.86882267 0.94130630
0.75065588 0.87283558 0.94192942
0.75930745 0.87685409 0.94264556
0.76793990 0.88087904 0.94345188
0.77655261 0.88491151 0.94434714
0.78514349 0.88895287 0.94533180
0.79371246 0.89300405 0.94640437
0.80226011 0.89706581 0.94756279
0.81078346 0.90113969 0.94880881
0.81928545 0.90522587 0.95013824
0.82776227 0.90932608 0.95155384
0.83621702 0.91344039 0.95305152
0.84464705 0.91757024 0.95463300
0.85305358 0.92171613 0.95629628
0.86143702 0.92587871 0.95804020
0.86979478 0.93005940 0.95986662
0.87812911 0.93425838 0.96177275
0.88643972 0.93847643 0.96375834
0.89472555 0.94271457 0.96582393
0.90298630 0.94697357 0.96796934
0.91122262 0.95125397 0.97019360
0.91943415 0.95555654 0.97249673
0.92762042 0.95988208 0.97487889
0.93578091 0.96423141 0.97734034
0.94391496 0.96860538 0.97988153
0.95202139 0.97300497 0.98250342
0.96009954 0.97743102 0.98520655
0.96814816 0.98188453 0.98799202
0.97616544 0.98636667 0.99086151
0.98414897 0.99087878 0.99381721
0.99209543 0.99542251 0.99686206
1.00000000 1.00000000 1.00000000
