0 0 0
0 0 0
0 0 0
0 0 0
0 0 1
1 1 1
1 1 1
1 1 2
1 2 2
2 2 3
2 3 4
2 3 5
3 4 5
3 4 6
4 5 7
4 5 9
4 6 10
5 7 11
5 8 12
6 8 14
6 9 15
7 10 16
7 11 17
8 12 19
8 13 20
9 14 21
10 15 23
10 15 24
11 16 25
11 17 26
12 18 28
12 19 29
13 20 30
13 21 32
14 21 33
14 22 34
14 23 35
15 24 37
15 25 38
15 26 39
16 26 41
16 27 42
16 28 43
17 29 45
17 30 46
17 31 47
17 31 49
18 32 50
18 33 51
18 34 53
18 35 54
18 36 55
18 36 57
18 37 58
18 38 59
18 39 61
18 40 62
17 41 63
17 42 65
17 43 66
17 43 67
16 44 68
16 45 69
15 46 71
14 47 72
14 48 73
13 49 74
12 50 75
11 51 76
10 52 76
10 53 77
9 54 78
8 55 79
7 55 79
7 56 80
6 57 80
5 58 81
5 59 81
4 60 82
4 61 82
4 62 83
4 63 83
3 64 83
3 65 84
3 66 84
3 66 84
3 67 85
3 68 85
3 69 85
3 70 86
4 71 86
4 72 86
4 73 87
4 73 87
5 74 87
5 75 88
5 76 88
6 77 88
6 78 88
6 79 89
7 79 89
7 80 89
8 81 89
8 82 90
9 83 90
9 84 90
10 85 91
10 85 91
11 86 91
11 87 91
12 88 92
12 89 92
13 90 92
13 91 92
14 91 92
14 92 93
15 93 93
15 94 93
16 95 93
16 96 94
16 97 94
17 97 94
17 98 94
18 99 94
18 100 95
18 101 95
19 102 95
19 103 95
20 104 95
20 104 95
20 105 96
21 106 96
21 107 96
21 108 96
22 109 96
22 110 96
22 111 96
23 111 97
23 112 97
23 113 97
24 114 97
24 115 97
24 116 97
24 117 97
25 118 97
25 119 97
25 119 97
26 120 97
26 121 97
26 122 98
26 123 98
27 124 98
27 125 98
27 126 98
28 127 98
28 128 98
28 129 98
28 129 98
29 130 98
29 131 97
29 132 97
29 133 97
30 134 97
30 135 97
30 136 97
31 137 97
31 138 97
31 139 97
32 140 97
32 141 97
32 141 96
32 142 96
33 143 96
33 144 96
33 145 96
34 146 96
34 147 95
34 148 95
35 149 95
35 150 95
35 151 95
36 152 94
36 153 94
37 154 94
37 155 93
37 156 93
38 157 93
38 158 93
38 158 92
39 159 92
39 160 92
40 161 91
40 162 91
41 163 90
41 164 90
41 165 90
42 166 89
42 167 89
43 168 88
43 169 88
44 170 87
44 171 87
45 172 86
45 173 86
46 174 85
46 175 85
47 176 84
47 177 84
48 178 83
49 179 82
49 180 82
50 181 81
50 182 81
51 183 80
51 184 79
52 185 78
53 186 78
53 187 77
54 188 76
54 189 75
55 190 75
56 191 74
56 192 73
57 193 72
58 194 71
58 195 70
59 196 69
60 197 68
60 198 67
61 199 66
62 200 65
63 201 64
63 202 63
64 203 61
65 204 60
65 205 59
66 206 58
67 207 56
68 208 55
68 209 53
69 210 52
70 211 50
71 212 48
72 213 46
72 214 45
73 215 43
74 216 40
75 217 38
76 218 36
76 219 33
77 220 30
78 222 27
79 223 23
80 224 19
81 225 14
82 226 7
