39 4 18
40 4 19
42 5 20
43 5 21
45 5 22
46 5 24
47 6 25
49 6 26
50 6 27
52 6 28
53 6 29
55 7 30
56 7 31
58 7 32
59 7 33
61 7 34
62 7 35
64 7 36
65 7 37
67 7 38
68 7 39
70 7 40
71 7 41
73 7 42
74 7 42
76 7 43
77 7 44
79 7 45
80 6 45
82 6 46
83 6 47
85 6 47
87 6 48
88 6 48
90 5 49
91 5 49
93 5 50
94 5 50
96 5 50
97 5 51
99 5 51
100 4 51
102 4 51
103 4 51
105 4 51
106 5 51
108 5 52
109 5 52
111 5 52
112 5 52
114 6 51
115 6 51
116 7 51
118 7 51
119 8 51
120 8 51
122 9 51
123 10 50
124 11 50
126 12 50
127 12 50
128 13 50
130 14 49
131 15 49
132 16 49
133 17 49
135 18 48
136 19 48
137 20 48
138 21 47
140 22 47
141 23 47
142 24 46
143 25 46
144 26 46
145 28 46
146 29 45
148 30 45
149 31 45
150 32 44
151 33 44
152 34 43
153 35 43
154 36 43
155 37 42
156 38 42
157 40 42
158 41 41
159 42 41
160 43 41
161 44 40
162 45 40
163 46 40
164 48 39
165 49 39
166 50 39
167 51 38
168 52 38
169 53 38
170 54 37
171 56 37
172 57 37
173 58 36
174 59 36
175 60 36
175 62 35
176 63 35
177 64 35
178 65 34
179 67 34
180 68 34
181 69 34
181 70 33
182 71 33
183 73 33
184 74 33
184 75 33
185 76 32
186 78 32
187 79 32
187 80 32
188 82 32
189 83 32
189 84 32
190 86 32
191 87 32
191 88 32
192 89 32
193 91 32
193 92 32
194 93 32
194 95 33
195 96 33
195 98 33
196 99 34
196 100 34
197 102 34
197 103 35
198 104 35
198 106 36
199 107 36
199 109 37
200 110 38
200 111 38
200 113 39
201 114 40
201 116 41
202 117 42
202 118 43
202 120 44
203 121 45
203 123 46
203 124 47
203 125 48
204 127 50
204 128 51
204 130 52
205 131 54
205 133 55
205 134 56
205 135 58
205 137 59
206 138 61
206 140 62
206 141 64
206 143 66
206 144 67
207 145 69
207 147 71
207 148 73
207 150 74
207 151 76
207 152 78
208 154 80
208 155 82
208 157 84
208 158 86
208 159 88
208 161 90
209 162 92
209 163 94
209 165 96
209 166 98
209 167 100
210 169 102
210 170 104
210 171 106
210 173 108
211 174 111
211 175 113
211 177 115
211 178 117
212 179 119
212 181 121
212 182 124
212 183 126
213 184 128
213 186 130
213 187 132
214 188 135
214 189 137
214 191 139
215 192 141
215 193 144
216 194 146
216 196 148
216 197 150
217 198 153
217 199 155
218 201 157
218 202 159
219 203 162
219 204 164
220 205 166
220 207 168
221 208 171
221 209 173
222 210 175
222 212 177
223 213 180
224 214 182
224 215 184
225 216 186
225 217 189
226 219 191
227 220 193
227 221 195
228 222 198
229 223 200
230 225 202
230 226 204
231 227 206
232 228 209
233 229 211
233 230 213
234 232 215
235 233 217
236 234 220
237 235 222
238 236 224
239 238 226
240 239 228
241 240 230
242 241 232
243 242 235
244 243 237
245 244 239
246 246 241
247 247 243
248 248 244
249 249 246
250 250 248
252 251 250
253 253 252
254 254 253
255 255 255
253 254 254
251 253 253
250 252 252
248 251 251
246 250 250
244 249 249
242 248 248
240 247 247
238 246 247
236 245 246
235 244 245
233 243 244
231 242 243
229 241 242
227 240 241
225 239 241
223 239 240
221 238 239
219 237 238
217 236 238
215 235 237
214 234 236
212 233 235
210 232 235
208 231 234
206 230 233
204 229 233
202 229 232
200 228 231
198 227 231
196 226 230
194 225 230
192 224 229
190 223 229
188 222 228
186 222 227
184 221 227
182 220 226
179 219 226
177 218 226
175 217 225
173 216 225
171 216 224
169 215 224
167 214 224
165 213 223
163 212 223
161 211 223
159 211 222
157 210 222
155 209 222
152 208 221
150 207 221
148 206 221
146 205 221
144 205 221
142 204 220
140 203 220
138 202 220
136 201 220
134 200 220
131 199 220
129 198 220
127 197 220
125 197 220
123 196 220
121 195 220
119 194 220
117 193 220
115 192 220
113 191 220
112 190 220
110 189 220
108 188 220
106 187 220
104 186 220
102 185 220
101 184 220
99 183 220
97 182 220
96 181 220
94 180 220
93 179 221
91 178 221
90 177 221
88 176 221
87 175 221
86 174 221
84 173 221
83 172 221
82 171 221
81 169 221
80 168 221
79 167 221
78 166 221
77 165 222
76 164 222
75 163 222
75 162 222
74 160 222
73 159 222
73 158 222
72 157 222
72 156 222
71 155 222
71 153 222
71 152 222
70 151 222
70 150 222
70 149 222
70 147 222
70 146 222
69 145 222
69 144 221
69 143 221
69 141 221
70 140 221
70 139 221
70 138 221
70 136 221
70 135 221
70 134 221
71 133 221
71 131 221
71 130 220
71 129 220
72 127 220
72 126 220
72 125 220
73 123 220
73 122 219
73 121 219
74 119 219
74 118 219
75 117 219
75 115 218
76 114 218
76 113 218
76 111 218
77 110 217
77 109 217
78 107 217
78 106 217
79 104 216
79 103 216
80 102 216
80 100 215
81 99 215
81 97 215
82 96 214
82 94 214
83 93 214
83 91 213
83 90 213
84 88 212
84 87 212
85 85 211
85 84 211
86 82 211
86 81 210
86 79 210
87 78 209
87 76 208
88 74 208
88 73 207
88 71 207
89 70 206
89 68 205
89 66 205
90 65 204
90 63 203
90 61 202
91 60 202
91 58 201
91 56 200
91 54 199
91 53 198
92 51 197
92 49 196
92 47 195
92 46 194
92 44 193
92 42 192
92 40 191
92 38 190
92 36 188
92 35 187
92 33 186
92 31 184
92 29 183
92 27 181
92 26 179
91 24 178
91 22 176
91 21 174
91 19 172
90 18 170
90 16 168
89 15 166
89 14 164
88 13 161
87 13 159
87 12 157
86 12 154
85 11 152
84 11 150
83 11 147
82 12 145
82 12 142
81 12 140
79 13 137
78 13 135
77 13 132
76 14 130
75 14 127
74 15 125
73 15 122
71 15 120
70 16 118
69 16 115
68 16 113
67 17 111
65 17 108
64 17 106
63 17 104
62 17 102
60 17 100
59 17 98
58 17 96
56 17 94
55 17 92
54 17 90
53 17 88
51 17 86
50 17 84
49 17 82
47 16 80
46 16 78
45 16 77
44 16 75
42 15 73
41 15 71
40 15 69
38 15 68
37 14 66
36 14 64
35 13 63
33 13 61
32 13 59
31 12 58
29 12 56
28 11 54
27 11 53
26 10 51
24 10 50
