0.00000000 0.00000000 0.00000000
0.00012858 0.00021766 0.00021156
0.00041099 0.00076694 0.00075465
0.00078500 0.00161147 0.00161029
0.00121594 0.00273710 0.00278459
0.00167939 0.00413528 0.00429175
0.00215678 0.00579988 0.00615035
0.00263347 0.00772596 0.00838176
0.00309772 0.00990921 0.01100946
0.00353998 0.01234573 0.01405851
0.00395245 0.01503181 0.01755535
0.00432876 0.01796386 0.02152760
0.00466381 0.02113834 0.02600398
0.00495337 0.02455173 0.03101440
0.00519415 0.02820047 0.03658987
0.00538382 0.03208089 0.04268668
0.00552053 0.03618928 0.04888432
0.00560335 0.04052050 0.05513989
0.00563188 0.04485360 0.06145669
0.00560652 0.04912638 0.06783751
0.00552818 0.05334114 0.07428501
0.00539867 0.05749970 0.08080134
0.00522026 0.06160362 0.08738876
0.00499613 0.06565409 0.09404914
0.00473017 0.06965208 0.10078425
0.00442704 0.07359828 0.10759580
0.00409230 0.07749316 0.11448526
0.00373240 0.08133700 0.12145403
0.00335472 0.08512986 0.12850342
0.00296770 0.08887163 0.13563456
0.00258083 0.09256201 0.14284848
0.00220478 0.09620055 0.15014607
0.00185148 0.09978663 0.15752804
0.00153407 0.10331948 0.16499505
0.00126725 0.10679816 0.17254740
0.00106713 0.11022161 0.18018530
0.00095132 0.11358860 0.18790886
0.00093936 0.11689778 0.19571763
0.00105235 0.12014767 0.20361121
0.00131345 0.12333664 0.21158868
0.00174778 0.12646294 0.21964885
0.00238256 0.12952470 0.22779019
0.00324734 0.13251995 0.23601061
0.00437395 0.13544661 0.24430760
0.00579664 0.13830251 0.25267825
0.00755234 0.14108542 0.26111864
0.00968047 0.14379304 0.26962460
0.01222317 0.14642301 0.27819109
0.01522536 0.14897305 0.28681198
0.01873464 0.15144086 0.29548041
0.02280128 0.15382422 0.30418849
0.02747816 0.15612104 0.31292718
0.03282058 0.15832942 0.32168623
0.03888601 0.16044773 0.33045402
0.04545965 0.16247469 0.33921751
0.05218104 0.16440942 0.34796220
0.05905492 0.16625151 0.35667237
0.06607633 0.16800140 0.36532997
0.07323974 0.16966008 0.37391605
0.08053840 0.17122954 0.38240984
0.08796447 0.17271268 0.39078934
0.09550864 0.17411362 0.39903108
0.10316069 0.17543745 0.40711111
0.11090871 0.17669068 0.41500448
0.11873972 0.17788098 0.42268627
0.12663965 0.17901717 0.43013197
0.13459355 0.18010918 0.43731800
0.14258579 0.18116785 0.44422235
0.15060037 0.18220469 0.45082509
0.15862128 0.18323167 0.45710897
0.16663287 0.18426084 0.46305986
0.17462016 0.18530403 0.46866710
0.18256919 0.18637258 0.47392364
0.19046725 0.18747700 0.47882612
0.19830297 0.18862681 0.48337470
0.20606654 0.18983035 0.48757289
0.21375006 0.19109448 0.49142725
0.22134673 0.19242494 0.49494683
0.22885169 0.19382593 0.49814286
0.23626114 0.19530053 0.50102829
0.24357299 0.19685044 0.50361724
0.25078571 0.19847655 0.50592476
0.25789903 0.20017871 0.50796639
0.26491355 0.20195595 0.50975776
0.27183039 0.20380675 0.51131451
0.27865122 0.20572907 0.51265195
0.28537808 0.20772051 0.51378498
0.29201305 0.20977852 0.51472812
0.29855902 0.21190012 0.51549484
0.30501867 0.21408240 0.51609812
0.31139440 0.21632253 0.51655055
0.31768941 0.21861743 0.51686328
0.32390616 0.22096436 0.51704740
0.33004742 0.22336053 0.51711295
0.33611597 0.22580327 0.51706917
0.34211431 0.22829010 0.51692483
0.34804486 0.23081868 0.51668805
0.35390997 0.23338683 0.51636633
0.35971186 0.23599252 0.51596660
0.36545269 0.23863384 0.51549521
0.37113448 0.24130909 0.51495802
0.37675916 0.24401666 0.51436039
0.38232854 0.24675512 0.51370727
0.38784431 0.24952316 0.51300315
0.39330788 0.25231966 0.51225259
0.39872081 0.25514354 0.51145925
0.40408461 0.25799384 0.51062639
0.40940019 0.26086981 0.50975804
0.41466910 0.26377063 0.50885634
0.41989211 0.26669575 0.50792480
0.42507050 0.26964456 0.50696524
0.43020489 0.27261664 0.50598078
0.43529635 0.27561157 0.50497293
0.44034560 0.27862901 0.50394381
0.44535318 0.28166873 0.50289564
0.45031989 0.28473049 0.50182966
0.45524626 0.28781414 0.50074746
0.46013276 0.29091958 0.49965062
0.46497978 0.29404673 0.49854065
0.46978780 0.29719556 0.49741853
0.47455714 0.30036608 0.49628544
0.47928811 0.30355832 0.49514246
0.48398095 0.30677235 0.49399061
0.48863588 0.31000824 0.49283083
0.49325306 0.31326611 0.49166400
0.49783264 0.31654608 0.49049093
0.50237472 0.31984829 0.48931239
0.50687939 0.32317290 0.48812908
0.51134670 0.32652007 0.48694166
0.51577668 0.32988998 0.48575075
0.52016933 0.33328282 0.48455690
0.52452456 0.33669875 0.48336105
0.52884242 0.34013798 0.48216335
0.53312284 0.34360072 0.48096420
0.53736577 0.34708716 0.47976398
0.54157104 0.35059749 0.47856358
0.54573862 0.35413191 0.47736299
0.54986840 0.35769067 0.47616226
0.55396019 0.36127392 0.47496233
0.55801388 0.36488190 0.47376289
0.56202932 0.36851484 0.47256415
0.56600627 0.37217291 0.47136668
0.56994457 0.37585641 0.47016985
0.57384395 0.37956550 0.46897459
0.57770417 0.38330050 0.46778003
0.58152491 0.38706161 0.46658680
0.58530584 0.39084913 0.46539450
0.58904656 0.39466342 0.46420267
0.59274663 0.39850465 0.46301230
0.59640555 0.40237329 0.46182212
0.60002274 0.40626973 0.46063205
0.60359757 0.41019424 0.45944276
0.60712931 0.41414733 0.45825355
0.61061711 0.41812950 0.45706416
0.61406005 0.42214125 0.45587458
0.61745712 0.42618311 0.45468485
0.62080717 0.43025566 0.45349513
0.62410898 0.43435947 0.45230587
0.62736116 0.43849523 0.45111720
0.63056222 0.44266364 0.44992954
0.63371055 0.44686539 0.44874358
0.63680444 0.45110123 0.44756019
0.63984214 0.45537180 0.44638090
0.64282173 0.45967788 0.44520686
0.64574121 0.46402021 0.44403961
0.64859855 0.46839951 0.44288101
0.65139168 0.47281645 0.44173316
0.65411849 0.47727168 0.44059844
0.65677727 0.48176543 0.43948081
0.65936582 0.48629838 0.43838237
0.66188213 0.49087101 0.43730585
0.66432472 0.49548331 0.43625567
0.66669203 0.50013537 0.43523547
0.66898219 0.50482757 0.43424756
0.67119490 0.50955903 0.43329818
0.67332833 0.51433018 0.43238860
0.67538253 0.51914000 0.43152438
0.67735649 0.52398835 0.43070759
0.67925079 0.52887401 0.42994315
0.68106464 0.53379682 0.42923215
0.68279988 0.53875482 0.42858018
0.68445579 0.54374795 0.42798698
0.68603409 0.54877454 0.42745610
0.68753601 0.55383336 0.42698932
0.68896212 0.55892366 0.42658666
0.69031434 0.56404392 0.42624972
0.69159481 0.56919255 0.42597966
0.69280424 0.57436893 0.42577509
0.69394432 0.57957187 0.42563569
0.69501674 0.58480024 0.42556072
0.69602402 0.59005249 0.42555010
0.69696700 0.59532809 0.42560152
0.69784698 0.60062624 0.42571308
0.69866530 0.60594618 0.42588291
0.69942318 0.61128720 0.42610890
0.70012165 0.61664872 0.42638882
0.70076161 0.62203026 0.42672032
0.70134373 0.62743142 0.42710097
0.70186853 0.63285192 0.42752827
0.70233631 0.63829154 0.42799973
0.70274718 0.64375019 0.42851284
0.70310108 0.64922781 0.42906514
0.70339772 0.65472445 0.42965419
0.70363665 0.66024022 0.43027762
0.70381722 0.66577528 0.43093314
0.70393861 0.67132987 0.43161853
0.70400025 0.67690407 0.43233194
0.70400197 0.68249775 0.43307201
0.70394128 0.68811181 0.43383596
0.70381672 0.69374666 0.43462192
0.70362664 0.69940272 0.43542813
0.70336988 0.70508018 0.43625332
0.70304636 0.71077874 0.43709705
0.70265185 0.71649985 0.43795642
0.70218412 0.72224403 0.43883003
0.70164280 0.72801098 0.43971771
0.70102572 0.73380117 0.44061834
0.70032828 0.73961595 0.44152957
0.69954953 0.74545518 0.44245132
0.69868817 0.75131880 0.44338335
0.69773805 0.75720865 0.44432297
0.69669961 0.76312392 0.44527116
0.69556857 0.76906557 0.44622647
0.69433963 0.77503489 0.44718714
0.69301515 0.78103028 0.44815534
0.69158502 0.78705467 0.44912718
0.69005138 0.79310645 0.45010488
0.68840620 0.79918764 0.45108588
0.68664830 0.80529774 0.45207097
0.68477216 0.81143772 0.45305907
0.68277410 0.81760782 0.45405003
0.68064946 0.82380858 0.45504339
0.67839375 0.83004037 0.45603889
0.67600120 0.83630393 0.45703585
0.67346851 0.84259909 0.45803475
0.67078652 0.84892748 0.45903379
0.66795537 0.85528768 0.46003507
0.66496079 0.86168269 0.46103512
0.66180640 0.86810988 0.46203758
0.65847638 0.87457242 0.46303880
0.65496779 0.88106945 0.46404018
0.65127382 0.88760120 0.46504181
0.64738043 0.89416975 0.46604145
0.64328861 0.90077285 0.46704227
0.63898121 0.90741312 0.46804140
0.63444716 0.91409125 0.46903838
0.62968624 0.92080495 0.47003640
0.62467620 0.92755747 0.47103187
0.61940472 0.93434919 0.47202476
0.61387000 0.94117770 0.47301835
0.60804612 0.94804626 0.47400913
0.60191719 0.95495530 0.47499701
0.59547437 0.96190331 0.47598418
0.58869458 0.96889176 0.47696930
0.58155331 0.97592194 0.47795130
0.57402763 0.98299425 0.47893009
