250 145 79
250 144 78
251 143 77
251 141 76
251 140 75
251 139 74
251 138 73
251 137 71
251 136 70
252 135 69
252 133 68
252 132 67
252 131 66
252 130 65
252 129 64
252 128 62
252 126 61
253 125 60
253 124 59
253 123 58
253 122 57
253 120 56
253 119 55
253 118 54
253 117 53
253 115 51
253 114 50
253 113 49
254 112 48
254 110 47
254 109 46
254 108 45
254 107 44
254 105 43
254 104 42
254 103 41
254 101 40
254 100 39
254 98 38
254 97 37
254 96 36
254 94 35
254 93 34
254 91 33
254 90 32
254 89 31
254 87 30
254 86 29
254 84 28
254 83 27
254 81 26
254 80 25
254 78 25
254 76 24
254 75 23
254 73 22
254 71 22
254 70 21
254 68 21
254 66 20
254 65 20
254 63 19
253 61 19
253 59 19
253 57 19
253 55 19
253 53 19
253 51 19
253 49 19
252 47 19
252 45 20
252 43 20
252 41 21
251 39 22
251 37 22
251 35 23
250 32 24
250 30 25
249 28 26
249 26 27
248 24 28
248 22 29
247 20 30
246 18 32
246 16 33
245 14 34
244 12 35
244 10 36
243 8 37
242 7 39
241 5 40
240 4 41
240 4 42
239 3 43
238 2 44
237 2 45
236 2 46
235 1 47
234 1 48
233 1 49
232 2 50
231 2 51
231 2 52
230 2 53
229 3 54
228 3 55
227 4 56
226 4 57
225 5 58
224 6 59
223 6 59
222 7 60
221 8 61
220 9 62
219 9 63
218 10 64
217 11 64
216 12 65
215 12 66
214 13 67
213 14 67
211 14 68
210 15 69
209 16 70
208 16 70
207 17 71
206 18 72
205 18 72
204 19 73
203 19 74
202 20 74
201 20 75
200 21 76
199 21 76
198 22 77
197 22 78
196 23 78
195 23 79
194 23 79
193 24 80
192 24 80
191 25 81
190 25 82
189 25 82
188 26 83
187 26 83
186 26 84
185 27 84
184 27 85
183 27 85
182 27 86
181 28 86
180 28 87
179 28 87
178 28 88
177 29 88
176 29 89
175 29 89
174 29 90
173 29 90
172 30 90
171 30 91
170 30 91
169 30 92
168 30 92
167 30 93
166 31 93
165 31 93
164 31 94
163 31 94
162 31 95
161 31 95
160 31 95
159 31 96
158 31 96
157 31 96
156 31 97
155 31 97
154 31 97
153 32 98
152 32 98
151 32 98
150 32 99
149 32 99
148 32 99
147 32 99
146 32 100
145 32 100
144 32 100
143 31 101
142 31 101
141 31 101
140 31 101
139 31 102
138 31 102
138 31 102
137 31 102
136 31 103
135 31 103
134 31 103
133 31 103
132 30 104
131 30 104
130 30 104
129 30 104
128 30 104
127 30 105
127 30 105
126 29 105
125 29 105
124 29 105
123 29 106
122 29 106
121 28 106
120 28 106
120 28 106
119 28 107
118 28 107
117 27 107
116 27 107
115 27 107
114 27 107
114 26 108
113 26 108
112 26 108
111 25 108
110 25 108
109 25 109
108 24 109
108 24 109
107 24 109
106 23 109
105 23 109
104 22 110
104 22 110
103 21 110
102 21 110
101 21 110
100 20 111
100 20 111
99 19 111
98 18 111
97 18 111
97 17 112
96 17 112
95 16 112
94 15 112
93 15 112
93 14 113
92 13 113
91 12 113
90 11 113
90 10 114
89 9 114
88 8 114
88 7 114
88 8 116
88 8 117
89 9 119
89 9 120
89 10 121
90 10 123
90 11 124
90 11 126
91 12 127
91 13 128
91 13 130
92 13 131
92 14 133
92 14 134
92 15 135
93 15 137
93 16 138
93 16 140
94 17 141
94 17 143
94 18 144
94 18 146
95 18 147
95 19 149
95 19 150
96 20 152
96 20 153
96 20 155
96 21 156
97 21 158
97 22 159
97 22 161
97 22 162
97 23 164
98 23 166
98 24 167
98 24 169
98 24 170
98 25 172
99 25 173
99 26 175
99 26 177
99 27 178
99 27 180
99 27 181
99 28 183
100 28 184
100 29 186
100 29 188
100 30 189
100 30 191
100 31 192
100 31 194
100 32 195
100 32 197
100 33 199
100 34 200
100 34 202
100 35 203
100 35 205
100 36 206
100 37 208
100 37 209
100 38 211
100 39 212
100 40 214
99 40 215
99 41 216
99 42 218
99 43 219
99 44 220
98 44 222
98 45 223
98 46 224
97 47 225
97 48 227
97 49 228
96 50 229
96 51 230
95 52 231
95 53 232
94 54 233
94 56 234
93 57 235
93 58 236
92 59 236
92 60 237
91 62 238
90 63 238
89 64 239
89 65 239
88 67 240
87 68 240
86 69 241
86 70 241
85 72 241
84 73 241
83 74 242
82 76 242
81 77 242
80 78 242
79 80 242
78 81 242
77 82 242
76 84 241
75 85 241
74 86 241
73 87 241
72 89 241
71 90 240
70 91 240
69 92 240
68 93 239
67 95 239
66 96 238
65 97 238
64 98 237
63 99 237
62 100 237
61 102 236
60 103 236
59 104 235
58 105 234
57 106 234
56 107 233
55 108 233
54 109 232
53 110 232
53 111 231
52 112 231
51 113 230
50 114 229
49 115 229
48 116 228
47 117 228
47 118 227
46 119 227
45 119 226
44 120 225
44 121 225
43 122 224
42 123 224
42 124 223
41 125 223
41 126 222
40 126 222
39 127 221
39 128 220
38 129 220
38 130 219
37 131 219
37 131 218
37 132 218
36 133 217
36 134 217
36 134 216
35 135 216
35 136 215
35 137 215
35 138 215
34 138 214
34 139 214
34 140 213
34 141 213
34 141 212
34 142 212
34 143 211
34 143 211
34 144 211
34 145 210
34 146 210
34 146 209
34 147 209
34 148 209
34 148 208
34 149 208
34 150 208
34 150 207
35 151 207
35 152 207
35 153 206
35 153 206
35 154 206
35 155 205
36 155 205
36 156 205
36 157 204
36 157 204
37 158 204
37 159 204
37 159 203
37 160 203
37 161 203
38 161 203
38 162 202
38 163 202
38 163 202
39 164 202
39 165 201
39 165 201
39 166 201
39 167 201
40 167 200
40 168 200
40 169 200
40 169 200
40 170 200
41 171 199
41 171 199
41 172 199
41 173 199
41 174 199
41 174 198
41 175 198
41 176 198
42 176 198
42 177 198
42 178 198
42 178 197
42 179 197
42 180 197
42 180 197
42 181 197
42 182 197
42 182 196
42 183 196
42 184 196
42 184 196
41 185 196
41 186 196
41 187 195
41 187 195
41 188 195
41 189 195
40 189 195
40 190 195
40 191 195
40 191 194
39 192 194
39 193 194
39 194 194
38 194 194
38 195 194
37 196 193
37 196 193
36 197 193
36 198 193
35 199 193
35 199 193
34 200 192
33 201 192
33 202 192
32 202 192
31 203 192
30 204 191
