0 0 0
0 0 0
0 0 0
1 0 0
1 1 0
2 1 1
3 1 1
4 1 1
5 2 1
7 2 1
8 2 2
10 3 2
12 3 2
14 3 2
16 4 3
17 4 3
19 5 3
21 5 4
23 5 4
25 6 4
27 6 5
28 7 5
30 7 5
32 7 6
34 8 6
36 8 6
38 8 7
40 8 7
41 9 8
43 9 8
45 9 9
47 9 9
49 9 10
51 9 11
53 9 11
54 9 12
56 9 13
58 9 13
60 9 14
62 9 15
64 9 16
66 8 17
68 8 18
69 8 19
71 7 20
73 7 21
75 6 22
77 6 24
79 5 25
80 5 27
82 4 28
84 4 30
86 3 32
87 3 33
89 2 35
90 2 37
92 1 39
94 1 41
95 1 44
97 0 46
98 0 48
99 0 50
101 0 53
102 0 55
103 0 57
105 0 60
106 1 62
107 1 65
108 2 67
109 2 70
110 3 72
112 4 75
113 5 78
114 6 80
114 7 83
115 8 85
116 10 88
117 11 90
118 13 93
119 14 96
120 16 98
120 18 101
121 19 103
122 21 106
122 22 108
123 24 111
124 25 113
124 27 116
125 28 118
125 30 120
126 32 123
126 33 125
127 35 128
127 36 130
127 38 132
128 40 135
128 41 137
128 43 139
129 44 141
129 46 143
129 48 146
129 49 148
130 51 150
130 52 152
130 54 154
130 56 156
130 57 158
130 59 160
130 60 162
130 62 164
130 64 166
130 65 168
130 67 170
130 69 171
130 70 173
130 72 175
130 73 177
130 75 179
130 77 180
130 78 182
129 80 184
129 82 185
129 83 187
129 85 189
128 87 190
128 88 192
128 90 193
127 92 195
127 93 196
127 95 198
126 96 199
126 98 201
125 100 202
125 101 203
124 103 205
124 105 206
123 106 207
123 108 209
122 110 210
121 111 211
121 113 213
120 115 214
119 116 215
118 118 216
118 120 217
117 121 218
116 123 220
115 125 221
114 126 222
113 128 223
112 130 224
111 131 225
110 133 226
109 135 227
108 136 228
107 138 229
106 140 230
105 141 231
103 143 232
102 145 232
101 146 233
99 148 234
98 150 235
96 151 236
95 153 236
93 155 237
92 156 238
90 158 238
88 160 239
87 161 240
85 163 240
83 165 241
81 166 241
79 168 242
77 170 242
75 171 243
73 173 243
71 175 243
69 176 244
66 178 244
64 180 244
62 181 244
59 183 244
57 184 245
55 186 245
53 188 245
50 189 245
48 191 245
46 192 244
44 194 244
43 196 244
42 197 244
41 199 243
41 200 243
41 202 243
42 203 242
43 204 242
45 206 241
47 207 240
50 208 240
54 210 239
58 211 238
62 212 238
66 213 237
71 214 236
76 215 235
81 216 235
85 217 234
90 218 233
95 219 233
100 220 232
105 221 231
110 222 231
115 223 231
120 223 230
124 224 230
129 225 230
133 226 230
138 226 229
142 227 229
146 228 229
150 228 230
154 229 230
158 230 230
162 230 230
166 231 230
170 232 231
173 232 231
177 233 232
180 234 232
184 234 233
187 235 233
190 236 234
194 237 234
197 237 235
200 238 236
203 239 236
206 240 237
209 240 238
212 241 239
215 242 240
218 243 241
221 243 241
224 244 242
227 245 243
229 246 244
232 247 245
235 248 246
237 249 247
240 249 248
243 250 249
245 251 251
248 252 252
250 253 253
253 254 254
255 255 255
