0 0 0
0 0 0
0 0 0
1 0 1
1 0 1
2 1 2
3 1 2
4 1 3
5 1 4
6 2 5
8 2 6
9 2 8
11 3 9
13 3 11
15 3 13
16 3 15
18 4 17
20 4 19
21 4 21
23 4 23
25 5 25
26 5 27
28 5 30
30 5 32
31 5 34
33 5 37
34 5 39
36 5 42
38 5 44
39 5 47
41 5 50
42 5 53
43 4 55
45 4 58
46 4 61
48 4 64
49 3 68
50 3 71
51 3 74
52 2 77
54 2 80
55 2 84
56 1 87
57 1 90
58 1 94
58 1 97
59 1 100
60 1 103
60 1 107
61 1 110
61 2 113
62 3 116
62 4 119
62 5 122
62 7 124
62 9 127
62 12 129
62 14 132
62 16 134
61 19 136
61 22 138
60 24 140
59 27 141
59 29 142
58 32 144
57 34 145
55 37 145
54 39 146
53 42 147
52 44 147
50 47 147
49 49 147
47 51 147
45 53 147
44 56 147
42 58 147
40 60 146
38 62 146
37 64 145
35 66 145
33 67 144
31 69 144
29 71 143
27 73 142
25 75 142
23 76 141
22 78 140
20 79 140
18 81 139
16 82 138
14 84 138
12 85 137
11 87 136
9 88 136
7 90 135
6 91 134
5 92 134
4 94 133
3 95 132
2 96 132
2 98 131
1 99 131
1 100 130
1 101 130
1 103 129
1 104 128
1 105 128
1 106 127
2 108 127
2 109 126
2 110 126
3 111 126
3 112 125
4 114 125
4 115 124
5 116 124
5 117 123
6 118 123
7 120 122
7 121 122
8 122 121
9 123 121
9 124 120
10 126 120
11 127 119
12 128 118
12 129 118
13 130 117
14 132 116
15 133 116
16 134 115
17 135 114
18 136 114
19 138 113
20 139 112
21 140 111
22 141 110
24 142 109
25 143 108
26 145 107
28 146 106
30 147 105
31 148 104
33 149 103
35 150 101
37 152 100
39 153 99
41 154 97
43 155 96
45 156 94
47 157 93
50 158 91
52 159 90
54 160 88
57 161 86
59 163 84
62 164 82
65 165 80
67 166 78
70 167 76
73 167 74
76 168 72
79 169 70
82 170 67
85 171 65
88 172 63
92 173 60
95 174 57
98 174 55
102 175 52
105 176 49
108 176 46
112 177 43
116 178 39
119 178 36
123 179 33
127 179 29
131 180 25
134 180 21
138 181 17
142 181 13
146 181 9
150 182 5
153 182 3
157 182 2
161 183 1
164 183 2
168 183 5
171 183 8
175 184 12
178 184 17
181 184 21
184 185 26
187 185 30
190 185 34
193 186 38
195 186 42
198 187 46
200 187 51
203 188 54
205 188 58
207 189 62
210 189 66
212 190 70
214 191 74
216 191 78
218 192 82
220 193 86
222 193 90
224 194 94
225 195 97
227 195 101
229 196 105
231 197 109
232 198 113
234 199 117
235 200 121
237 200 125
238 201 129
239 202 132
241 203 136
242 204 140
243 205 144
244 206 148
246 207 152
247 208 156
248 210 160
249 211 164
249 212 168
250 213 172
251 214 176
252 216 180
252 217 184
253 218 188
253 220 192
254 221 196
254 223 199
255 224 203
255 226 207
255 227 211
255 229 214
255 230 218
255 232 221
255 234 225
255 236 228
255 237 231
254 239 234
254 241 237
254 243 240
254 245 242
254 246 245
254 248 247
254 250 249
254 252 251
255 253 253
255 255 255
