0.00000000 0.00000000 0.00000000
0.00017861 0.00020267 0.00016611
0.00060987 0.00070825 0.00056492
0.00124533 0.00147776 0.00114900
0.00206179 0.00249549 0.00189491
0.00304382 0.00375232 0.00278676
0.00417997 0.00524234 0.00381243
0.00546119 0.00696146 0.00496219
0.00687998 0.00890681 0.00622782
0.00843003 0.01107632 0.00760227
0.01010581 0.01346857 0.00907928
0.01190249 0.01608256 0.01065331
0.01381574 0.01891770 0.01231931
0.01584160 0.02197367 0.01407265
0.01797652 0.02525040 0.01590912
0.02021719 0.02874801 0.01782477
0.02256054 0.03246683 0.01981592
0.02500371 0.03640730 0.02187911
0.02754400 0.04056787 0.02401111
0.03017888 0.04474398 0.02620884
0.03290595 0.04888427 0.02846940
0.03572290 0.05299160 0.03079003
0.03862753 0.05706852 0.03316808
0.04158856 0.06111730 0.03560101
0.04449925 0.06514000 0.03808640
0.04736808 0.06913850 0.04061880
0.05019690 0.07311448 0.04310709
0.05298738 0.07706950 0.04555185
0.05574104 0.08100499 0.04795472
0.05845927 0.08492225 0.05031724
0.06114335 0.08882250 0.05264081
0.06379444 0.09270685 0.05492672
0.06641359 0.09657636 0.05717619
0.06900179 0.10043199 0.05939033
0.07155993 0.10427465 0.06157020
0.07408886 0.10810518 0.06371678
0.07658932 0.11192439 0.06583098
0.07906206 0.11573301 0.06791371
0.08150770 0.11953175 0.06996574
0.08392684 0.12332129 0.07198784
0.08632003 0.12710224 0.07398074
0.08868778 0.13087522 0.07594510
0.09103058 0.13464077 0.07788162
0.09334884 0.13839944 0.07979087
0.09564295 0.14215174 0.08167344
0.09791327 0.14589817 0.08352988
0.10016014 0.14963917 0.08536074
0.10238387 0.15337521 0.08716650
0.10458471 0.15710672 0.08894765
0.10676291 0.16083409 0.09070464
0.10891870 0.16455773 0.09243792
0.11105226 0.16827801 0.09414792
0.11316376 0.17199530 0.09583502
0.11525334 0.17570996 0.09749963
0.11732115 0.17942231 0.09914212
0.11936727 0.18313269 0.10076285
0.12139179 0.18684142 0.10236217
0.12339478 0.19054880 0.10394042
0.12537626 0.19425514 0.10549793
0.12733627 0.19796073 0.10703502
0.12927481 0.20166583 0.10855199
0.13119186 0.20537074 0.11004916
0.13308738 0.20907573 0.11152680
0.13496133 0.21278104 0.11298522
0.13681362 0.21648694 0.11442469
0.13864418 0.22019367 0.11584550
0.14045286 0.22390149 0.11724789
0.14223956 0.22761062 0.11863216
0.14400414 0.23132131 0.11999858
0.14574641 0.23503377 0.12134741
0.14746617 0.23874826 0.12267888
0.14916322 0.24246498 0.12399326
0.15083734 0.24618415 0.12529084
0.15248828 0.24990599 0.12657186
0.15411576 0.25363071 0.12783660
0.15571947 0.25735853 0.12908527
0.15729908 0.26108966 0.13031816
0.15885428 0.26482431 0.13153555
0.16038469 0.26856266 0.13273771
0.16188993 0.27230494 0.13392491
0.16336956 0.27605135 0.13509744
0.16482313 0.27980207 0.13625557
0.16625017 0.28355733 0.13739961
0.16765014 0.28731732 0.13852981
0.16902252 0.29108224 0.13964652
0.17036674 0.29485228 0.14075006
0.17168219 0.29862766 0.14184077
0.17296821 0.30240855 0.14291899
0.17422413 0.30619518 0.14398507
0.17544921 0.30998774 0.14503939
0.17664268 0.31378642 0.14608235
0.17780372 0.31759145 0.14711435
0.17893141 0.32140302 0.14813579
0.18002485 0.32522135 0.14914713
0.18108308 0.32904663 0.15014887
0.18210506 0.33287908 0.15114153
0.18308970 0.33671891 0.15212564
0.18403584 0.34056633 0.15310179
0.18494208 0.34442160 0.15407046
0.18580719 0.34828491 0.15503236
0.18662985 0.35215648 0.15598826
0.18740842 0.35603656 0.15693879
0.18814125 0.35992540 0.15788468
0.18882687 0.36382318 0.15882698
0.18946306 0.36773024 0.15976628
0.19004826 0.37164673 0.16070387
0.19058000 0.37557301 0.16164050
0.19105645 0.37950925 0.16257759
0.19147470 0.38345581 0.16351601
0.19183256 0.38741290 0.16445736
0.19212722 0.39138081 0.16540304
0.19235541 0.39535988 0.16635442
0.19251406 0.39935040 0.16731330
0.19259975 0.40335265 0.16828156
0.19260869 0.40736697 0.16926118
0.19253681 0.41139368 0.17025438
0.19237971 0.41543312 0.17126357
0.19213266 0.41948563 0.17229142
0.19179056 0.42355155 0.17334090
0.19134729 0.42763133 0.17441498
0.19079730 0.43172523 0.17551751
0.19013387 0.43583363 0.17665239
0.18934945 0.43995695 0.17782386
0.18843639 0.44409553 0.17903688
0.18738627 0.44824967 0.18029689
0.18618956 0.45241976 0.18160983
0.18483599 0.45660613 0.18298235
0.18331475 0.46080900 0.18442194
0.18161393 0.46502860 0.18593691
0.17972121 0.46926499 0.18753659
0.17762323 0.47351816 0.18923123
0.17530545 0.47778802 0.19103208
0.17275373 0.48207414 0.19295169
0.16995361 0.48637590 0.19500364
0.16689090 0.49069233 0.19720251
0.16355281 0.49502206 0.19956375
0.15992882 0.49936318 0.20210329
0.15601086 0.50371337 0.20483697
0.15179735 0.50806949 0.20777995
0.14729090 0.51242802 0.21094564
0.14250303 0.51678473 0.21434476
0.13745254 0.52113509 0.21798428
0.13216660 0.52547437 0.22186658
0.12668001 0.52979790 0.22598900
0.12103297 0.53410144 0.23034393
0.11527016 0.53838131 0.23491926
0.10943708 0.54263468 0.23969957
0.10358051 0.54685949 0.24466699
0.09774411 0.55105464 0.24980287
0.09197048 0.55521972 0.25508845
0.08630094 0.55935492 0.26050567
0.08077568 0.56346093 0.26603778
0.07543362 0.56753881 0.27166980
0.07031502 0.57158986 0.27738835
0.06546241 0.57561544 0.28318159
0.06091953 0.57961707 0.28903951
0.05673544 0.58359617 0.29495298
0.05295775 0.58755426 0.30091492
0.04964095 0.59149268 0.30691822
0.04683293 0.59541283 0.31295792
0.04458111 0.59931600 0.31902925
0.04292482 0.60320339 0.32512831
0.04189597 0.60707608 0.33125097
0.04150542 0.61093521 0.33739504
0.04175238 0.61478175 0.34355775
0.04261686 0.61861665 0.34973729
0.04406952 0.62244076 0.35593085
0.04606233 0.62625493 0.36213767
0.04854397 0.63005993 0.36835625
0.05145936 0.63385649 0.37458535
0.05475327 0.63764531 0.38082399
0.05837293 0.64142702 0.38707142
0.06227185 0.64520224 0.39332618
0.06640543 0.64897155 0.39958813
0.07073460 0.65273552 0.40585732
0.07522992 0.65649465 0.41213163
0.07985961 0.66024947 0.41841262
0.08460358 0.66400045 0.42469783
0.08943898 0.66774805 0.43098863
0.09434958 0.67149270 0.43728442
0.09932265 0.67523485 0.44358388
0.10434494 0.67897489 0.44988784
0.10940670 0.68271322 0.45619602
0.11449973 0.68645021 0.46250818
0.11961710 0.69018624 0.46882415
0.12475298 0.69392167 0.47514382
0.12990245 0.69765685 0.48146712
0.13506138 0.70139210 0.48779402
0.14022626 0.70512776 0.49412453
0.14539415 0.70886414 0.50045870
0.15056257 0.71260156 0.50679659
0.15572990 0.71634034 0.51313745
0.16089405 0.72008077 0.51948186
0.16605342 0.72382312 0.52583024
0.17120696 0.72756769 0.53218229
0.17635391 0.73131479 0.53853740
0.18149291 0.73506465 0.54489693
0.18662370 0.73881758 0.55125969
0.19174542 0.74257381 0.55762659
0.19685768 0.74633363 0.56399739
0.20196008 0.75009729 0.57037218
0.20705228 0.75386505 0.57675108
0.21213395 0.75763714 0.58313445
0.21720506 0.76141385 0.58952167
0.22226518 0.76519536 0.59591413
0.22731448 0.76898199 0.60231033
0.23235266 0.77277393 0.60871159
0.23737964 0.77657139 0.61511823
0.24239556 0.78037469 0.62152906
0.24740026 0.78418399 0.62794527
0.25239372 0.78799952 0.63436714
0.25737596 0.79182151 0.64079474
0.26234713 0.79565025 0.64722719
0.26730714 0.79948589 0.65366572
0.27225604 0.80332865 0.66011044
0.27719388 0.80717876 0.66656151
0.28212073 0.81103643 0.67301908
0.28703665 0.81490187 0.67948333
0.29194173 0.81877534 0.68595402
0.29683601 0.82265701 0.69243175
0.30171955 0.82654708 0.69891680
0.30659245 0.83044576 0.70540939
0.31145476 0.83435326 0.71190973
0.31630657 0.83826978 0.71841807
0.32114795 0.84219551 0.72493463
0.32597899 0.84613066 0.73145966
0.33079977 0.85007542 0.73799344
0.33561037 0.85402999 0.74453621
0.34041088 0.85799456 0.75108827
0.34520137 0.86196932 0.75764989
0.34998193 0.86595446 0.76422137
0.35475266 0.86995020 0.77080262
0.35951365 0.87395670 0.77739416
0.36426496 0.87797414 0.78399641
0.36900669 0.88200270 0.79060971
0.37373892 0.88604256 0.79723437
0.37846175 0.89009390 0.80387075
0.38317526 0.89415690 0.81051918
0.38787958 0.89823178 0.81717934
0.39257478 0.90231870 0.82385194
0.39726094 0.90641779 0.83053761
0.40193815 0.91052923 0.83723672
0.40660651 0.91465319 0.84394962
0.41126620 0.91878993 0.85067551
0.41591722 0.92293952 0.85741593
0.42055969 0.92710213 0.86417129
0.42519371 0.93127794 0.87094171
0.42981947 0.93546718 0.87772666
0.43443698 0.93966993 0.88452770
0.43904634 0.94388633 0.89134526
0.44364778 0.94811665 0.89817838
0.44824131 0.95236096 0.90502854
0.45282701 0.95661940 0.91189644
0.45740515 0.96089223 0.91878106
0.46197574 0.96517952 0.92568390
0.46653884 0.96948138 0.93260574
