151 252 26
149 251 27
147 250 29
145 249 30
143 248 31
141 247 32
139 246 33
137 245 34
135 244 34
133 243 35
131 242 36
129 241 37
127 240 38
125 239 39
122 238 40
120 237 40
118 236 41
116 235 42
114 234 43
112 233 44
110 232 44
108 231 45
106 230 46
104 229 46
102 228 47
100 227 48
98 226 49
96 225 49
94 224 50
92 223 51
90 222 51
88 221 52
87 220 53
85 219 53
83 218 54
81 217 54
79 216 55
77 215 56
76 214 56
74 213 57
72 212 57
70 211 58
69 210 58
67 208 59
66 207 60
64 206 60
63 205 61
61 204 61
60 203 62
59 202 62
57 201 62
56 200 63
55 199 63
54 198 64
53 197 64
52 196 65
51 194 65
50 193 65
50 192 66
49 191 66
48 190 66
48 189 66
47 188 67
47 187 67
46 186 67
46 184 67
46 183 68
46 182 68
46 181 68
45 180 68
45 179 68
45 178 68
45 177 69
45 175 69
45 174 69
46 173 69
46 172 69
46 171 69
46 170 69
46 169 69
46 168 69
47 166 69
47 165 69
47 164 69
47 163 69
48 162 69
48 161 69
48 160 69
48 159 69
49 158 69
49 156 68
49 155 68
49 154 68
50 153 68
50 152 68
50 151 68
50 150 68
51 149 67
51 148 67
51 147 67
51 145 67
52 144 67
52 143 67
52 142 66
52 141 66
52 140 66
53 139 66
53 138 65
53 137 65
53 136 65
53 135 65
53 134 64
53 133 64
54 132 64
54 130 64
54 129 63
54 128 63
54 127 63
54 126 62
54 125 62
54 124 62
54 123 61
54 122 61
54 121 61
54 120 60
54 119 60
54 118 60
54 117 59
54 116 59
54 115 59
54 114 58
54 113 58
54 112 58
54 111 57
54 110 57
54 109 57
54 108 56
54 107 56
54 106 55
54 105 55
54 104 55
53 103 54
53 102 54
53 101 53
53 100 53
53 99 53
53 98 52
53 97 52
52 96 51
52 95 51
52 94 51
52 93 50
52 92 50
51 91 49
51 90 49
51 89 48
51 88 48
51 87 48
50 86 47
50 85 47
50 84 46
50 83 46
49 82 45
49 81 45
49 80 44
48 79 44
48 78 44
48 77 43
48 76 43
47 75 42
47 74 42
47 73 41
46 72 41
46 71 40
46 70 40
45 69 39
45 68 39
44 67 38
44 66 38
44 65 37
43 65 37
43 64 36
43 63 36
42 62 35
42 61 35
41 60 34
41 59 34
40 58 33
40 57 33
40 56 32
39 55 32
39 54 31
38 53 31
38 52 30
37 51 30
37 50 29
36 49 29
36 48 28
35 48 28
35 47 27
34 46 27
34 45 26
33 44 25
33 43 25
32 42 24
32 41 24
31 40 23
30 39 23
30 38 22
29 37 22
29 36 21
28 35 20
27 34 20
27 33 19
26 32 19
26 31 18
25 30 18
24 29 17
24 29 16
23 28 16
22 27 15
22 26 15
21 25 14
20 24 13
19 23 13
19 22 12
18 21 12
17 20 11
16 19 10
16 18 10
15 17 9
14 16 8
13 15 8
12 14 7
12 13 7
11 12 6
10 11 6
9 10 5
8 9 5
7 8 4
7 7 4
6 6 3
5 5 3
4 5 3
4 4 2
3 3 2
3 3 2
2 2 1
2 2 1
1 1 1
1 1 1
1 1 0
0 0 0
0 0 0
0 0 0
0 0 0
0 0 0
0 0 0
0 0 0
1 1 1
1 1 1
2 1 1
2 1 1
3 2 2
4 2 2
4 3 3
5 3 3
6 4 3
7 4 4
9 5 5
10 5 5
11 6 6
12 7 6
14 8 7
15 8 8
16 9 8
17 10 9
19 11 10
20 11 11
21 12 11
22 13 12
24 14 13
25 15 14
26 15 14
27 16 15
29 17 16
30 18 17
31 18 17
32 19 18
33 20 19
35 20 19
36 21 20
37 22 21
38 23 21
40 23 22
41 24 23
42 25 23
43 25 24
44 26 25
46 27 25
47 27 26
48 28 27
49 29 27
51 29 28
52 30 29
53 30 29
54 31 30
55 32 30
57 32 31
58 33 32
59 34 32
60 34 33
61 35 33
63 35 34
64 36 35
65 37 35
66 37 36
68 38 36
69 38 37
70 39 38
71 40 38
73 40 39
74 41 39
75 41 40
76 42 41
78 42 41
79 43 42
80 44 42
81 44 43
83 45 43
84 45 44
85 46 45
86 46 45
88 47 46
89 47 46
90 48 47
91 48 47
93 49 48
94 50 49
95 50 49
97 51 50
98 51 50
99 52 51
100 52 51
102 53 52
103 53 53
104 54 53
106 54 54
107 55 54
108 55 55
110 56 55
111 56 56
112 57 57
113 57 57
115 58 58
116 58 58
117 59 59
119 59 59
120 60 60
121 60 61
123 60 61
124 61 62
125 61 62
127 62 63
128 62 64
130 63 64
131 63 65
132 64 65
134 64 66
135 65 67
136 65 67
138 65 68
139 66 69
140 66 69
142 67 70
143 67 71
145 68 71
146 68 72
147 69 73
149 69 73
150 69 74
152 70 75
153 70 75
154 71 76
156 71 77
157 71 78
159 72 78
160 72 79
161 73 80
163 73 81
164 74 82
166 74 83
167 74 84
168 75 85
170 75 86
171 76 87
172 76 88
174 77 89
175 77 90
176 78 91
178 78 92
179 79 94
180 79 95
181 80 96
182 81 98
183 81 99
184 82 100
185 83 102
186 84 103
187 85 105
188 86 106
189 87 108
190 88 109
191 88 111
191 89 112
192 90 114
193 91 115
194 93 117
195 94 118
195 95 120
196 96 121
197 97 123
197 98 124
198 99 126
199 100 127
200 101 129
200 102 130
201 103 131
202 104 133
202 106 134
203 107 136
204 108 137
204 109 139
205 110 140
206 111 142
206 112 143
207 114 144
207 115 146
208 116 147
209 117 149
209 118 150
210 119 151
211 121 153
211 122 154
212 123 156
212 124 157
213 125 158
214 127 160
214 128 161
215 129 162
215 130 164
216 131 165
217 132 167
217 134 168
218 135 169
218 136 171
219 137 172
220 139 173
220 140 175
221 141 176
221 142 177
222 143 179
222 145 180
223 146 182
224 147 183
224 148 184
225 150 186
225 151 187
226 152 188
227 153 190
227 155 191
228 156 192
228 157 193
229 158 195
229 160 196
230 161 197
231 162 199
231 163 200
232 165 201
232 166 203
233 167 204
233 168 205
234 170 207
235 171 208
235 172 209
236 174 210
236 175 212
237 176 213
237 177 214
238 179 216
239 180 217
239 181 218
240 183 219
240 184 221
241 185 222
242 187 223
242 188 224
243 189 226
243 191 227
244 192 228
245 193 230
245 195 231
246 196 232
246 197 233
247 199 235
248 200 236
248 201 237
249 203 238
250 204 239
250 205 241
251 207 242
