0.57485263 0.99275064 0.16421752
0.56464724 0.98896648 0.17653725
0.55461961 0.98513831 0.18815192
0.54476509 0.98126883 0.19915582
0.53507971 0.97736050 0.20962063
0.52555760 0.97341588 0.21960867
0.51619551 0.96943706 0.22916466
0.50698852 0.96542624 0.23833024
0.49793242 0.96138539 0.24713932
0.48902386 0.95731631 0.25561922
0.48025937 0.95322069 0.26379409
0.47163519 0.94910019 0.27168636
0.46314819 0.94495629 0.27931453
0.45479545 0.94079040 0.28669502
0.44657421 0.93660383 0.29384246
0.43848188 0.93239782 0.30076995
0.43051604 0.92817353 0.30748929
0.42267481 0.92393202 0.31401005
0.41495587 0.91967434 0.32034255
0.40735719 0.91540146 0.32649586
0.39987697 0.91111429 0.33247803
0.39251407 0.90681366 0.33829489
0.38526665 0.90250042 0.34395418
0.37813317 0.89817531 0.34946261
0.37111306 0.89383908 0.35482363
0.36420449 0.88949241 0.36004481
0.35740693 0.88513596 0.36512935
0.35071915 0.88077035 0.37008281
0.34414059 0.87639618 0.37490844
0.33767027 0.87201402 0.37961112
0.33130786 0.86762442 0.38419320
0.32505246 0.86322787 0.38865956
0.31890392 0.85882490 0.39301187
0.31286160 0.85441597 0.39725417
0.30692517 0.85000151 0.40138928
0.30109452 0.84558202 0.40541879
0.29536925 0.84115787 0.40934629
0.28974921 0.83672946 0.41317404
0.28423438 0.83229723 0.41690336
0.27882459 0.82786152 0.42053714
0.27351979 0.82342270 0.42407739
0.26831998 0.81898111 0.42752596
0.26322520 0.81453713 0.43088400
0.25823545 0.81009106 0.43415386
0.25335077 0.80564323 0.43733715
0.24857123 0.80119394 0.44043540
0.24389688 0.79674350 0.44345006
0.23932773 0.79229223 0.44638226
0.23486384 0.78784039 0.44923363
0.23050522 0.78338827 0.45200552
0.22625186 0.77893613 0.45469917
0.22210370 0.77448426 0.45731577
0.21806063 0.77003291 0.45985650
0.21412251 0.76558234 0.46232247
0.21028912 0.76113281 0.46471474
0.20656013 0.75668456 0.46703427
0.20293521 0.75223784 0.46928219
0.19941392 0.74779289 0.47145950
0.19599569 0.74334993 0.47356715
0.19267989 0.73890921 0.47560608
0.18946575 0.73447095 0.47757719
0.18635237 0.73003537 0.47948138
0.18333876 0.72560270 0.48131953
0.18042378 0.72117316 0.48309247
0.17760615 0.71674696 0.48480107
0.17488446 0.71232432 0.48644613
0.17225714 0.70790544 0.48802848
0.16972249 0.70349055 0.48954892
0.16727864 0.69907984 0.49100825
0.16492361 0.69467352 0.49240726
0.16265523 0.69027178 0.49374674
0.16047121 0.68587484 0.49502746
0.15836911 0.68148288 0.49625020
0.15634635 0.67709609 0.49741574
0.15440023 0.67271468 0.49852486
0.15252791 0.66833883 0.49957833
0.15072643 0.66396871 0.50057693
0.14899274 0.65960453 0.50152146
0.14732368 0.65524645 0.50241269
0.14571600 0.65089466 0.50325142
0.14416637 0.64654932 0.50403845
0.14267139 0.64221060 0.50477460
0.14122763 0.63787868 0.50546068
0.13983159 0.63355370 0.50609752
0.13847975 0.62923584 0.50668596
0.13716856 0.62492523 0.50722684
0.13589447 0.62062203 0.50772104
0.13465396 0.61632637 0.50816941
0.13344347 0.61203840 0.50857286
0.13225953 0.60775823 0.50893228
0.13109867 0.60348600 0.50924858
0.12995748 0.59922181 0.50952270
0.12883260 0.59496577 0.50975558
0.12772076 0.59071799 0.50994817
0.12661875 0.58647855 0.51010146
0.12552343 0.58224754 0.51021642
0.12443179 0.57802502 0.51029407
0.12334090 0.57381106 0.51033543
0.12224792 0.56960570 0.51034151
0.12115015 0.56540900 0.51031338
0.12004498 0.56122098 0.51025208
0.11893009 0.55704163 0.51015879
0.11780301 0.55287097 0.51003450
0.11666152 0.54870900 0.50988031
0.11550355 0.54455570 0.50969734
0.11432716 0.54041101 0.50948668
0.11313055 0.53627490 0.50924947
0.11191209 0.53214730 0.50898683
0.11067042 0.52802810 0.50870000
0.10940421 0.52391720 0.50839010
0.10811214 0.51981450 0.50805821
0.10679321 0.51571987 0.50770546
0.10544657 0.51163317 0.50733299
0.10407174 0.50755418 0.50694207
0.10266826 0.50348273 0.50653385
0.10123561 0.49941863 0.50610933
0.09977366 0.49536167 0.50566962
0.09828277 0.49131156 0.50521601
0.09676323 0.48726803 0.50474958
0.09521525 0.48323084 0.50427126
0.09363972 0.47919967 0.50378221
0.09203798 0.47517415 0.50328369
0.09041069 0.47115399 0.50277642
0.08875965 0.46713879 0.50226158
0.08708679 0.46312815 0.50174024
0.08539361 0.45912173 0.50121306
0.08368337 0.45511898 0.50068146
0.08195794 0.45111956 0.50014584
0.08022102 0.44712291 0.49960743
0.07847564 0.44312860 0.49906680
0.07672604 0.43913606 0.49852495
0.07497612 0.43514480 0.49798239
0.07323122 0.43115418 0.49744013
0.07149576 0.42716372 0.49689835
0.06977668 0.42317268 0.49635826
0.06807932 0.41918055 0.49581988
0.06641073 0.41518664 0.49528376
0.06477913 0.41119020 0.49475068
0.06319179 0.40719062 0.49422058
0.06165747 0.40318718 0.49369377
0.06018582 0.39917907 0.49317060
0.05878681 0.39516551 0.49265125
0.05747043 0.39114576 0.49213556
0.05624755 0.38711898 0.49162347
0.05512938 0.38308433 0.49111482
0.05412738 0.37904092 0.49060933
0.05325305 0.37498787 0.49010659
0.05251780 0.37092426 0.48960607
0.05193270 0.36684914 0.48910707
0.05150826 0.36276156 0.48860872
0.05125418 0.35866054 0.48810997
0.05117992 0.35454498 0.48760989
0.05129280 0.35041389 0.48710695
0.05159831 0.34626629 0.48659929
0.05210194 0.34210100 0.48608536
0.05280636 0.33791698 0.48556290
0.05371263 0.33371314 0.48502939
0.05482038 0.32948837 0.48448210
0.05612804 0.32524150 0.48391803
0.05763104 0.32097154 0.48333325
0.05932471 0.31667739 0.48272381
0.06120305 0.31235795 0.48208518
0.06325899 0.30801220 0.48141219
0.06548446 0.30363921 0.48069893
0.06787059 0.29923814 0.47993870
0.07040780 0.29480830 0.47912384
0.07308589 0.29034920 0.47824569
0.07589655 0.28586020 0.47729515
0.07882727 0.28134152 0.47626070
0.08186889 0.27679313 0.47513051
0.08500959 0.27221577 0.47389054
0.08823742 0.26761062 0.47252515
0.09153983 0.26297950 0.47101683
0.09490407 0.25832486 0.46934624
0.09831472 0.25365033 0.46749157
0.10175555 0.24896054 0.46542912
0.10520793 0.24426148 0.46313312
0.10865141 0.23956048 0.46057630
0.11206238 0.23486657 0.45773032
0.11541399 0.23019043 0.45456690
0.11867643 0.22554427 0.45105926
0.12181820 0.22094136 0.44718393
0.12480484 0.21639591 0.44292296
0.12760265 0.21192184 0.43826590
0.13017920 0.20753211 0.43321163
0.13250599 0.20323768 0.42776918
0.13456028 0.19904671 0.42195753
0.13632609 0.19496406 0.41580436
0.13779558 0.19099117 0.40934341
0.13896744 0.18712642 0.40261260
0.13984692 0.18336560 0.39565082
0.14044426 0.17970256 0.38849595
0.14077271 0.17612997 0.38118385
0.14084773 0.17263983 0.37374703
0.14068607 0.16922392 0.36621387
0.14030427 0.16587419 0.35860952
0.13971839 0.16258291 0.35095575
0.13894392 0.15934286 0.34327080
0.13799554 0.15614736 0.33556965
0.13688623 0.15299027 0.32786606
0.13562863 0.14986606 0.32016992
0.13423354 0.14676965 0.31249103
0.13271115 0.14369647 0.30483673
0.13107066 0.14064243 0.29721305
0.12932016 0.13760376 0.28962551
0.12746735 0.13457716 0.28207756
0.12551892 0.13155960 0.27457253
0.12348065 0.12854822 0.26711403
0.12135821 0.12554057 0.25970340
0.11915653 0.12253437 0.25234221
0.11687988 0.11952744 0.24503219
0.11453221 0.11651781 0.23777437
0.11211720 0.11350372 0.23056892
0.10963805 0.11048349 0.22341618
0.10709749 0.10745543 0.21631692
0.10449823 0.10441812 0.20927048
0.10184258 0.10137016 0.20227642
0.09913259 0.09831016 0.19533433
0.09636987 0.09523669 0.18844473
0.09355628 0.09214863 0.18160531
0.09069290 0.08904451 0.17481711
0.08778116 0.08592327 0.16807754
0.08482185 0.08278348 0.16138699
0.08181586 0.07962396 0.15474372
0.07876386 0.07644344 0.14814639
0.07566624 0.07324056 0.14159410
0.07252324 0.07001390 0.13508595
0.06933504 0.06676212 0.12861995
0.06610157 0.06348370 0.12219465
0.06282257 0.06017708 0.11580851
0.05949760 0.05684058 0.10945983
0.05612603 0.05347242 0.10314679
0.05270701 0.05007067 0.09686741
0.04923947 0.04663324 0.09061956
0.04572208 0.04315787 0.08440096
0.04215323 0.03963315 0.07820914
0.03852558 0.03614980 0.07204189
0.03498922 0.03281022 0.06589571
0.03159839 0.02961573 0.05976727
0.02835646 0.02656776 0.05365288
0.02526674 0.02366781 0.04754929
0.02233259 0.02091770 0.04145094
0.01955737 0.01831935 0.03545787
0.01694444 0.01587484 0.02997821
0.01449736 0.01358663 0.02501654
0.01221977 0.01145735 0.02055504
0.01011558 0.00949005 0.01657565
0.00818899 0.00768818 0.01306145
0.00644464 0.00605575 0.00999606
0.00488778 0.00459750 0.00736401
0.00352455 0.00331910 0.00515064
0.00236233 0.00222760 0.00334267
0.00141057 0.00133213 0.00192816
0.00068213 0.00064530 0.00089820
0.00019708 0.00018679 0.00024924
0.00000000 0.00000000 0.00000000
0.00024679 0.00017019 0.00022111
0.00088035 0.00057941 0.00078303
0.00187179 0.00117945 0.00165384
0.00321570 0.00194617 0.00282411
0.00491285 0.00286286 0.00429037
0.00696675 0.00391660 0.00605184
0.00938248 0.00509671 0.00810922
0.01216631 0.00639393 0.01046418
0.01532533 0.00780002 0.01311907
0.01886691 0.00930762 0.01607644
0.02279924 0.01090979 0.01933936
0.02713084 0.01260008 0.02291104
0.03187023 0.01437255 0.02679458
0.03702716 0.01622113 0.03099380
0.04254197 0.01814052 0.03551173
0.04806349 0.02012509 0.04035220
0.05356639 0.02216978 0.04526231
0.05905509 0.02426925 0.05013904
0.06453269 0.02641871 0.05498659
0.07000286 0.02861286 0.05980782
0.07546776 0.03084723 0.06460446
0.08093057 0.03311649 0.06937882
0.08639303 0.03541619 0.07413210
0.09185724 0.03774156 0.07886569
0.09732554 0.04008743 0.08358102
0.10279913 0.04238828 0.08827869
0.10827964 0.04462123 0.09295953
0.11376894 0.04679193 0.09762442
0.11926812 0.04890129 0.10227369
0.12477838 0.05094996 0.10690766
0.13030093 0.05293839 0.11152661
0.13583690 0.05486687 0.11613068
0.14138736 0.05673563 0.12071992
0.14695343 0.05854467 0.12529433
0.15253590 0.06029416 0.12985368
0.15813561 0.06198409 0.13439767
0.16375338 0.06361436 0.13892595
0.16939000 0.06518477 0.14343805
0.17504634 0.06669493 0.14793351
0.18072304 0.06814456 0.15241165
0.18642069 0.06953335 0.15687170
0.19213987 0.07086089 0.16131281
0.19788112 0.07212672 0.16573403
0.20364513 0.07333016 0.17013441
0.20943266 0.07447029 0.17451293
0.21524371 0.07554702 0.17886813
0.22107897 0.07655934 0.18319880
0.22693903 0.07750633 0.18750356
0.23282382 0.07838770 0.19178067
0.23873430 0.07920189 0.19602870
0.24467024 0.07994870 0.20024563
0.25063215 0.08062696 0.20442964
0.25662044 0.08123548 0.20857874
0.26263492 0.08177383 0.21269059
0.26867584 0.08224095 0.21676290
0.27474355 0.08263552 0.22079326
0.28083800 0.08295673 0.22477899
0.28695905 0.08320381 0.22871727
0.29310665 0.08337583 0.23260511
0.29928065 0.08347197 0.23643938
0.30548083 0.08349142 0.24021676
0.31170721 0.08343300 0.24393379
0.31795905 0.08329666 0.24758671
0.32423576 0.08308211 0.25117161
0.33053715 0.08278845 0.25468445
0.33686226 0.08241602 0.25812093
0.34321037 0.08196482 0.26147657
0.34958030 0.08143569 0.26474669
0.35597147 0.08082863 0.26792643
0.36238213 0.08014571 0.27101076
0.36881094 0.07938857 0.27399448
0.37525633 0.07855951 0.27687227
0.38171647 0.07766161 0.27963865
0.38818931 0.07669883 0.28228811
0.39467251 0.07567611 0.28481507
0.40116350 0.07459954 0.28721402
0.40765996 0.07347532 0.28947929
0.41415834 0.07231305 0.29160575
0.42065576 0.07112184 0.29358807
0.42714840 0.06991393 0.29542159
0.43363289 0.06870177 0.29710167
0.44010507 0.06750081 0.29862446
0.44656082 0.06632787 0.29998663
0.45299588 0.06520145 0.30118552
0.45940586 0.06414175 0.30221926
0.46578632 0.06317037 0.30308687
0.47213282 0.06231001 0.30378834
0.47844098 0.06158396 0.30432464
0.48470663 0.06101544 0.30469770
0.49092573 0.06062716 0.30491053
0.49709450 0.06044049 0.30496713
0.50320955 0.06047455 0.30487237
0.50926787 0.06074561 0.30463188
0.51526682 0.06126659 0.30425210
0.52120423 0.06204645 0.30373998
0.52707838 0.06309009 0.30310294
0.53288800 0.06439819 0.30234864
0.53863226 0.06596756 0.30148492
0.54431069 0.06779155 0.30051978
0.54992327 0.06986035 0.29946091
0.55547031 0.07216184 0.29831594
0.56095236 0.07468217 0.29709222
0.56637028 0.07740636 0.29579679
0.57172511 0.08031884 0.29443637
0.57701807 0.08340395 0.29301716
0.58225053 0.08664630 0.29154498
0.58742395 0.09003112 0.29002530
0.59253985 0.09354439 0.28846303
0.59759983 0.09717305 0.28686269
0.60260548 0.10090502 0.28522836
0.60755841 0.10472928 0.28356383
0.61246014 0.10863582 0.28187280
0.61731230 0.11261560 0.28015783
0.62211636 0.11666054 0.27842211
0.62687384 0.12076342 0.27666770
0.63158612 0.12491781 0.27489723
0.63625460 0.12911806 0.27311215
0.64088058 0.13335915 0.27131453
0.64546532 0.13763665 0.26950586
0.65001000 0.14194673 0.26768727
0.65451578 0.14628600 0.26586000
0.65898370 0.15065150 0.26402506
0.66341480 0.15504065 0.26218337
0.66781002 0.15945121 0.26033569
0.67217027 0.16388125 0.25848266
0.67649640 0.16832910 0.25662479
0.68078921 0.17279333 0.25476254
0.68504943 0.17727270 0.25289624
0.68927777 0.18176619 0.25102615
0.69347488 0.18627291 0.24915247
0.69764136 0.19079206 0.24727561
0.70177779 0.19532303 0.24539560
0.70588468 0.19986538 0.24351228
0.70996253 0.20441861 0.24162599
0.71401178 0.20898241 0.23973663
0.71803284 0.21355657 0.23784397
0.72202613 0.21814078 0.23594836
0.72599195 0.22273505 0.23404922
0.72993067 0.22733916 0.23214693
0.73384254 0.23195316 0.23024095
0.73772784 0.23657701 0.22833130
0.74158684 0.24121071 0.22641794
0.74541969 0.24585440 0.22450036
0.74922664 0.25050809 0.22257865
0.75300784 0.25517188 0.22065262
0.75676343 0.25984595 0.21872183
0.76049352 0.26453044 0.21678611
0.76419826 0.26922545 0.21484541
0.76787772 0.27393115 0.21289948
0.77153197 0.27864775 0.21094795
0.77516106 0.28337544 0.20899059
0.77876502 0.28811441 0.20702718
0.78234389 0.29286484 0.20505749
0.78589767 0.29762694 0.20308128
0.78942636 0.30240091 0.20109831
0.79292994 0.30718696 0.19910833
0.79640839 0.31198530 0.19711112
0.79986165 0.31679613 0.19510642
0.80328968 0.32161967 0.19309400
0.80669240 0.32645613 0.19107362
0.81006975 0.33130571 0.18904504
0.81342163 0.33616864 0.18700804
0.81674796 0.34104511 0.18496237
0.82004861 0.34593533 0.18290783
0.82332349 0.35083952 0.18084418
0.82657250 0.35575780 0.17877142
0.82979551 0.36069040 0.17668927
0.83299235 0.36563755 0.17459745
0.83616288 0.37059944 0.17249576
0.83930696 0.37557626 0.17038406
0.84242451 0.38056805 0.16826258
0.84551529 0.38557513 0.16613079
0.84857913 0.39059768 0.16398855
0.85161591 0.39563579 0.16183603
0.85462546 0.40068962 0.15967312
0.85760753 0.40575941 0.15749951
0.86056203 0.41084524 0.15531548
0.86348875 0.41594725 0.15312096
0.86638742 0.42106569 0.15091568
0.86925801 0.42620052 0.14870029
0.87210018 0.43135204 0.14647433
0.87491381 0.43652030 0.14423819
0.87769870 0.44170542 0.14199206
0.88045458 0.44690759 0.13973593
0.88318138 0.45212679 0.13747047
0.88587873 0.45736330 0.13519549
0.88854662 0.46261704 0.13291195
0.89118464 0.46788830 0.13061970
0.89379279 0.47317700 0.12831982
0.89637067 0.47848337 0.12601242
0.89891822 0.48380740 0.12369855
0.90143516 0.48914922 0.12137877
0.90392127 0.49450893 0.11905396
0.90637644 0.49988650 0.11672538
0.90880029 0.50528217 0.11439364
0.91119283 0.51069579 0.11206068
0.91355368 0.51612760 0.10972738
0.91588265 0.52157762 0.10739534
0.91817969 0.52704578 0.10506682
0.92044441 0.53253229 0.10274320
0.92267663 0.53803715 0.10042680
0.92487632 0.54356029 0.09812048
0.92704308 0.54910189 0.09582637
0.92917671 0.55466200 0.09354746
0.93127721 0.56024047 0.09128759
0.93334421 0.56583747 0.08904991
0.93537750 0.57145305 0.08683834
0.93737687 0.57708722 0.08465724
0.93934233 0.58273985 0.08251195
0.94127350 0.58841111 0.08040717
0.94317017 0.59410101 0.07834858
0.94503216 0.59980956 0.07634235
0.94685929 0.60553676 0.07439524
0.94865149 0.61128252 0.07251478
0.95040844 0.61704696 0.07070824
0.95212992 0.62283009 0.06898383
0.95381576 0.62863190 0.06735020
0.95546577 0.63445240 0.06581646
0.95707974 0.64029160 0.06439206
0.95865750 0.64614949 0.06308675
0.96019894 0.65202600 0.06191071
0.96170378 0.65792122 0.06087362
0.96317181 0.66383514 0.05998532
0.96460283 0.66976776 0.05925536
0.96599664 0.67571909 0.05869286
0.96735306 0.68168912 0.05830624
0.96867186 0.68767786 0.05810308
0.96995286 0.69368531 0.05808993
0.97119584 0.69971148 0.05827213
0.97240058 0.70575637 0.05865370
0.97356688 0.71181999 0.05923726
0.97469452 0.71790234 0.06002398
0.97578327 0.72400344 0.06101358
0.97683290 0.73012330 0.06220440
0.97784319 0.73626193 0.06359348
0.97881389 0.74241935 0.06517672
0.97974476 0.74859557 0.06694899
0.98063554 0.75479062 0.06890435
0.98148604 0.76100449 0.07103627
0.98229605 0.76723717 0.07333776
0.98306521 0.77348874 0.07580124
0.98379322 0.77975924 0.07841916
0.98447981 0.78604871 0.08118390
0.98512466 0.79235717 0.08408793
0.98572748 0.79868467 0.08712388
0.98628794 0.80503125 0.09028461
0.98680604 0.81139681 0.09356356
0.98728112 0.81778154 0.09695391
0.98771284 0.82418550 0.10044947
0.98810083 0.83060877 0.10404443
0.98844472 0.83705138 0.10773336
0.98874455 0.84351319 0.11151145
0.98899948 0.84999450 0.11537365
0.98920909 0.85649538 0.11931560
0.98937293 0.86301591 0.12333321
