0.00000000 0.00000000 0.00000000
0.00027022 0.00019212 0.00020587
0.00096304 0.00065703 0.00071188
0.00204508 0.00134366 0.00147063
0.00350856 0.00222749 0.00246041
0.00535221 0.00329214 0.00366701
0.00757776 0.00452536 0.00507988
0.01018856 0.00591737 0.00669055
0.01318900 0.00746001 0.00849191
0.01658415 0.00914629 0.01047778
0.02037961 0.01097012 0.01264259
0.02458134 0.01292603 0.01498127
0.02919561 0.01500912 0.01748909
0.03422895 0.01721491 0.02016157
0.03968806 0.01953927 0.02299445
0.04531868 0.02197839 0.02598358
0.05090566 0.02452870 0.02912494
0.05646220 0.02718685 0.03241458
0.06199227 0.02994969 0.03584857
0.06749930 0.03281425 0.03942305
0.07298632 0.03577768 0.04303969
0.07845598 0.03883730 0.04658955
0.08391079 0.04194805 0.05008449
0.08935272 0.04500145 0.05352652
0.09478364 0.04800810 0.05691734
0.10020524 0.05097015 0.06025847
0.10561922 0.05388947 0.06355116
0.11102684 0.05676793 0.06679660
0.11642930 0.05960724 0.06999581
0.12182792 0.06240883 0.07314960
0.12722366 0.06517415 0.07625875
0.13261737 0.06790461 0.07932394
0.13801023 0.07060123 0.08234560
0.14340273 0.07326539 0.08532433
0.14879582 0.07589801 0.08826042
0.15419005 0.07850022 0.09115424
0.15958614 0.08107290 0.09400597
0.16498455 0.08361705 0.09681588
0.17038597 0.08613344 0.09958399
0.17579064 0.08862305 0.10231051
0.18119931 0.09108647 0.10499530
0.18661211 0.09352465 0.10763847
0.19202947 0.09593829 0.11023995
0.19745187 0.09832799 0.11279954
0.20287943 0.10069459 0.11531721
0.20831240 0.10303874 0.11779278
0.21375116 0.10536102 0.12022597
0.21919587 0.10766210 0.12261658
0.22464664 0.10994267 0.12496437
0.23010363 0.11220334 0.12726904
0.23556699 0.11444473 0.12953028
0.24103680 0.11666745 0.13174774
0.24651314 0.11887210 0.13392105
0.25199607 0.12105931 0.13604983
0.25748561 0.12322967 0.13813367
0.26298174 0.12538380 0.14017214
0.26848445 0.12752234 0.14216482
0.27399366 0.12964590 0.14411126
0.27950930 0.13175513 0.14601098
0.28503126 0.13385066 0.14786352
0.29055939 0.13593316 0.14966839
0.29609353 0.13800331 0.15142512
0.30163360 0.14006170 0.15313309
0.30717934 0.14210906 0.15479185
0.31273046 0.14414615 0.15640093
0.31828674 0.14617366 0.15795977
0.32384799 0.14819226 0.15946776
0.32941373 0.15020285 0.16092455
0.33498380 0.15220606 0.16232943
0.34055769 0.15420281 0.16368203
0.34613510 0.15619386 0.16498174
0.35171555 0.15818010 0.16622814
0.35729867 0.16016233 0.16742062
0.36288386 0.16214158 0.16855888
0.36847077 0.16411861 0.16964223
0.37405875 0.16609447 0.17067038
0.37964722 0.16807017 0.17164291
0.38523568 0.17004663 0.17255932
0.39082346 0.17202491 0.17341924
0.39640989 0.17400610 0.17422240
0.40199427 0.17599129 0.17496847
0.40757589 0.17798159 0.17565714
0.41315403 0.17997814 0.17628817
0.41872790 0.18198211 0.17686136
0.42429670 0.18399471 0.17737654
0.42985959 0.18601716 0.17783360
0.43541572 0.18805071 0.17823249
0.44096419 0.19009664 0.17857321
0.44650409 0.19215623 0.17885582
0.45203447 0.19423082 0.17908043
0.45755437 0.19632171 0.17924723
0.46306280 0.19843027 0.17935646
0.46855878 0.20055783 0.17940843
0.47404130 0.20270573 0.17940344
0.47950929 0.20487536 0.17934205
0.48496170 0.20706810 0.17922481
0.49039751 0.20928527 0.17905222
0.49581562 0.21152825 0.17882502
0.50121496 0.21379838 0.17854403
0.50659449 0.21609694 0.17820994
0.51195309 0.21842528 0.17782382
0.51728973 0.22078464 0.17738660
0.52260336 0.22317627 0.17689933
0.52789290 0.22560139 0.17636323
0.53315736 0.22806114 0.17577943
0.53839571 0.23055665 0.17514930
0.54360697 0.23308898 0.17447413
0.54879018 0.23565914 0.17375540
0.55394442 0.23826810 0.17299454
0.55906877 0.24091674 0.17219313
0.56416240 0.24360589 0.17135272
0.56922447 0.24633631 0.17047496
0.57425419 0.24910869 0.16956153
0.57925084 0.25192364 0.16861412
0.58421372 0.25478172 0.16763450
0.58914218 0.25768338 0.16662440
0.59403562 0.26062904 0.16558565
0.59889351 0.26361899 0.16452001
0.60371532 0.26665350 0.16342934
0.60850062 0.26973274 0.16231538
0.61324900 0.27285682 0.16118009
0.61796012 0.27602577 0.16002512
0.62263366 0.27923956 0.15885242
0.62726938 0.28249810 0.15766372
0.63186707 0.28580123 0.15646078
0.63642657 0.28914875 0.15524553
0.64094774 0.29254039 0.15401956
0.64543053 0.29597585 0.15278463
0.64987489 0.29945476 0.15154265
0.65428082 0.30297672 0.15029515
0.65864836 0.30654129 0.14904382
0.66297757 0.31014801 0.14779035
0.66726857 0.31379636 0.14653648
0.67152148 0.31748582 0.14528383
0.67573645 0.32121583 0.14403395
0.67991367 0.32498582 0.14278848
0.68405335 0.32879521 0.14154900
0.68815572 0.33264339 0.14031712
0.69222100 0.33652975 0.13909441
0.69624947 0.34045366 0.13788246
0.70024140 0.34441451 0.13668283
0.70419708 0.34841168 0.13549708
0.70811680 0.35244451 0.13432685
0.71200090 0.35651238 0.13317383
0.71584966 0.36061469 0.13203943
0.71966341 0.36475082 0.13092522
0.72344247 0.36892016 0.12983289
0.72718723 0.37312206 0.12876431
0.73089795 0.37735600 0.12772073
0.73457501 0.38162136 0.12670406
0.73821876 0.38591755 0.12571599
0.74182948 0.39024407 0.12475802
0.74540760 0.39460029 0.12383223
0.74895336 0.39898575 0.12293998
0.75246717 0.40339987 0.12208333
0.75594934 0.40784217 0.12126395
0.75940015 0.41231221 0.12048341
0.76282006 0.41680936 0.11974413
0.76620927 0.42133329 0.11904739
0.76956811 0.42588353 0.11839508
0.77289694 0.43045961 0.11778919
0.77619611 0.43506108 0.11723169
0.77946586 0.43968757 0.11672417
0.78270649 0.44433869 0.11626849
0.78591832 0.44901406 0.11586647
0.78910163 0.45371329 0.11551993
0.79225673 0.45843604 0.11523063
0.79538390 0.46318195 0.11500029
0.79848341 0.46795070 0.11483061
0.80155553 0.47274197 0.11472320
0.80460054 0.47755545 0.11467964
0.80761869 0.48239087 0.11470142
0.81061023 0.48724794 0.11478996
0.81357540 0.49212640 0.11494660
0.81651451 0.49702595 0.11517275
0.81942784 0.50194631 0.11546968
0.82231551 0.50688733 0.11583821
0.82517774 0.51184880 0.11627929
0.82801490 0.51683040 0.11679411
0.83082717 0.52183194 0.11738334
0.83361463 0.52685333 0.11804735
0.83637773 0.53189422 0.11878715
0.83911652 0.53695454 0.11960285
0.84183121 0.54203412 0.12049476
0.84452216 0.54713268 0.12146336
0.84718932 0.55225024 0.12250832
0.84983319 0.55738644 0.12363009
0.85245367 0.56254134 0.12482809
0.85505118 0.56771466 0.12610244
0.85762579 0.57290634 0.12745260
0.86017762 0.57811632 0.12887808
0.86270713 0.58334428 0.13037874
0.86521415 0.58859035 0.13195353
0.86769902 0.59385432 0.13360199
0.87016205 0.59913601 0.13532351
0.87260315 0.60443550 0.13711700
0.87502252 0.60975267 0.13898165
0.87742056 0.61508731 0.14091679
0.87979728 0.62043943 0.14292129
0.88215278 0.62580902 0.14499410
0.88448722 0.63119600 0.14713420
0.88680077 0.63660030 0.14934057
0.88909364 0.64202184 0.15161217
0.89136605 0.64746052 0.15394797
0.89361802 0.65291639 0.15634676
0.89584969 0.65838941 0.15880743
0.89806121 0.66387954 0.16132889
0.90025272 0.66938675 0.16391003
0.90242436 0.67491102 0.16654974
0.90457626 0.68045233 0.16924694
0.90670855 0.68601066 0.17200053
0.90882135 0.69158601 0.17480944
0.91091479 0.69717838 0.17767262
0.91298897 0.70278777 0.18058902
0.91504402 0.70841418 0.18355762
0.91708003 0.71405764 0.18657742
0.91909722 0.71971809 0.18964748
0.92109572 0.72539554 0.19276685
0.92307552 0.73109008 0.19593454
0.92503671 0.73680174 0.19914964
0.92697936 0.74253055 0.20241126
0.92890356 0.74827657 0.20571853
0.93080962 0.75403970 0.20907069
0.93269760 0.75982001 0.21246690
0.93456737 0.76561766 0.21590630
0.93641898 0.77143270 0.21938815
0.93825282 0.77726505 0.22291174
0.94006890 0.78311476 0.22647637
0.94186703 0.78898206 0.23008126
0.94364737 0.79486695 0.23372578
0.94541040 0.80076929 0.23740933
0.94715560 0.80668944 0.24113119
0.94888326 0.81262736 0.24489079
0.95059371 0.81858300 0.24868757
0.95228640 0.82455672 0.25252091
0.95396204 0.83054830 0.25639031
0.95562023 0.83655803 0.26029521
0.95726104 0.84258598 0.26423510
0.95888483 0.84863210 0.26820952
0.96049102 0.85469678 0.27221794
0.96208051 0.86077971 0.27625997
0.96365225 0.86688148 0.28033512
0.96520746 0.87300166 0.28444299
0.96674486 0.87914094 0.28858316
0.96826576 0.88529886 0.29275525
0.96976891 0.89147609 0.29695887
0.97125542 0.89767226 0.30119367
0.97272433 0.90388791 0.30545929
0.97417630 0.91012287 0.30975540
0.97561094 0.91637745 0.31408168
0.97702817 0.92265180 0.31843783
0.97842846 0.92894584 0.32282353
0.97981096 0.93526007 0.32723852
0.98117646 0.94159427 0.33168251
0.98252438 0.94794882 0.33615525
0.98385440 0.95432397 0.34065652
