0 0 0
0 0 0
0 0 0
1 0 0
1 1 1
1 1 1
2 1 1
3 2 2
3 2 2
4 2 3
5 3 3
6 3 4
7 4 4
9 4 5
10 5 6
12 6 7
13 6 7
14 7 8
16 8 9
17 8 10
19 9 11
20 10 12
21 11 13
23 11 14
24 12 15
26 13 15
27 14 16
28 14 17
30 15 18
31 16 19
32 17 19
34 17 20
35 18 21
37 19 22
38 19 23
39 20 23
41 21 24
42 21 25
43 22 25
45 23 26
46 23 27
48 24 27
49 24 28
50 25 29
52 26 29
53 26 30
55 27 31
56 27 31
57 28 32
59 29 32
60 29 33
61 30 34
63 30 34
64 31 35
66 31 35
67 32 36
68 33 36
70 33 37
71 34 37
73 34 38
74 35 38
76 35 39
77 36 39
78 36 39
80 37 40
81 37 40
83 38 41
84 38 41
85 39 41
87 39 42
88 40 42
90 40 42
91 41 43
93 41 43
94 42 43
95 42 44
97 43 44
98 43 44
100 44 44
101 44 44
103 45 45
104 45 45
105 46 45
107 46 45
108 47 45
110 47 45
111 48 45
112 48 46
114 49 46
115 50 46
117 50 46
118 51 46
119 51 46
121 52 46
122 52 46
124 53 46
125 53 46
126 54 46
128 55 46
129 55 45
131 56 45
132 56 45
133 57 45
135 58 45
136 58 45
137 59 45
139 59 44
140 60 44
141 61 44
143 61 44
144 62 44
145 63 43
146 64 43
148 64 43
149 65 43
150 66 42
151 66 42
153 67 42
154 68 42
155 69 41
156 70 41
158 70 41
159 71 41
160 72 40
161 73 40
162 74 40
163 75 39
165 75 39
166 76 39
167 77 38
168 78 38
169 79 38
170 80 37
171 81 37
172 82 37
173 83 36
174 84 36
175 85 36
177 86 35
178 87 35
179 88 35
180 89 35
181 90 34
182 91 34
183 92 34
184 93 33
184 94 33
185 95 33
186 96 33
187 97 32
188 98 32
189 100 32
190 101 32
191 102 31
192 103 31
193 104 31
194 105 31
195 106 31
195 107 30
196 109 30
197 110 30
198 111 30
199 112 30
200 113 30
200 114 30
201 116 29
202 117 29
203 118 29
204 119 29
204 121 29
205 122 29
206 123 29
207 124 29
207 125 29
208 127 29
209 128 29
210 129 30
210 131 30
211 132 30
212 133 30
213 134 30
213 136 30
214 137 30
215 138 31
215 140 31
216 141 31
217 142 32
217 143 32
218 145 32
219 146 33
219 147 33
220 149 33
221 150 34
221 151 34
222 153 35
223 154 35
223 155 35
224 157 36
224 158 36
225 160 37
226 161 38
226 162 38
227 164 39
227 165 39
228 166 40
228 168 40
229 169 41
230 171 42
230 172 42
231 174 43
231 175 44
232 176 45
232 178 45
233 179 46
233 181 47
234 182 48
234 184 48
235 185 49
235 186 50
236 188 51
236 189 52
237 191 52
237 192 53
238 194 54
238 195 55
239 197 56
239 198 57
240 200 58
240 201 59
241 203 60
241 204 61
242 206 61
242 207 62
242 209 63
243 210 64
243 212 65
244 213 66
244 215 67
245 216 68
245 218 69
245 219 70
246 221 71
246 223 73
247 224 74
247 226 75
247 227 76
248 229 77
248 230 78
248 232 79
249 234 80
249 235 81
249 237 82
250 238 83
250 240 85
251 242 86
251 243 87
