62 5 23
63 5 23
65 5 23
66 4 24
67 4 24
68 4 24
70 4 24
71 4 25
72 4 25
73 4 25
75 3 25
76 3 25
77 3 25
78 3 26
80 3 26
81 2 26
82 2 26
84 2 26
85 2 26
86 2 26
87 1 26
89 1 26
90 1 25
91 1 25
92 1 25
93 0 25
95 0 25
96 0 24
97 0 24
98 0 24
99 0 24
100 0 23
102 1 23
103 1 22
104 1 22
105 2 22
106 2 21
107 3 21
108 3 20
109 4 20
110 5 19
111 6 19
111 7 18
112 8 18
113 9 17
114 10 17
115 12 16
116 13 16
116 14 16
117 15 15
118 17 15
119 18 14
119 19 14
120 20 13
121 22 13
122 23 12
122 24 12
123 25 12
124 26 11
124 28 11
125 29 10
126 30 10
126 31 9
127 32 9
127 33 9
128 35 8
128 36 8
129 37 8
130 38 7
130 39 7
131 40 7
131 41 6
132 42 6
132 43 6
133 45 5
133 46 5
134 47 5
134 48 4
135 49 4
135 50 4
136 51 4
136 52 4
137 53 3
137 54 3
137 55 3
138 56 3
138 57 3
139 58 2
139 60 2
140 61 2
140 62 2
140 63 2
141 64 2
141 65 2
141 66 1
142 67 1
142 68 1
142 69 1
143 70 1
143 71 1
143 72 1
144 73 1
144 74 1
144 75 1
145 76 1
145 77 1
145 78 1
146 79 1
146 80 1
146 81 1
146 83 2
147 84 2
147 85 2
147 86 2
147 87 2
148 88 2
148 89 3
148 90 3
148 91 3
148 92 3
149 93 4
149 94 4
149 95 4
149 96 5
149 97 5
149 98 5
150 99 6
150 100 6
150 101 7
150 102 7
150 103 8
150 104 8
150 105 9
150 106 9
151 107 10
151 109 10
151 110 11
151 111 12
151 112 12
151 113 13
151 114 14
151 115 14
151 116 15
151 117 15
151 118 16
151 119 17
151 120 17
151 121 18
151 122 18
151 123 19
151 124 20
151 125 20
151 126 21
151 127 22
151 128 22
151 129 23
151 131 23
151 132 24
151 133 25
151 134 25
151 135 26
151 136 26
151 137 27
151 138 27
151 139 28
150 140 29
150 141 29
150 142 30
150 143 30
150 144 31
150 145 31
150 147 32
149 148 33
149 149 33
149 150 34
149 151 34
149 152 35
149 153 35
148 154 36
148 155 36
148 156 37
148 157 37
147 158 38
147 159 38
147 161 39
146 162 39
146 163 39
146 164 40
146 165 40
145 166 41
145 167 41
144 168 42
144 169 42
144 171 42
143 172 43
143 173 43
142 174 43
142 175 44
142 176 44
141 177 44
141 178 45
140 180 45
139 181 45
139 182 46
138 183 46
138 184 46
137 185 46
137 186 46
136 188 47
135 189 47
135 190 47
134 191 47
133 192 47
132 193 47
132 195 48
131 196 48
130 197 48
129 198 48
128 199 48
127 201 48
126 202 48
125 203 48
124 204 48
123 205 48
122 207 47
121 208 47
120 209 47
118 210 47
117 211 47
116 213 47
114 214 46
113 215 46
112 216 46
110 218 45
108 219 45
107 220 45
105 221 44
103 223 44
101 224 43
99 225 42
97 227 42
95 228 41
93 229 40
91 230 40
88 232 39
86 233 38
83 234 37
80 236 36
77 237 35
73 238 33
70 240 32
66 241 31
62 242 29
57 244 27
52 245 25
45 246 23
