0.34562389 0.02586483 0.44469337
0.34662364 0.02856456 0.45048271
0.34758271 0.03140511 0.45625461
0.34850028 0.03439273 0.46200741
0.34937554 0.03753382 0.46773936
0.35020766 0.04082743 0.47344871
0.35099580 0.04413799 0.47913364
0.35173911 0.04745548 0.48479230
0.35243671 0.05078320 0.49042278
0.35308773 0.05412401 0.49602315
0.35369129 0.05748042 0.50159143
0.35424649 0.06085465 0.50712559
0.35475242 0.06424862 0.51262358
0.35520816 0.06766402 0.51808337
0.35561279 0.07110236 0.52350282
0.35596543 0.07456492 0.52887974
0.35626513 0.07805281 0.53421195
0.35651100 0.08156699 0.53949724
0.35670211 0.08510828 0.54473337
0.35683754 0.08867734 0.54991812
0.35691632 0.09227474 0.55504934
0.35693762 0.09590090 0.56012461
0.35690054 0.09955611 0.56514165
0.35680420 0.10324058 0.57009818
0.35664765 0.10695446 0.57499204
0.35643011 0.11069770 0.57982082
0.35615075 0.11447023 0.58458223
0.35580871 0.11827187 0.58927410
0.35540320 0.12210237 0.59389418
0.35493350 0.12596134 0.59844017
0.35439881 0.12984838 0.60290997
0.35379843 0.13376297 0.60730143
0.35313176 0.13770450 0.61161236
0.35239803 0.14167236 0.61584083
0.35159675 0.14566578 0.61998473
0.35072731 0.14968397 0.62404215
0.34978919 0.15372608 0.62801123
0.34878197 0.15779116 0.63189011
0.34770513 0.16187828 0.63567713
0.34655843 0.16598633 0.63937056
0.34534141 0.17011430 0.64296892
0.34405395 0.17426098 0.64647067
0.34269571 0.17842524 0.64987450
0.34126665 0.18260580 0.65317909
0.33976661 0.18680144 0.65638334
0.33819563 0.19101083 0.65948616
0.33655366 0.19523267 0.66248666
0.33484091 0.19946555 0.66538399
0.33305743 0.20370816 0.66817752
0.33120355 0.20795903 0.67086665
0.32927949 0.21221680 0.67345097
0.32728566 0.21648000 0.67593018
0.32522246 0.22074723 0.67830410
0.32309038 0.22501704 0.68057270
0.32088997 0.22928800 0.68273607
0.31862184 0.23355869 0.68479443
0.31628667 0.23782768 0.68674815
0.31388519 0.24209358 0.68859770
0.31141817 0.24635499 0.69034370
0.30888649 0.25061056 0.69198686
0.30629101 0.25485894 0.69352806
0.30363270 0.25909881 0.69496825
0.30091255 0.26332890 0.69630853
0.29813158 0.26754796 0.69755008
0.29529091 0.27175477 0.69869420
0.29239161 0.27594817 0.69974228
0.28943490 0.28012700 0.70069583
0.28642189 0.28429021 0.70155640
0.28335390 0.28843672 0.70232567
0.28023206 0.29256557 0.70300535
0.27705778 0.29667575 0.70359729
0.27383219 0.30076644 0.70410330
0.27055678 0.30483670 0.70452538
0.26723268 0.30888581 0.70486543
0.26386142 0.31291294 0.70512556
0.26044415 0.31691746 0.70530775
0.25698240 0.32089866 0.70541417
0.25347737 0.32485600 0.70544689
0.24993053 0.32878887 0.70540809
0.24634316 0.33269682 0.70529992
0.24271660 0.33657937 0.70512453
0.23905230 0.34043611 0.70488415
0.23535140 0.34426673 0.70458088
0.23161548 0.34807083 0.70421699
0.22784566 0.35184822 0.70379456
0.22404325 0.35559866 0.70331575
0.22020973 0.35932193 0.70278277
0.21634615 0.36301793 0.70219762
0.21245388 0.36668655 0.70156243
0.20853426 0.37032768 0.70087932
0.20458837 0.37394135 0.70015021
0.20061743 0.37752755 0.69937712
0.19662292 0.38108625 0.69856211
0.19260579 0.38461758 0.69770698
0.18856723 0.38812164 0.69681362
0.18450850 0.39159853 0.69588389
0.18043091 0.39504837 0.69491965
0.17633546 0.39847138 0.69392254
0.17222333 0.40186775 0.69289429
0.16809572 0.40523768 0.69183654
0.16395391 0.40858141 0.69075094
0.15979912 0.41189918 0.68963907
0.15563249 0.41519128 0.68850238
0.15145525 0.41845800 0.68734232
0.14726872 0.42169965 0.68616032
0.14307423 0.42491653 0.68495774
0.13887316 0.42810897 0.68373588
0.13466699 0.43127732 0.68249600
0.13045731 0.43442189 0.68123936
0.12624573 0.43754307 0.67996710
0.12203396 0.44064121 0.67868030
0.11782391 0.44371669 0.67738005
0.11361764 0.44676988 0.67606736
0.10941742 0.44980117 0.67474319
0.10522574 0.45281094 0.67340848
0.10104539 0.45579957 0.67206410
0.09687947 0.45876745 0.67071090
0.09273145 0.46171499 0.66934964
0.08860527 0.46464257 0.66798109
0.08450540 0.46755058 0.66660594
0.08043693 0.47043942 0.66522486
0.07640567 0.47330949 0.66383845
0.07241840 0.47616115 0.66244736
0.06848267 0.47899481 0.66105206
0.06460729 0.48181086 0.65965307
0.06080242 0.48460968 0.65825084
0.05707972 0.48739166 0.65684580
0.05345261 0.49015717 0.65543833
0.04993647 0.49290658 0.65402878
0.04654883 0.49564027 0.65261747
0.04330975 0.49835858 0.65120475
0.04023822 0.50106188 0.64979083
0.03738642 0.50375053 0.64837590
0.03486310 0.50642489 0.64696015
0.03266695 0.50908528 0.64554373
0.03079677 0.51173204 0.64412679
0.02925145 0.51436550 0.64270949
0.02802961 0.51698598 0.64129180
0.02713016 0.51959381 0.63987377
0.02655212 0.52218930 0.63845541
0.02629480 0.52477272 0.63703680
0.02635722 0.52734438 0.63561782
0.02673867 0.52990459 0.63419839
0.02743862 0.53245360 0.63277842
0.02845690 0.53499168 0.63135792
0.02979303 0.53751910 0.62993663
0.03144695 0.54003613 0.62851439
0.03341884 0.54254298 0.62709109
0.03570902 0.54503991 0.62566653
0.03831785 0.54752713 0.62424043
0.04122823 0.55000488 0.62281256
0.04431654 0.55247335 0.62138277
0.04756227 0.55493275 0.61995065
0.05094498 0.55738326 0.61851595
0.05444681 0.55982506 0.61707845
0.05805198 0.56225834 0.61563771
0.06174701 0.56468324 0.61419343
0.06552035 0.56709991 0.61274532
0.06936200 0.56950851 0.61129292
0.07326356 0.57190915 0.60983590
0.07721790 0.57430196 0.60837391
0.08121897 0.57668705 0.60690646
0.08526173 0.57906451 0.60543322
0.08934194 0.58143444 0.60395375
0.09345609 0.58379692 0.60246758
0.09760129 0.58615201 0.60097437
0.10177516 0.58849977 0.59947359
0.10597578 0.59084024 0.59796484
0.11020163 0.59317346 0.59644767
0.11445153 0.59549946 0.59492157
0.11872457 0.59781824 0.59338619
0.12302012 0.60012981 0.59184097
0.12733773 0.60243416 0.59028550
0.13167716 0.60473128 0.58871932
0.13603834 0.60702112 0.58714194
0.14042129 0.60930366 0.58555296
0.14482622 0.61157883 0.58395187
0.14925338 0.61384658 0.58233827
0.15370314 0.61610682 0.58071168
0.15817595 0.61835948 0.57907167
0.16267228 0.62060446 0.57741784
0.16719270 0.62284166 0.57574972
0.17173780 0.62507094 0.57406696
0.17630822 0.62729220 0.57236910
0.18090461 0.62950529 0.57065580
0.18552766 0.63171007 0.56892666
0.19017806 0.63390638 0.56718131
0.19485653 0.63609404 0.56541944
0.19956378 0.63827289 0.56364067
0.20430052 0.64044274 0.56184475
0.20906749 0.64260339 0.56003132
0.21386536 0.64475464 0.55820017
0.21869487 0.64689628 0.55635100
0.22355669 0.64902809 0.55448361
0.22845149 0.65114983 0.55259777
0.23337994 0.65326127 0.55069331
0.23834266 0.65536217 0.54877007
0.24334027 0.65745228 0.54682791
0.24837334 0.65953133 0.54486675
0.25344245 0.66159907 0.54288649
0.25854812 0.66365522 0.54088710
0.26369087 0.66569951 0.53886855
0.26887114 0.66773165 0.53683086
0.27408939 0.66975137 0.53477409
0.27934601 0.67175837 0.53269831
0.28464137 0.67375236 0.53060364
0.28997579 0.67573304 0.52849022
0.29534956 0.67770012 0.52635826
0.30076295 0.67965329 0.52420796
0.30621614 0.68159225 0.52203961
0.31170934 0.68351669 0.51985346
0.31724262 0.68542632 0.51764991
0.32281614 0.68732083 0.51542927
0.32842988 0.68919991 0.51319202
0.33408390 0.69106326 0.51093856
0.33977811 0.69291058 0.50866944
0.34551247 0.69474158 0.50638514
0.35128681 0.69655596 0.50408629
0.35710101 0.69835342 0.50177347
0.36295482 0.70013369 0.49944737
0.36884802 0.70189649 0.49710866
0.37478028 0.70364153 0.49475812
0.38075129 0.70536854 0.49239650
0.38676065 0.70707728 0.49002464
0.39280796 0.70876747 0.48764340
0.39889274 0.71043889 0.48525368
0.40501452 0.71209128 0.48285641
0.41117273 0.71372442 0.48045261
0.41736684 0.71533810 0.47804322
0.42359617 0.71693210 0.47562940
0.42986019 0.71850623 0.47321210
0.43615806 0.72006032 0.47079260
0.44248928 0.72159416 0.46837186
0.44885284 0.72310763 0.46595132
0.45524826 0.72460055 0.46353192
0.46167448 0.72607283 0.46111514
0.46813089 0.72752430 0.45870207
0.47461652 0.72895487 0.45629409
0.48113050 0.73036447 0.45389255
0.48767212 0.73175297 0.45149859
0.49424010 0.73312038 0.44911393
0.50083391 0.73446657 0.44673958
0.50745241 0.73579156 0.44437710
0.51409461 0.73709532 0.44202794
0.52075980 0.73837781 0.43969328
0.52744667 0.73963908 0.43737484
0.53415445 0.74087914 0.43507389
0.54088229 0.74209798 0.43279172
0.54762890 0.74329573 0.43053004
0.55439343 0.74447241 0.42829017
0.56117510 0.74562806 0.42607338
0.56797283 0.74676279 0.42388118
0.57478535 0.74787678 0.42171525
0.58161210 0.74897003 0.41957666
0.58845213 0.75004269 0.41746681
0.59530450 0.75109488 0.41538710
0.59745363 0.74791864 0.40849571
0.59964866 0.74471595 0.40163675
0.60188578 0.74148732 0.39481127
0.60416126 0.73823330 0.38802027
0.60647145 0.73495441 0.38126463
0.60881281 0.73165121 0.37454521
0.61118191 0.72832424 0.36786276
0.61357542 0.72497405 0.36121798
0.61599012 0.72160118 0.35461152
0.61842291 0.71820619 0.34804393
0.62087079 0.71478963 0.34151573
0.62333090 0.71135203 0.33502737
0.62580046 0.70789393 0.32857923
0.62827684 0.70441587 0.32217167
0.63075749 0.70091839 0.31580495
0.63324000 0.69740199 0.30947932
0.63572205 0.69386720 0.30319497
0.63820142 0.69031453 0.29695204
0.64067602 0.68674448 0.29075063
0.64314383 0.68315754 0.28459080
0.64560297 0.67955420 0.27847256
0.64805161 0.67593493 0.27239590
0.65048803 0.67230022 0.26636077
0.65291062 0.66865051 0.26036708
0.65531781 0.66498626 0.25441472
0.65770815 0.66130791 0.24850353
0.66008025 0.65761591 0.24263335
0.66243280 0.65391067 0.23680397
0.66476456 0.65019262 0.23101517
0.66707436 0.64646217 0.22526669
0.66936110 0.64271973 0.21955827
0.67162373 0.63896568 0.21388960
0.67386127 0.63520042 0.20826038
0.67607279 0.63142432 0.20267027
0.67825741 0.62763776 0.19711891
0.68041433 0.62384112 0.19160594
0.68254276 0.62003473 0.18613098
0.68464198 0.61621896 0.18069361
0.68671129 0.61239416 0.17529344
0.68875007 0.60856066 0.16993003
0.69075769 0.60471880 0.16460294
0.69273361 0.60086891 0.15931173
0.69467728 0.59701130 0.15405595
0.69658820 0.59314631 0.14883512
0.69846591 0.58927423 0.14364878
0.70030998 0.58539537 0.13849646
0.70211999 0.58151004 0.13337769
0.70389556 0.57761854 0.12829199
0.70563633 0.57372115 0.12323892
0.70734196 0.56981817 0.11821801
0.70901214 0.56590989 0.11322884
0.71064658 0.56199659 0.10827100
0.71224501 0.55807854 0.10334411
0.71380717 0.55415603 0.09844782
0.71533282 0.55022931 0.09358186
0.71682174 0.54629868 0.08874602
0.71827373 0.54236438 0.08394014
0.71968859 0.53842669 0.07916423
0.72106615 0.53448588 0.07441838
0.72240623 0.53054219 0.06970290
0.72370869 0.52659590 0.06501828
0.72497338 0.52264725 0.06036533
0.72620016 0.51869652 0.05574518
0.72738891 0.51474395 0.05115942
0.72853952 0.51078980 0.04661021
0.72965185 0.50683433 0.04210044
0.73072583 0.50287779 0.03764481
0.73176134 0.49892044 0.03347865
0.73275830 0.49496254 0.02964124
0.73371662 0.49100435 0.02612362
0.73463622 0.48704613 0.02291712
0.73551701 0.48308813 0.02001339
0.73635891 0.47913063 0.01740441
0.73716187 0.47517389 0.01508244
0.73792579 0.47121818 0.01304004
0.73865061 0.46726377 0.01127011
0.73933627 0.46331094 0.00976579
0.73998269 0.45935997 0.00852056
0.74058980 0.45541115 0.00752817
0.74115754 0.45146475 0.00678264
0.74168586 0.44752106 0.00627833
0.74217467 0.44358041 0.00600982
0.74262389 0.43964309 0.00597198
0.74303344 0.43570943 0.00615997
0.74340324 0.43177974 0.00656919
0.74373322 0.42785436 0.00719535
0.74402330 0.42393363 0.00803440
0.74427344 0.42001784 0.00908263
0.74448350 0.41610741 0.01033645
0.74465338 0.41220270 0.01179258
0.74478298 0.40830408 0.01344801
0.74487224 0.40441194 0.01530000
0.74492107 0.40052664 0.01734612
0.74492931 0.39664864 0.01958398
0.74489686 0.39277837 0.02201155
0.74482361 0.38891625 0.02462706
0.74470949 0.38506269 0.02742907
0.74455431 0.38121823 0.03041608
0.74435794 0.37738333 0.03358699
0.74412032 0.37355844 0.03694108
0.74384125 0.36974411 0.04047707
0.74352060 0.36594089 0.04403810
0.74315827 0.36214926 0.04759008
0.74275408 0.35836983 0.05113184
0.74230786 0.35460319 0.05466264
0.74181955 0.35084987 0.05818238
0.74128892 0.34711054 0.06169080
0.74071585 0.34338581 0.06518807
0.74010021 0.33967630 0.06867458
0.73944179 0.33598274 0.07215054
0.73874053 0.33230572 0.07561664
0.73799622 0.32864601 0.07907326
0.73720874 0.32500428 0.08252106
0.73637795 0.32138127 0.08596065
0.73550371 0.31777773 0.08939260
0.73458592 0.31419439 0.09281763
0.73362442 0.31063206 0.09623623
0.73261915 0.30709147 0.09964914
0.73156995 0.30357347 0.10305681
0.73047677 0.30007880 0.10645992
0.72933951 0.29660833 0.10985888
0.72815812 0.29316282 0.11325429
0.72693252 0.28974314 0.11664650
0.72566270 0.28635007 0.12003601
0.72434861 0.28298446 0.12342311
0.72299027 0.27964713 0.12680819
0.72158768 0.27633890 0.13019147
0.72014088 0.27306058 0.13357321
0.71864991 0.26981298 0.13695358
0.71711487 0.26659690 0.14033271
0.71553584 0.26341311 0.14371068
0.71391294 0.26026239 0.14708751
0.71224633 0.25714548 0.15046319
0.71053618 0.25406311 0.15383765
0.70878268 0.25101599 0.15721074
0.70698605 0.24800478 0.16058236
0.70514655 0.24503015 0.16395220
0.70326444 0.24209269 0.16732011
0.70134003 0.23919303 0.17068565
0.69937366 0.23633166 0.17404863
0.69736567 0.23350914 0.17740850
0.69531644 0.23072589 0.18076502
0.69322638 0.22798239 0.18411751
0.69109593 0.22527896 0.18746570
0.68892554 0.22261599 0.19080884
0.68671569 0.21999373 0.19414658
0.68446688 0.21741245 0.19747816
0.68217965 0.21487231 0.20080310
0.67985454 0.21237346 0.20412072
0.67749211 0.20991599 0.20743034
0.67509296 0.20749993 0.21073145
0.67265770 0.20512528 0.21402307
0.67018694 0.20279196 0.21730480
0.66768132 0.20049984 0.22057586
0.66514150 0.19824876 0.22383540
0.66256814 0.19603850 0.22708294
0.65996192 0.19386878 0.23031767
0.65732353 0.19173929 0.23353874
0.65465367 0.18964964 0.23674566
0.65195303 0.18759942 0.23993771
0.64922235 0.18558818 0.24311402
0.64646234 0.18361540 0.24627398
0.64367372 0.18168054 0.24941698
0.64085720 0.17978299 0.25254236
0.63801353 0.17792214 0.25564946
0.63514345 0.17609730 0.25873749
0.63224769 0.17430779 0.26180591
0.62932696 0.17255286 0.26485416
0.62638200 0.17083174 0.26788164
0.62341354 0.16914363 0.27088778
0.62042231 0.16748770 0.27387203
0.61740902 0.16586310 0.27683384
0.61437439 0.16426895 0.27977271
0.61131915 0.16270436 0.28268815
0.60824398 0.16116839 0.28557968
0.60514960 0.15966012 0.28844688
0.60203670 0.15817857 0.29128932
0.59890597 0.15672279 0.29410661
0.59575808 0.15529179 0.29689838
0.59259371 0.15388457 0.29966431
0.58941352 0.15250012 0.30240407
0.58621817 0.15113744 0.30511737
0.58300835 0.14979546 0.30780373
0.57978466 0.14847318 0.31046311
0.57654773 0.14716958 0.31309531
0.57329818 0.14588361 0.31570015
0.57003662 0.14461423 0.31827746
0.56676373 0.14336034 0.32082677
0.56348002 0.14212096 0.32334832
0.56018609 0.14089503 0.32584204
0.55688255 0.13968148 0.32830766
0.55356999 0.13847925 0.33074513
0.55024889 0.13728734 0.33315468
0.54691986 0.13610466 0.33553610
0.54358346 0.13493016 0.33788942
0.54024014 0.13376286 0.34021499
0.53689055 0.13260160 0.34251240
0.53353508 0.13144544 0.34478225
0.53017432 0.13029329 0.34702441
0.52680874 0.12914411 0.34923912
0.52343880 0.12799687 0.35142664
0.52006505 0.12685049 0.35358704
0.51668788 0.12570398 0.35572074
0.51330782 0.12455623 0.35782784
0.50992528 0.12340624 0.35990879
0.50654072 0.12225292 0.36196384
0.50315461 0.12109521 0.36399329
0.49976729 0.11993208 0.36599774
0.49637931 0.11876236 0.36797719
0.49299095 0.11758507 0.36993252
0.48960272 0.11639903 0.37186385
0.48621497 0.11520316 0.37377178
0.48282803 0.11399635 0.37565700
0.47944243 0.11277736 0.37751962
0.47605842 0.11154509 0.37936053
0.47267636 0.11029836 0.38118036
0.46929671 0.10903587 0.38297941
0.46591975 0.10775639 0.38475851
0.46254581 0.10645866 0.38651839
0.45917524 0.10514132 0.38825969
0.45580845 0.10380293 0.38998289
0.45244567 0.10244212 0.39168900
0.44908722 0.10105740 0.39337875
0.44573342 0.09964720 0.39505294
0.44238465 0.09820983 0.39671216
0.43904114 0.09674364 0.39835742
0.43570319 0.09524681 0.39998961
0.43237108 0.09371743 0.40160962
0.42904511 0.09215348 0.40321835
0.42572557 0.09055279 0.40481668
0.42241277 0.08891303 0.40640552
0.41910693 0.08723176 0.40798597
0.41580833 0.08550631 0.40955904
0.41251723 0.08373380 0.41112576
0.40923392 0.08191112 0.41268721
0.40595864 0.08003485 0.41424446
0.40269167 0.07810126 0.41579865
0.39943327 0.07610625 0.41735090
0.39618370 0.07404528 0.41890239
0.39294325 0.07191330 0.42045428
0.38971217 0.06970469 0.42200783
0.38649072 0.06741312 0.42356430
0.38327919 0.06503140 0.42512500
0.38007785 0.06255137 0.42669122
0.37688698 0.05996364 0.42826431
0.37370687 0.05725733 0.42984566
0.37053784 0.05441971 0.43143666
0.36738018 0.05143574 0.43303877
0.36423422 0.04828739 0.43465347
0.36110029 0.04495279 0.43628226
0.35797874 0.04140492 0.43792669
0.35486994 0.03762124 0.43958837
0.35177425 0.03375967 0.44126892
0.34869210 0.02984150 0.44297001
