20 20 1
20 21 1
21 22 1
22 23 1
23 24 1
23 25 1
24 26 2
25 27 2
25 28 2
26 29 2
27 30 2
27 31 2
28 32 3
28 33 3
29 34 3
30 35 3
30 36 3
31 37 4
31 38 4
32 39 4
33 40 4
33 41 5
34 42 5
34 42 5
35 43 5
35 44 6
36 45 6
36 46 6
37 47 6
37 48 7
38 49 7
38 50 7
39 51 8
39 52 8
40 53 8
40 54 8
41 55 9
41 56 9
42 57 9
42 58 10
42 59 10
43 60 10
43 61 11
44 62 11
44 63 11
44 64 11
45 65 12
45 66 12
46 66 12
46 67 13
46 68 13
47 69 13
47 70 14
47 71 14
47 72 14
48 73 14
48 74 15
48 75 15
49 76 15
49 77 16
49 78 16
49 79 16
50 80 17
50 81 17
50 82 17
50 83 17
50 84 18
50 85 18
51 86 18
51 87 19
51 88 19
51 89 19
51 90 20
51 91 20
51 92 20
51 93 21
51 94 21
51 95 21
51 96 22
51 97 22
51 98 22
51 99 23
51 100 23
51 101 24
51 103 24
51 104 24
51 105 25
50 106 25
50 107 26
50 108 26
50 109 27
49 110 27
49 111 28
49 112 28
48 113 29
48 114 29
47 115 30
47 116 31
46 117 31
46 119 32
45 120 33
44 121 34
44 122 35
43 123 36
42 124 37
42 125 39
41 126 40
41 127 42
42 128 44
42 129 45
43 130 47
45 130 49
46 131 50
47 132 52
49 133 54
51 134 55
52 134 57
54 135 58
56 136 60
57 137 62
59 138 63
61 138 65
62 139 66
64 140 67
66 141 69
67 141 70
69 142 72
71 143 73
72 144 75
74 144 76
76 145 77
77 146 79
79 147 80
81 147 82
82 148 83
84 149 84
86 150 86
87 150 87
89 151 88
90 152 90
92 153 91
93 153 92
95 154 94
97 155 95
98 155 96
100 156 98
101 157 99
103 158 100
104 158 102
106 159 103
107 160 104
109 161 106
110 162 107
112 162 108
114 163 110
115 164 111
117 165 112
118 165 114
120 166 115
121 167 116
123 168 118
124 168 119
126 169 120
127 170 122
128 171 123
130 171 124
131 172 126
133 173 127
134 174 128
136 175 130
137 175 131
139 176 132
140 177 134
142 178 135
143 178 136
145 179 138
146 180 139
148 181 140
149 182 141
150 182 143
152 183 144
153 184 146
155 185 147
156 186 148
158 187 150
159 187 151
161 188 152
162 189 154
163 190 155
165 191 156
166 191 158
168 192 159
169 193 160
171 194 162
172 195 163
173 196 165
175 197 166
176 197 167
178 198 169
179 199 170
181 200 171
182 201 173
183 202 174
185 203 176
186 203 177
188 204 178
189 205 180
191 206 181
192 207 183
193 208 184
195 209 186
196 210 187
198 211 188
199 211 190
200 212 191
202 213 193
203 214 194
205 215 196
206 216 197
208 217 199
209 218 200
210 219 202
212 220 203
213 221 205
214 222 206
216 223 208
217 224 209
219 225 211
220 226 212
221 227 214
223 228 215
224 229 217
225 230 219
227 231 220
228 232 222
230 233 223
231 234 225
232 235 226
234 236 228
235 237 230
236 238 231
238 239 233
239 240 235
240 241 236
241 242 238
243 243 239
244 244 241
245 246 243
247 247 244
248 248 246
249 249 247
250 250 249
252 251 250
253 253 252
254 254 253
255 255 255
254 254 254
253 252 252
252 251 251
251 250 249
251 248 248
250 247 247
249 246 245
248 244 244
247 243 243
246 242 241
245 241 240
244 239 239
243 238 238
242 237 236
242 235 235
241 234 234
240 233 232
240 231 231
239 230 229
238 229 228
237 227 227
237 226 225
236 225 224
235 224 223
235 222 221
234 221 220
234 220 219
233 218 217
232 217 216
232 216 215
231 214 213
230 213 212
230 212 211
229 210 209
229 209 208
228 208 207
228 207 205
227 205 204
226 204 203
226 203 201
225 201 200
225 200 199
224 199 197
224 198 196
223 196 195
223 195 193
222 194 192
221 193 191
221 191 190
220 190 188
220 189 187
219 187 186
219 186 184
218 185 183
218 184 182
217 182 181
217 181 179
216 180 178
216 179 177
215 177 175
215 176 174
214 175 173
214 174 172
213 172 170
213 171 169
212 170 168
212 169 167
211 167 165
211 166 164
210 165 163
210 164 162
209 162 161
209 161 159
208 160 158
208 159 157
207 158 156
207 156 154
206 155 153
206 154 152
205 153 151
205 151 150
204 150 148
204 149 147
203 148 146
203 146 145
202 145 144
202 144 143
201 143 141
201 142 140
200 140 139
200 139 138
199 138 137
199 137 136
198 136 135
198 134 133
197 133 132
197 132 131
196 131 130
196 129 129
195 128 128
195 127 127
194 126 126
194 125 125
193 123 123
193 122 122
192 121 121
192 120 120
191 118 119
191 117 118
190 116 117
190 115 116
189 114 115
189 112 114
188 111 113
188 110 112
187 109 111
187 107 110
186 106 109
186 105 108
185 104 107
185 103 106
184 101 105
184 100 104
183 99 103
183 98 102
182 96 101
181 95 100
181 94 100
180 93 99
180 92 98
179 90 97
179 89 96
178 88 95
177 87 95
177 85 94
176 84 93
176 83 93
175 82 92
174 80 91
174 79 91
173 78 90
172 77 90
171 76 89
171 75 89
170 73 88
169 72 88
168 71 88
167 70 88
166 69 87
165 69 87
164 68 87
163 67 87
162 66 87
160 65 87
159 65 87
158 64 87
157 63 86
156 63 86
154 62 86
153 61 86
152 61 86
150 60 86
149 60 85
148 59 85
147 58 85
145 58 85
144 57 84
143 57 84
141 56 84
140 56 84
139 55 83
137 55 83
136 54 83
135 54 82
133 53 82
132 53 82
131 52 81
129 52 81
128 51 81
127 51 80
126 50 80
124 49 80
123 49 79
122 48 79
120 48 79
119 47 78
118 47 78
116 46 77
115 46 77
114 45 77
112 45 76
111 44 76
110 44 75
108 43 75
107 43 74
106 42 74
105 42 73
103 41 73
102 41 72
101 40 72
99 40 71
98 39 71
97 39 70
96 38 70
94 38 69
93 37 69
92 37 68
90 36 68
89 36 67
88 35 67
87 35 66
85 34 65
84 34 65
83 33 64
81 33 64
80 32 63
79 32 62
78 31 62
76 31 61
75 30 61
74 29 60
73 29 59
71 28 59
70 28 58
69 27 57
68 27 57
66 26 56
65 26 55
64 25 55
63 24 54
61 24 53
60 23 52
59 23 52
58 22 51
56 21 50
55 21 50
54 20 49
53 20 48
51 19 47
50 18 46
49 18 46
48 17 45
46 17 44
45 16 43
44 15 42
43 15 42
41 14 41
40 13 40
39 13 39
38 12 38
36 11 37
35 11 36
34 10 36
33 9 35
31 9 34
