0 0 0
0 0 0
0 0 0
0 0 0
0 1 1
0 1 1
1 1 2
1 2 2
1 3 3
1 3 4
1 4 4
1 5 5
1 5 7
1 6 8
1 7 9
1 8 11
1 9 12
1 10 14
1 11 16
1 13 17
1 14 19
1 15 21
1 16 22
1 17 24
1 18 26
1 19 27
1 20 29
1 21 31
1 22 33
1 23 35
1 24 36
1 25 38
0 25 40
0 26 42
0 27 44
0 28 46
0 29 48
0 30 50
0 31 52
0 31 54
0 32 56
1 33 58
1 34 60
1 35 62
1 35 64
2 36 67
2 37 69
3 37 71
4 38 73
5 39 75
6 39 78
7 40 80
8 40 82
10 41 84
12 41 87
13 42 89
15 42 91
17 43 93
19 43 95
21 44 98
22 44 100
24 44 102
26 45 104
28 45 106
30 45 108
32 46 110
34 46 112
36 46 113
38 46 115
40 47 117
42 47 118
45 47 120
47 48 121
49 48 122
51 48 123
53 48 124
55 49 125
56 49 126
58 49 127
60 50 128
62 50 128
64 51 129
66 51 130
68 51 130
69 52 130
71 52 131
73 53 131
74 53 131
76 54 131
78 55 132
79 55 132
81 56 132
83 56 132
84 57 132
86 58 132
87 58 132
89 59 132
90 60 132
92 60 132
93 61 131
95 62 131
96 62 131
97 63 131
99 64 131
100 64 131
102 65 130
103 66 130
104 67 130
106 67 130
107 68 130
108 69 129
110 70 129
111 70 129
112 71 129
114 72 128
115 73 128
116 73 128
117 74 127
119 75 127
120 76 127
121 77 127
122 77 126
123 78 126
125 79 126
126 80 125
127 81 125
128 82 125
129 82 124
130 83 124
132 84 124
133 85 124
134 86 123
135 87 123
136 88 123
137 89 122
138 89 122
139 90 122
140 91 121
141 92 121
142 93 121
143 94 121
144 95 120
145 96 120
146 97 120
147 98 119
148 99 119
149 100 119
150 101 118
151 102 118
152 103 118
153 104 117
154 105 117
155 106 117
156 107 117
157 108 116
157 109 116
158 110 116
159 111 115
160 112 115
161 113 115
162 114 114
162 115 114
163 116 114
164 117 114
165 118 113
165 119 113
166 121 113
167 122 112
167 123 112
168 124 112
169 125 112
169 126 111
170 128 111
171 129 111
171 130 110
172 131 110
172 132 110
173 134 110
173 135 110
174 136 109
174 137 109
175 139 109
175 140 109
175 141 109
176 143 109
176 144 109
176 145 109
177 146 109
177 148 109
177 149 109
177 150 109
178 152 109
178 153 109
178 155 109
178 156 109
179 157 109
179 159 109
179 160 109
179 161 109
179 163 109
179 164 109
179 166 109
179 167 110
179 168 110
179 170 110
180 171 110
180 173 110
180 174 110
180 175 111
179 177 111
179 178 111
179 180 111
179 181 111
179 183 112
179 184 112
179 186 112
179 187 112
179 189 113
178 190 113
178 192 113
178 193 113
178 195 114
177 196 114
177 198 114
177 199 114
176 201 115
176 202 115
176 204 115
175 205 115
175 207 116
174 208 116
174 210 116
173 212 116
172 213 117
172 215 117
171 216 117
170 218 117
170 220 118
169 221 118
168 223 118
167 225 118
166 226 119
165 228 119
164 230 119
163 231 119
162 233 120
161 235 120
159 237 120
158 238 120
157 240 121
155 242 121
153 244 121
152 245 121
150 247 122
148 249 122
146 251 122
