32 2 55
33 2 56
34 2 58
36 2 59
37 2 61
38 3 62
39 3 64
41 3 66
42 3 67
43 3 69
44 3 71
46 4 72
47 4 74
48 4 76
49 4 78
51 4 79
52 4 81
53 4 83
54 4 85
55 4 87
57 4 89
58 4 91
59 4 92
60 4 94
61 4 96
62 5 98
63 5 100
64 5 102
65 6 104
66 6 106
67 7 108
67 8 110
68 9 111
69 11 113
69 12 115
70 14 116
70 16 118
71 17 119
71 19 120
72 21 122
72 22 123
72 24 124
73 25 125
73 27 126
73 29 127
74 30 128
74 32 129
74 33 130
74 35 131
75 36 132
75 38 133
75 39 134
75 41 135
75 42 135
76 43 136
76 45 137
76 46 138
76 48 139
76 49 139
76 50 140
77 52 141
77 53 142
77 54 142
77 56 143
77 57 144
77 58 145
77 59 145
77 61 146
77 62 147
78 63 148
78 64 148
78 66 149
78 67 150
78 68 150
78 69 151
78 71 152
78 72 152
78 73 153
78 74 154
78 75 154
78 77 155
79 78 156
79 79 156
79 80 157
79 81 158
79 83 158
79 84 159
79 85 160
79 86 160
79 87 161
79 88 162
79 90 162
79 91 163
79 92 164
79 93 164
79 94 165
79 95 165
79 96 166
79 98 167
79 99 167
79 100 168
79 101 169
79 102 169
79 103 170
79 104 171
80 106 171
80 107 172
80 108 172
80 109 173
80 110 174
80 111 174
80 112 175
80 113 176
80 115 176
80 116 177
80 117 177
80 118 178
80 119 179
80 120 179
80 121 180
80 122 181
80 124 181
80 125 182
80 126 182
80 127 183
80 128 184
80 129 184
80 130 185
80 131 185
80 133 186
80 134 187
80 135 187
80 136 188
80 137 188
80 138 189
80 139 189
80 141 190
80 142 190
80 143 191
80 144 192
80 145 192
81 146 193
81 147 193
81 148 194
81 150 194
81 151 195
81 152 195
82 153 196
82 154 196
82 155 196
82 156 197
83 157 197
83 159 198
83 160 198
84 161 199
84 162 199
85 163 199
85 164 200
86 165 200
87 166 200
87 167 201
88 168 201
89 169 201
90 171 202
91 172 202
92 173 202
93 174 202
94 175 202
95 176 203
96 177 203
98 178 203
99 179 203
101 180 203
102 181 204
104 182 204
105 183 204
107 184 204
109 184 204
111 185 205
112 186 205
114 187 205
116 188 205
118 189 205
120 190 206
122 191 206
124 192 206
126 192 206
128 193 207
130 194 207
132 195 207
134 196 208
136 197 208
138 198 208
140 198 209
142 199 209
144 200 210
146 201 210
148 202 211
150 203 211
152 203 211
154 204 212
156 205 212
158 206 213
160 207 213
162 208 214
164 208 215
166 209 215
168 210 216
170 211 216
172 212 217
174 213 218
175 214 218
177 214 219
179 215 219
181 216 220
183 217 221
185 218 221
187 219 222
189 220 223
191 220 224
192 221 224
194 222 225
196 223 226
198 224 226
200 225 227
202 226 228
203 227 229
205 228 230
207 229 230
209 229 231
211 230 232
213 231 233
214 232 234
216 233 234
218 234 235
220 235 236
222 236 237
223 237 238
225 238 239
227 239 240
229 240 241
230 241 241
232 242 242
234 243 243
236 244 244
238 245 245
239 246 246
241 247 247
243 248 248
245 249 249
246 250 250
248 251 251
250 252 252
252 253 253
253 254 254
255 255 255
253 254 254
252 253 252
250 252 251
249 251 249
247 250 248
245 249 246
244 248 245
242 247 243
241 246 242
239 245 240
237 244 239
236 243 237
234 242 236
232 241 234
231 240 233
229 239 231
227 238 230
226 237 228
224 236 226
223 235 225
221 234 223
219 233 222
218 232 220
216 231 219
214 231 217
213 230 216
211 229 214
210 228 212
208 227 211
206 226 209
205 225 208
203 224 206
201 223 205
200 223 203
198 222 201
197 221 200
195 220 198
193 219 197
192 218 195
190 217 193
188 217 192
187 216 190
185 215 189
183 214 187
182 213 185
180 212 184
179 212 182
177 211 181
175 210 179
174 209 177
172 208 176
170 207 174
169 207 173
167 206 171
165 205 169
164 204 168
162 203 166
161 203 164
159 202 163
157 201 161
156 200 160
154 199 158
152 199 156
151 198 155
149 197 153
147 196 151
146 196 150
144 195 148
142 194 146
141 193 145
139 192 143
137 192 141
136 191 140
134 190 138
132 189 136
131 189 135
129 188 133
127 187 131
126 186 130
124 185 128
122 185 126
121 184 124
119 183 123
117 182 121
116 182 119
114 181 118
112 180 116
110 179 114
109 179 112
107 178 111
105 177 109
104 176 107
102 176 105
100 175 104
99 174 102
97 173 100
95 173 98
93 172 96
92 171 95
90 170 93
88 169 91
87 169 89
85 168 87
83 167 85
82 166 83
80 166 81
78 165 79
77 164 78
75 163 76
73 162 74
72 162 72
70 161 70
69 160 68
67 159 65
65 158 63
64 158 61
63 157 59
61 156 57
60 155 55
59 154 52
58 153 50
57 152 48
57 151 45
56 151 43
56 150 40
56 149 38
56 147 36
57 146 33
58 145 31
59 144 29
60 143 27
61 142 26
62 141 24
63 139 23
64 138 22
65 137 22
66 136 21
66 135 20
67 133 20
68 132 20
68 131 19
69 130 19
69 129 19
70 128 19
70 126 19
71 125 19
71 124 19
71 123 19
72 122 19
72 121 19
72 120 19
72 119 19
72 117 19
72 116 19
72 115 19
73 114 19
73 113 19
73 112 19
73 111 20
73 110 20
73 109 20
73 108 20
73 107 20
72 105 20
72 104 20
72 103 20
72 102 20
72 101 20
72 100 21
72 99 21
71 98 21
71 97 21
71 96 21
71 95 21
71 94 21
70 93 21
70 92 21
70 91 21
70 90 21
69 89 21
69 88 21
69 87 21
68 86 21
68 85 21
68 84 21
67 83 21
67 82 21
67 81 21
66 80 21
66 79 21
66 78 21
65 77 21
65 76 21
64 75 21
64 74 21
64 73 21
63 72 21
63 71 21
62 70 21
62 69 20
61 68 20
61 67 20
60 66 20
60 65 20
60 64 20
59 63 20
59 62 20
58 61 19
58 60 19
57 59 19
57 58 19
56 57 19
55 56 19
55 55 18
54 55 18
54 54 18
53 53 18
53 52 18
52 51 17
52 50 17
51 49 17
50 48 17
50 47 17
49 46 16
49 45 16
48 44 16
47 43 16
47 42 15
46 41 15
46 40 15
45 39 14
44 38 14
44 37 14
43 36 14
42 35 13
42 34 13
41 33 13
40 33 12
40 32 12
39 31 12
38 30 11
38 29 11
37 28 11
36 27 10
35 26 10
35 25 9
34 24 9
33 23 9
32 22 8
32 21 8
31 20 8
30 19 7
29 18 7
28 17 7
27 16 6
